-1.7528e-05	-3.47718e-06	7.05639e-05	1000
0.679693	-0.211091	0.565616	1
0.596557	0.822865	-0.604629	1
-0.329115	0.535814	-0.443877	1
0.10549	-0.0442415	0.252036	1
-0.270284	0.0268007	0.90362	1
0.831746	0.271173	0.434285	1
-0.716436	0.213667	-0.96672	1
-0.514006	-0.725039	0.607983	1
-0.686169	-0.197976	-0.739897	1
-0.782089	0.997408	-0.563268	1
0.0257695	0.67702	0.22492	1
-0.406134	0.273935	0.0484588	1
-0.012639	0.944843	-0.414864	1
0.54188	0.05341	0.539048	1
-0.199476	0.782292	-0.433034	1
-0.294915	0.615075	0.837467	1
-0.860095	0.898213	0.0518992	1
-0.827322	-0.615208	0.326337	1
0.780083	-0.302095	-0.871242	1
-0.959516	-0.0845468	-0.873446	1
-0.523205	0.940834	0.804195	1
0.701021	-0.46616	0.0793985	1
-0.248834	0.518638	0.0250104	1
0.335213	0.0631595	-0.920665	1
-0.12469	0.863314	0.861151	1
0.441244	-0.430845	0.476398	1
0.279023	-0.29094	0.374541	1
-0.667585	-0.119696	0.759664	1
0.657797	-0.339047	-0.54164	1
0.785945	-0.299018	0.373059	1
0.912207	0.177041	0.314408	1
0.71691	-0.120953	0.847599	1
-0.20281	0.628626	0.36796	1
0.821331	-0.0350098	-0.567899	1
0.900154	0.83993	-0.704437	1
0.761193	0.281915	-0.135879	1
0.238921	-0.437264	0.571165	1
-0.384178	-0.10604	-0.546664	1
-0.62406	-0.447055	0.11292	1
-0.16683	-0.660368	0.813061	1
-0.79317	-0.747406	-0.00911624	1
0.52075	0.969072	0.8698	1
0.368074	-0.233229	0.498712	1
-0.262262	-0.411052	-0.534673	1
0.168812	-0.510756	-0.694505	1
0.463993	-0.748513	0.586584	1
-0.671443	0.48986	-0.85052	1
0.899758	-0.894549	0.0431163	1
-0.647176	-0.519533	0.595183	1
0.464987	0.312808	0.934315	1
0.27872	0.519121	-0.812375	1
-0.729756	0.0404924	-0.843089	1
-0.85958	-0.590338	-0.0771377	1
0.638589	0.146444	0.510605	1
-0.895882	-0.684253	0.999604	1
-0.591081	0.779529	-0.74869	1
0.995242	-0.891567	0.740879	1
-0.855099	-0.991312	0.845868	1
0.187312	-0.638918	-0.673339	1
-0.216468	0.825401	0.639003	1
-0.278062	0.103666	0.156823	1
-0.0947145	0.374402	-0.799906	1
0.0615447	0.513486	-0.390574	1
0.983952	0.153877	0.754895	1
0.495345	0.257661	-0.92847	1
0.49541	0.666126	0.850334	1
0.746262	0.661828	0.958479	1
0.48747	0.806427	0.966782	1
0.333228	-0.00547811	-0.671043	1
0.65976	0.777617	-0.845644	1
0.298749	-0.502827	0.258574	1
-0.540997	0.400717	-0.365779	1
-0.342299	-0.5368	-0.851052	1
0.265684	-0.551597	0.301823	1
0.021141	0.942271	-0.439504	1
0.0921328	0.438136	-0.772491	1
-0.0570023	0.184947	0.887752	1
-0.0980468	-0.326873	0.694439	1
-0.130868	-0.992833	-0.309918	1
0.196795	0.665801	-0.531671	1
0.346931	-0.03369	-0.0356577	1
-0.389717	0.423766	-0.634235	1
0.243443	-0.917461	-0.171886	1
0.390876	0.34688	0.27454	1
-0.305326	-0.62977	0.217948	1
0.253702	0.460397	-0.342501	1
0.48061	-0.595294	0.841292	1
0.368859	0.305661	-0.48458	1
0.0648282	-0.823911	-0.478681	1
0.754368	0.372036	-0.811997	1
-0.776574	-0.276457	0.15334	1
0.185896	0.332101	-0.421173	1
0.55075	-0.422719	-0.340266	1
-0.620342	0.968434	-0.992483	1
0.654243	-0.33679	-0.623052	1
-0.126966	0.916656	0.837533	1
0.5294	0.397852	-0.757128	1
0.370877	-0.231994	0.547359	1
0.885796	0.832264	0.723617	1
-0.59226	0.586653	0.0960102	1
-0.405247	0.80947	0.818904	1
0.746869	-0.00365172	0.152207	1
-0.674113	-0.45191	0.7287	1
-0.0152005	-0.0726351	0.696652	1
-0.00807968	-0.417348	-0.638271	1
0.368033	0.454728	-0.721252	1
0.205867	-0.01528	0.674939	1
0.448207	-0.642928	-0.555804	1
-0.00290491	-0.756954	-0.723044	1
-0.278941	-0.350118	0.863021	1
0.816333	0.244064	0.673196	1
0.635151	-0.00786279	-0.32949	1
-0.210056	0.315704	0.216404	1
-0.481952	-0.697093	-0.854393	1
-0.78351	0.294125	-0.272544	1
-0.423244	-0.337061	-0.817004	1
-0.145199	0.86808	0.167002	1
-0.468366	0.31711	0.522861	1
-0.0251063	-0.684928	0.765525	1
0.250723	0.0353506	-0.582992	1
0.114707	-0.147711	0.658805	1
-0.210791	-0.510314	-0.347272	1
0.458446	0.277281	0.968938	1
-0.32333	0.794711	-0.727411	1
-0.178329	-0.988561	0.566306	1
0.548395	-0.41234	-0.770137	1
0.730737	0.441805	-0.90118	1
-0.101726	0.972229	0.4156	1
-0.577821	-0.0521958	0.729775	1
-0.811731	-0.800439	-0.234076	1
-0.396002	0.313899	0.617446	1
-0.736408	-0.896725	-0.89283	1
-0.0843844	0.560709	0.383499	1
-0.114852	-0.76087	0.179204	1
0.152367	0.0580026	0.184386	1
-0.275957	-0.391053	0.776813	1
-0.046763	-0.6592	0.219132	1
0.0505531	0.233907	0.189152	1
-0.532471	0.659248	-0.859377	1
-0.801952	0.847121	-0.66042	1
-0.0364654	-0.548532	0.652894	1
-0.418004	-0.285392	0.755908	1
-0.311096	0.628936	0.317904	1
-0.926753	-0.484842	0.556286	1
0.251674	0.671353	-0.383299	1
-0.557397	-0.603257	0.224705	1
-0.779959	0.348948	0.564175	1
0.438323	-0.598459	-0.197368	1
-0.368189	-0.131373	-0.537102	1
-0.228173	0.0655855	-0.689454	1
0.110723	-0.970075	-0.239399	1
-0.235173	-0.388375	0.473839	1
-0.47767	0.298457	0.10431	1
0.83861	0.371769	0.619245	1
0.394836	-0.375238	0.291219	1
-0.987422	0.0659394	0.687498	1
0.234455	0.282615	0.0368331	1
-0.197922	-0.274835	0.436369	1
0.603303	0.355389	-0.693763	1
-0.933772	-0.872551	0.371416	1
-0.6239	0.237587	0.400108	1
0.135667	-0.997335	-0.988186	1
-0.388848	-0.475972	0.310222	1
0.714735	-0.637229	-0.317098	1
0.334349	0.757268	0.306327	1
-0.37328	0.769536	-0.627079	1
-0.685036	0.00701466	0.657354	1
0.351126	0.807805	-0.617414	1
-0.21073	0.411709	0.737058	1
0.0947891	0.477282	0.864172	1
-0.533437	0.8526	0.102748	1
0.865868	-0.0111861	0.105089	1
0.877805	0.599036	0.628029	1
0.188909	0.31421	0.989831	1
0.871212	-0.35076	0.748296	1
0.177839	0.274806	0.517383	1
0.550375	0.589312	-0.474014	1
0.20841	-0.0587485	-0.664896	1
0.590698	0.729775	0.745703	1
0.326725	-0.173954	0.222612	1
0.191773	0.28798	0.0762344	1
-0.703077	0.158063	-0.933541	1
0.401256	0.0361959	0.664261	1
0.0300767	-0.773643	-0.0203131	1
0.0206844	-0.902344	0.628346	1
-0.228348	0.272551	-0.0947342	1
-0.711321	-0.173336	-0.505497	1
-0.18636	-0.964401	0.434993	1
0.147161	0.624666	0.164913	1
-0.106456	-0.0452573	0.989525	1
-0.882161	-0.85112	0.281497	1
0.194324	-0.554203	-0.559786	1
0.260303	0.846353	0.475552	1
-0.0741054	-0.122655	0.699997	1
0.905032	0.897514	0.7979	1
0.532845	-0.332088	0.0733531	1
-0.56148	-0.0449112	0.898931	1
-0.0676569	0.76824	0.934021	1
-0.631806	-0.0838414	0.559942	1
0.532584	0.809019	-0.484531	1
0.522948	0.926395	-0.336155	1
-0.189206	0.117825	0.105611	1
0.243867	-0.616719	-0.0439545	1
-0.279563	0.307488	0.832252	1
-0.578141	0.212911	0.730268	1
-0.779866	-0.252724	-0.601586	1
0.291724	0.184536	0.351529	1
0.192515	-0.881428	0.121661	1
0.127188	-0.514503	-0.961542	1
-0.312184	-0.981408	0.847027	1
0.202638	0.540861	0.773794	1
0.865985	-0.653428	-0.103968	1
-0.0245488	0.589236	0.27749	1
0.930886	-0.688984	-0.414022	1
0.763929	-0.267768	0.798484	1
0.494298	-0.0483063	-0.453128	1
0.893024	-0.755177	0.731135	1
0.246108	0.43695	0.848394	1
-0.631362	-0.435245	-0.665219	1
-0.593486	0.25199	-0.646968	1
-0.746359	-0.544681	0.893372	1
-0.971891	-0.678127	-0.759745	1
-0.07623	0.296803	0.829578	1
-0.79776	0.228178	-0.858567	1
-0.205388	-0.00689305	-0.122573	1
-0.413382	-0.511508	0.824226	1
0.132283	-0.618287	-0.929989	1
-0.136174	0.627081	0.506157	1
-0.287155	0.995281	-0.928135	1
0.0470303	-0.596989	0.323034	1
0.399245	-0.344428	0.777929	1
0.293257	-0.316795	-0.89898	1
0.532899	0.60608	0.39709	1
0.363585	0.807646	-0.373895	1
0.504428	-0.403741	0.618112	1
-0.621677	0.18213	-0.892601	1
-0.796627	-0.685105	-0.511424	1
-0.727283	0.178133	-0.883595	1
0.778851	0.890661	-0.887668	1
0.849758	-0.0618327	-0.485727	1
0.173763	-0.66118	0.168945	1
-0.0470964	0.630841	0.851442	1
0.0529788	0.163789	0.456742	1
-0.548913	-0.471014	0.266896	1
0.0762731	-0.966175	0.862644	1
-0.304319	-0.587398	0.0452321	1
-0.197431	-0.38447	0.358753	1
0.289366	-0.112916	-0.460513	1
0.405847	-0.333775	-0.570197	1
0.517669	-0.483144	0.36674	1
-0.967263	0.690018	0.704575	1
0.200749	-0.355592	0.334869	1
0.0536266	0.69525	-0.499065	1
-0.487222	-0.852825	0.0287637	1
0.778641	0.222548	0.0619871	1
0.642333	0.917396	0.473298	1
-0.311884	-0.279946	-0.911411	1
-0.951817	-0.989378	-0.0254878	1
-0.413802	0.416004	0.639657	1
0.0147995	-0.0649989	-0.842542	1
-0.617637	-0.0327877	0.846192	1
-0.912806	-0.830873	-0.510097	1
0.422359	0.222309	-0.813565	1
0.922706	0.734694	-0.667584	1
-0.0480768	0.51382	0.554226	1
-0.985377	0.157062	0.472716	1
0.487239	0.844842	-0.806797	1
0.57497	0.892451	-0.796648	1
-0.449871	-0.520916	0.61897	1
-0.80933	0.493151	-0.445274	1
-0.653087	0.874931	0.521475	1
-0.806415	0.961846	0.690304	1
-0.315561	0.383353	-0.086503	1
-0.130631	0.306613	-0.350426	1
0.200755	-0.739642	-0.83704	1
-0.243741	-0.72524	0.319431	1
-0.770614	0.760886	0.164846	1
-0.57712	0.335916	0.0576736	1
-0.375093	0.885838	0.536119	1
-0.755501	-0.922982	0.0298799	1
-0.200918	-0.575477	-0.0944414	1
-0.6788	-0.383089	-0.13229	1
-0.988646	0.299434	-0.747285	1
-0.0760092	-0.830976	0.560155	1
0.57143	0.368164	0.819491	1
0.734153	-0.874366	-0.905328	1
0.054409	-0.64539	0.855082	1
-0.780049	-0.223856	0.192165	1
0.27542	0.398765	0.0784356	1
-0.186373	0.643623	0.155088	1
0.842609	-0.556274	0.578233	1
-0.251377	-0.236041	-0.804191	1
0.615285	-0.225198	0.493964	1
0.867986	0.69823	0.662664	1
0.427069	0.269259	0.0321688	1
0.244417	0.00473667	0.154558	1
0.343499	-0.940425	0.511641	1
0.199219	-0.72138	-0.711621	1
-0.60779	0.55445	0.688071	1
0.470105	-0.631229	0.333152	1
-0.373891	-0.788461	0.77644	1
-0.794783	-0.0404537	-0.458995	1
-0.599784	-0.424094	0.31477	1
0.893352	-0.555794	0.0137838	1
0.556637	0.872313	-0.715556	1
-0.409272	0.121583	0.288032	1
0.746373	-0.533814	0.34778	1
0.258488	0.664512	0.62549	1
0.546269	-0.942455	0.180747	1
0.234832	0.526852	0.548215	1
-0.43119	-0.845996	0.759668	1
-0.654053	-0.641558	-0.280195	1
-0.112952	-0.240619	0.292672	1
-0.798128	-0.348396	0.738466	1
0.215021	-0.791046	0.611165	1
0.49814	-0.201852	-0.265703	1
-0.210763	-0.454039	0.19865	1
-0.863082	0.802716	-0.135494	1
0.761637	0.349289	-0.0786091	1
-0.0566069	-0.414428	-0.550263	1
-0.506841	0.153151	-0.39692	1
-0.747083	0.498467	-0.0396086	1
-0.0282184	-0.614569	0.717144	1
-0.732701	-0.413402	-0.630455	1
-0.993924	0.801255	-0.422354	1
0.616388	0.300598	0.374599	1
-0.649019	-0.910226	0.919009	1
0.549852	-0.773606	0.722184	1
-0.584868	0.987671	0.072082	1
0.335297	-0.068231	0.656036	1
0.783868	0.423468	-0.189275	1
-0.612663	0.675646	-0.690228	1
0.346339	-0.351309	-0.304736	1
0.0639305	-0.0838532	0.275472	1
0.431625	-0.0793527	0.0818516	1
-0.987811	-0.462436	-0.616513	1
0.385941	-0.111557	-0.526209	1
0.305685	-0.560751	-0.300887	1
0.028271	-0.14532	-0.30916	1
-0.89868	-0.811046	0.618515	1
0.757654	0.972837	0.0424273	1
-0.430974	-0.639019	-0.281202	1
-0.121904	0.706589	0.365812	1
0.571829	-0.227223	-0.718756	1
-0.146614	-0.792159	0.200582	1
0.934835	-0.781171	0.737912	1
-0.680815	0.604732	-0.373336	1
-0.200561	-0.0851701	0.0622176	1
0.489935	0.939764	0.917103	1
-0.822683	-0.958692	-0.89357	1
0.795477	0.798826	-0.920214	1
-0.161529	-0.631728	-0.559715	1
0.556367	0.24545	-0.852134	1
-0.0730333	-0.172611	-0.0759779	1
0.20327	0.669887	0.126448	1
-0.594982	0.605905	0.344856	1
-0.857061	0.924571	-0.0495771	1
-0.230863	-0.283394	0.860916	1
0.833417	-0.793179	0.801421	1
0.750884	-0.616201	0.842354	1
0.857001	-0.820312	0.641707	1
0.936462	0.0174726	-0.990103	1
-0.622596	-0.425168	0.254863	1
-0.476041	0.497116	-0.926451	1
0.443173	-0.298805	0.74337	1
-0.428376	0.105233	0.349351	1
0.914667	0.247821	0.275495	1
-0.134143	-0.982491	0.99167	1
-0.272432	0.850433	-0.800989	1
-0.470245	0.601464	-0.417493	1
-0.627233	0.458905	-0.23833	1
-0.985616	0.396017	0.778665	1
-0.976257	0.772443	-0.646373	1
0.278237	-0.703157	0.850255	1
0.351104	0.739452	-0.447843	1
0.0953512	-0.689036	0.65669	1
-0.553661	-0.773535	-0.0945784	1
0.720391	0.0914269	-0.0773478	1
0.713225	0.818503	-0.22655	1
0.911805	-0.651469	-0.624366	1
-0.50533	-0.279507	0.83414	1
0.254171	-0.264065	0.229641	1
0.0336442	-0.234002	0.00353633	1
0.387954	-0.963337	0.299999	1
0.237703	0.38517	0.040204	1
0.789869	-0.51687	0.350422	1
0.447211	-0.0711258	0.575571	1
-0.645913	-0.349259	-0.331587	1
0.275553	-0.635302	-0.512422	1
-0.950319	-0.723472	-0.164616	1
-0.574859	-0.229201	0.555097	1
-0.740594	-0.973446	-0.709759	1
0.488117	0.0608373	0.0473426	1
-0.505349	-0.549931	0.0834721	1
0.7937	0.687896	-0.528884	1
-0.165118	0.47704	-0.0460176	1
-0.814658	-0.0732024	0.881916	1
0.760746	0.279989	-0.466754	1
-0.569669	-0.443341	-0.102966	1
-0.0830536	-0.392354	0.171982	1
0.751474	0.029609	0.943113	1
0.307301	0.288745	0.969268	1
0.596105	-0.220208	0.031009	1
-0.354416	0.272787	0.47943	1
0.727319	0.0672272	0.168319	1
-0.800363	0.901356	-0.35239	1
0.152849	-0.912582	0.574096	1
0.0353924	0.847269	-0.145247	1
0.567797	-0.721759	0.410357	1
-0.534708	0.194123	-0.983598	1
0.636787	-0.0538014	0.0453966	1
0.581783	-0.745918	-0.664801	1
0.551434	0.850354	0.113758	1
-0.416873	-0.503674	-0.612305	1
-0.936308	-0.775388	0.454422	1
0.23151	-0.575397	0.355714	1
0.878779	0.576205	0.442906	1
0.452613	-0.387242	0.29083	1
-0.69142	-0.819237	0.568747	1
0.718052	-0.354244	-0.23651	1
0.734174	-0.716057	0.708979	1
-0.219808	0.865057	0.962455	1
0.114443	0.416929	0.813421	1
-0.771217	-0.99941	-0.690003	1
-0.384297	-0.936081	-0.465553	1
-0.929137	0.294869	-0.0421653	1
0.425489	0.174068	-0.464779	1
-0.129484	-0.36938	0.145338	1
-0.838497	-0.0637138	0.326176	1
0.729354	-0.344551	0.971282	1
-0.5067	-0.609754	-0.744071	1
-0.797151	0.17004	-0.878671	1
-0.834334	-0.714924	0.537932	1
0.978536	-0.486819	0.538039	1
-0.710423	0.128326	0.601112	1
-0.173059	0.194287	-0.101049	1
0.780496	-0.374824	-0.928474	1
-0.684196	0.494009	-0.300563	1
0.461042	0.654772	0.635071	1
-0.211915	0.384559	-0.708448	1
-0.240094	0.877151	-0.319172	1
0.0152852	-0.919411	0.850252	1
0.136195	-0.754227	-0.864365	1
-0.325498	-0.77486	-0.351553	1
-0.787027	-0.48643	0.776277	1
0.813165	0.336128	-0.0247746	1
-0.288714	0.117079	0.599198	1
-0.217388	0.430561	0.0942309	1
0.479254	-0.105779	-0.24919	1
0.116357	0.681187	-0.864531	1
0.406929	-0.558357	-0.986613	1
-0.911822	0.456377	-0.906633	1
0.937924	-0.407081	-0.661355	1
-0.925717	0.266877	-0.436963	1
-0.277265	0.478034	0.0757508	1
-0.50095	0.293322	-0.58683	1
0.473557	-0.995025	0.52963	1
0.0709011	-0.20496	-0.0360581	1
-0.830923	-0.732585	0.855628	1
-0.0811072	0.382773	0.53655	1
0.053602	-0.209198	0.978157	1
0.0661492	-0.12094	0.433161	1
0.15945	-0.183042	-0.970901	1
0.496456	-0.109296	0.294565	1
-0.938795	0.611986	-0.22494	1
0.136782	-0.888772	-0.930992	1
0.549081	0.584364	-0.926476	1
0.0784524	-0.338017	-0.1394	1
-0.957783	-0.172371	0.126275	1
0.896965	0.745853	-0.490018	1
0.433653	-0.199566	0.299573	1
0.413937	0.86593	-0.820758	1
-0.129411	0.0222876	-0.00363116	1
-0.122012	-0.47589	0.885524	1
-0.826185	-0.415345	0.498234	1
-0.0518041	0.720441	0.608758	1
0.0166901	0.266592	0.191238	1
0.089345	-0.649908	0.852012	1
0.948445	-0.608626	-0.319805	1
0.0752684	-0.710868	-0.573221	1
0.584662	0.722958	0.225919	1
-0.107484	0.129025	0.0868284	1
0.0643394	0.986648	-0.881301	1
-0.939141	-0.134998	-0.357631	1
0.945449	0.0380814	0.226381	1
0.44436	0.985564	-0.0522014	1
0.0539734	0.00289475	-0.780797	1
-0.751704	-0.906799	-0.431991	1
-0.899205	-0.957896	-0.0410154	1
-0.216827	0.115682	0.244413	1
0.204609	-0.294623	-0.02874	1
-0.566798	0.5875	-0.891076	1
0.525012	-0.347601	-0.903921	1
0.64261	-0.287172	-0.0395032	1
-0.713906	-0.341231	0.997941	1
0.512081	-0.8963	0.984296	1
-0.538403	0.157036	-0.0122465	1
-0.320573	0.403936	0.080084	1
0.245225	0.504338	0.121758	1
-0.794786	-0.713267	-0.7605	1
0.451414	0.492277	-0.0585405	1
-0.576543	0.925675	-0.470656	1
-0.467436	0.450675	0.180966	1
-0.372533	0.0951143	0.892801	1
0.586827	0.380592	-0.447236	1
0.584878	-0.10649	-0.343728	1
0.570386	0.353969	0.812924	1
-0.441397	-0.96795	0.218271	1
0.637799	0.277004	-0.275364	1
-0.238388	0.480768	0.0108396	1
-7.00198e-05	-0.0651744	-0.493897	1
0.940834	0.357587	-0.569585	1
-0.529252	0.889064	0.881307	1
0.651047	-0.482895	-0.0230273	1
0.545175	-0.895481	-0.641804	1
-0.901798	0.689651	0.251082	1
-0.245803	0.259788	-0.394147	1
-0.433388	0.818401	-0.363953	1
0.784321	0.457629	0.91279	1
-0.490864	-0.780666	0.395275	1
0.519	0.218538	-0.669304	1
-0.975965	0.159971	0.687448	1
-0.546036	0.630041	0.576765	1
-0.664429	0.282137	-0.905802	1
0.311896	-0.172055	-0.801499	1
0.669796	-0.0745904	0.887162	1
-0.0786251	0.677389	0.148164	1
0.525255	-0.754345	-0.0324353	1
-0.83812	-0.970013	-0.574535	1
-0.924587	-0.461292	-0.355827	1
0.470093	-0.941553	0.862353	1
0.799967	-0.918017	0.022793	1
0.487488	-0.46417	-0.346147	1
0.065213	-0.129529	0.934917	1
0.158851	-0.816531	-0.236221	1
0.356535	0.852219	0.688604	1
0.24343	-0.225126	0.366095	1
-0.606807	-0.699813	0.612279	1
0.360024	-0.538211	0.641654	1
0.785245	-0.463596	-0.818847	1
-0.570253	-0.993144	-0.760954	1
-0.707422	0.80645	-0.679426	1
0.313292	0.293216	-0.143758	1
0.96795	-0.639621	0.725585	1
0.903763	0.518947	0.908105	1
-0.332006	-0.123992	0.760366	1
-0.643111	-0.879188	-0.464533	1
0.723571	-0.486337	-0.164833	1
0.336685	0.872749	0.296138	1
-0.0209459	0.658533	0.832062	1
0.159805	-0.910824	0.838573	1
0.398348	-0.618471	0.645236	1
0.718427	0.695498	-0.0593352	1
-0.425257	0.663409	0.300676	1
-0.699162	0.568061	-0.179821	1
-0.791017	-0.763377	0.695617	1
0.969383	-0.406965	0.815901	1
-0.494612	-0.682378	-0.670242	1
0.339842	0.653725	-0.796593	1
-0.36331	-0.366431	0.861323	1
-0.530888	0.792974	0.950336	1
-0.691565	0.191765	-0.667783	1
0.953191	-0.0888724	-0.971755	1
-0.105641	0.484669	0.691437	1
-0.804435	0.784961	0.260698	1
0.0150626	0.993454	0.496833	1
-0.288864	0.963853	-0.909791	1
-0.4723	-0.530494	-0.592414	1
-0.143339	0.808757	-0.938242	1
0.0593923	-0.553309	-0.30477	1
-0.0779662	-0.0851516	-0.509907	1
-0.127532	0.221864	0.678659	1
0.203174	0.174874	-0.407593	1
0.231684	-0.92965	-0.92374	1
-0.0757985	-0.73443	0.860741	1
-0.814534	0.280072	0.854942	1
0.681864	0.990877	0.819144	1
0.771638	-0.481257	-0.711254	1
-0.820382	0.37488	-0.90212	1
-0.758991	-0.565095	-0.456785	1
-0.0647721	0.355187	0.456085	1
0.422501	-0.770859	-0.320281	1
0.102584	0.432223	0.854346	1
0.692983	-0.335446	0.924844	1
0.768727	0.588247	-0.809234	1
0.629975	0.773027	0.470365	1
0.485229	0.454955	0.46131	1
0.304982	0.227632	0.979592	1
0.592816	0.406275	0.355038	1
0.690719	0.647014	0.78966	1
-0.765217	-0.417235	0.146062	1
0.69095	-0.994257	0.374475	1
-0.628035	0.107672	-0.192523	1
-0.773321	-0.198802	0.471107	1
-0.847984	-0.429515	0.0599567	1
-0.657935	-0.79887	-0.166482	1
0.811894	0.686089	-0.710739	1
0.273345	-0.0084724	0.515184	1
0.25329	-0.412994	-0.0762145	1
-0.389842	-0.723302	-0.428875	1
-0.599384	-0.48917	0.15297	1
0.545636	-0.797942	0.158288	1
-0.0793887	-0.427367	-0.733054	1
0.726598	-0.201592	0.0671667	1
0.198797	-0.05046	0.636271	1
-0.740572	0.290845	0.837518	1
0.0922111	0.102954	0.522508	1
0.381056	-0.622007	-0.483679	1
-0.101767	0.630489	0.100891	1
0.82097	-0.757934	0.377017	1
-0.607507	-0.358243	0.88673	1
0.545074	-0.812118	-0.910891	1
-0.294641	0.107553	-0.337618	1
-0.0299773	-0.163363	0.456912	1
-0.962534	-0.964647	-0.591446	1
0.674262	-0.705556	0.699063	1
0.511544	0.385856	-0.196977	1
0.0361677	-0.22736	0.176527	1
0.552241	0.66545	-0.188008	1
-0.345166	0.486222	0.0534291	1
-0.968741	0.879487	0.694836	1
0.917772	0.42494	0.882279	1
-0.992621	-0.871009	-0.00918278	1
-0.331938	0.098401	0.825977	1
-0.872738	0.135514	0.861264	1
-0.464512	-0.189717	-0.843441	1
-0.765181	-0.676938	0.542239	1
0.0371982	0.359135	-0.688556	1
-0.782399	-0.08767	0.976097	1
0.0288876	0.565137	0.463557	1
-0.916883	0.596658	0.343844	1
0.776945	0.514736	-0.230696	1
0.659541	0.521474	-0.102155	1
-0.348833	-0.809831	0.995832	1
-0.521755	-0.682615	0.131856	1
-0.660211	-0.148089	0.941433	1
-0.504233	0.0863009	-0.734467	1
-0.961699	-0.876108	0.624206	1
-0.651137	-0.658869	-0.463027	1
-0.67454	0.369498	-0.896758	1
0.78885	0.452037	0.699362	1
0.131691	0.226966	0.212082	1
0.901726	-0.109783	-0.262862	1
-0.199143	0.539549	-0.0728933	1
-0.203282	-0.980317	0.243292	1
0.928182	-0.641362	-0.90451	1
0.869693	-0.146027	0.181346	1
-0.86374	-0.108135	0.304839	1
0.759325	0.239978	0.645372	1
-0.702869	0.564727	0.0155501	1
-0.600132	0.35431	-0.531633	1
-0.900535	-0.511651	0.697505	1
0.313439	-0.608571	-0.411578	1
-0.948798	0.190907	-0.870472	1
-0.0225262	0.987106	-0.851545	1
-0.778807	0.915601	-0.493298	1
-0.683486	0.786152	0.360183	1
0.497407	0.921486	-0.747707	1
-0.197154	0.681005	0.49165	1
-0.551567	0.977661	0.0575395	1
0.463398	-0.622165	-0.587222	1
0.931098	-0.523243	-0.0996874	1
0.629136	0.789681	0.290724	1
-0.782057	0.840675	-0.517906	1
-0.652751	-0.181348	-0.530007	1
-0.504591	0.039218	-0.613725	1
0.00141165	0.355014	-0.827025	1
-0.637912	-0.147028	-0.905289	1
-0.385932	0.654997	0.775443	1
-0.893515	-0.895869	0.753903	1
0.163285	0.567257	-0.867653	1
0.574851	0.498845	-0.391462	1
-0.523685	0.128772	-0.600945	1
0.766102	0.346437	-0.760356	1
-0.750987	0.692798	0.0577916	1
-0.281996	-0.811465	-0.902498	1
0.102816	0.188656	0.450504	1
0.275251	0.550841	-0.694211	1
0.369461	-0.834519	0.960177	1
0.145485	-0.728632	-0.935052	1
-0.100139	0.433917	0.631143	1
0.0251781	0.00793923	0.105163	1
0.639184	0.485284	-0.739234	1
-0.961468	0.252014	0.606597	1
-0.721988	0.50028	0.299926	1
0.33488	-0.78078	0.48798	1
0.43119	0.321181	-0.321407	1
-0.115258	-0.40229	-0.769907	1
0.189685	0.966437	-0.605379	1
0.149096	0.111417	-0.331549	1
0.214688	-0.987222	-0.899872	1
-0.142665	0.040754	0.102194	1
0.977493	-0.316588	-0.404368	1
-0.76114	-0.2786	0.847061	1
0.844521	-0.00142534	0.347961	1
0.145299	-0.665698	0.566349	1
-0.365855	0.76501	-0.111115	1
0.31107	-0.348888	0.48519	1
0.540534	0.839624	0.452934	1
0.934417	-0.00943476	-0.434061	1
-0.399155	-0.793924	-0.421756	1
-0.299051	0.0521476	0.620468	1
0.809663	0.0302075	-0.694726	1
-0.593146	0.268153	0.026036	1
-0.746268	0.114126	-0.974844	1
0.60079	-0.740218	-0.641685	1
0.168094	-0.106688	-0.875003	1
-0.942518	-0.794741	-0.225308	1
0.542799	0.745177	-0.385013	1
-0.00384533	0.680214	0.604777	1
0.561667	-0.718329	0.810247	1
-0.85927	-0.0182108	-0.137052	1
0.760921	-0.20782	0.892504	1
-0.932973	0.197414	0.161689	1
0.092256	0.450154	-0.723658	1
0.11662	0.0517678	-0.462637	1
0.474878	-0.778993	0.428219	1
0.599004	-0.722218	0.633065	1
-0.625811	0.819922	0.378795	1
-0.0105185	-0.170464	0.0556751	1
-0.405608	-0.620442	0.340828	1
-0.594993	-0.480906	-0.676516	1
0.267103	-0.718846	0.11487	1
0.160734	-0.652903	-0.686788	1
-0.677318	0.438509	0.76278	1
-0.40108	-0.443263	-0.184213	1
0.133156	-0.968216	0.0357214	1
-0.437684	0.629841	0.31268	1
-0.804655	-0.995294	0.133562	1
0.573816	-0.0071471	0.949798	1
-0.36584	0.586351	-0.6702	1
0.974707	0.991127	-0.152003	1
-0.700883	0.258593	0.127897	1
0.412588	-0.579861	0.474047	1
0.724513	-0.257956	-0.0864853	1
0.48809	0.339263	0.468418	1
-0.695363	-0.526666	0.499779	1
0.336318	0.0342723	0.129074	1
-0.344903	0.228318	0.133774	1
0.786124	-0.196193	-0.872088	1
0.736663	0.437435	0.713841	1
-0.933374	0.412524	0.705492	1
-0.0857763	0.709603	-0.0351863	1
-0.957134	0.1238	0.383996	1
0.51635	-0.150499	-0.87344	1
-0.569538	-0.661319	0.465328	1
0.898746	-0.357526	0.938205	1
0.399122	0.981522	-0.0267646	1
-0.469964	-0.364605	-0.796416	1
0.663525	-0.57773	0.00679469	1
0.791254	-0.841108	-0.555398	1
0.505736	-0.77488	0.856747	1
0.211177	0.138482	0.566673	1
-0.822792	0.180897	-0.307788	1
0.559912	-0.301888	0.540738	1
0.686061	0.127666	0.879093	1
0.151316	0.0270357	-0.47601	1
0.0906241	-0.573048	-0.495266	1
-0.935185	-0.0440757	0.139035	1
-0.732473	-0.379769	0.560474	1
0.27362	-0.587933	0.718756	1
0.718035	0.917273	0.943806	1
0.573873	0.128869	0.0827475	1
0.143323	0.305325	-0.735073	1
0.834451	-0.133658	-0.0381729	1
0.376573	-0.447016	-0.90982	1
0.25586	0.703652	0.116454	1
0.777562	-0.20437	0.542358	1
-0.716785	-0.140769	-0.501099	1
0.419235	0.125747	0.117842	1
-0.0175113	-0.598977	0.529534	1
-0.29797	-0.880752	0.447417	1
-0.353686	0.693393	-0.422717	1
0.728473	-0.162369	0.882012	1
0.992197	-0.326802	-0.251027	1
-0.0453462	-0.949428	0.301352	1
0.0435011	0.300918	0.00626062	1
-0.838729	0.0844407	0.801393	1
0.702792	0.366533	-0.338339	1
-0.797442	-0.211322	0.787408	1
0.320499	0.770529	-0.811394	1
-0.149119	-0.526704	-0.692568	1
-0.701453	0.118735	-0.998431	1
-0.12088	-0.147805	-0.156604	1
-0.241367	-0.15917	0.510014	1
0.506482	0.794573	0.560856	1
-0.187309	-0.157063	-0.129657	1
0.814041	0.000135525	0.951379	1
0.615405	-0.295887	0.318386	1
-0.721922	-0.0941065	-0.892191	1
-0.934154	-0.773324	0.877954	1
-0.745757	0.0771084	-0.648581	1
-0.438976	0.374932	0.469051	1
-0.438636	-0.748591	-0.682383	1
0.396837	0.00876565	0.156563	1
-0.0886563	-0.482297	-0.0470003	1
-0.527458	0.323582	0.79142	1
0.337137	0.137375	-0.206334	1
0.290838	-0.244734	0.494705	1
-0.389287	0.032351	-0.597337	1
-0.281268	0.0975121	-0.369792	1
-0.403918	0.351164	0.704477	1
-0.0532892	0.910967	0.0807433	1
-0.583023	-0.526321	0.331264	1
-0.266331	0.872083	-0.659234	1
0.890362	-0.216239	-0.143864	1
-0.155883	0.255509	-0.819298	1
-0.363213	-0.403954	0.317537	1
0.428055	0.886264	-0.926566	1
-0.0756575	-0.501227	0.105047	1
0.325509	0.214044	-0.795931	1
0.953549	0.809629	0.554529	1
0.658214	-0.243075	0.466272	1
-0.259949	0.172819	0.938889	1
-0.928192	0.906277	0.812046	1
-0.587645	0.797271	-0.403873	1
0.267809	-0.357991	0.850843	1
0.447154	0.277328	-0.552325	1
-0.233657	-0.293731	-0.665591	1
-0.160702	0.6287	-0.169318	1
0.94405	-0.0443578	-0.955183	1
-0.851695	-0.0903578	0.854128	1
0.701954	-0.430818	-0.38866	1
0.168838	0.308366	0.783331	1
0.108593	0.379661	0.689846	1
-0.0789034	0.791313	0.488038	1
0.516596	0.0600621	-0.869214	1
0.368089	-0.491259	0.40725	1
0.815088	0.273841	-0.885812	1
-0.850905	-0.886748	0.743502	1
-0.020673	-0.941956	-0.300355	1
0.0238395	-0.794422	0.608599	1
-0.121637	0.906943	-0.821887	1
0.488601	0.0762194	0.485551	1
0.27328	-0.814019	-0.133405	1
-0.035356	0.105029	-0.337651	1
-0.546991	-0.376518	0.718128	1
-0.417084	0.991384	-0.773165	1
0.990147	0.807029	0.500426	1
-0.895349	0.955951	0.613253	1
0.847444	-0.0643404	0.670304	1
-0.452427	0.959055	0.875321	1
-0.842908	-0.162127	0.782663	1
-0.665271	-0.672186	-0.140474	1
0.819912	0.600431	0.044507	1
-0.312833	-0.434622	-0.848522	1
0.343019	0.0176297	-0.224288	1
0.0640829	0.599169	-0.23368	1
0.290376	0.590334	-0.426292	1
-0.208658	0.694736	-0.470012	1
-0.594823	0.543	0.464768	1
-0.924323	-0.908623	0.424431	1
0.950615	-0.752353	-0.737256	1
0.733106	-0.418146	-0.409694	1
-0.406448	-0.597498	-0.808807	1
0.636794	0.0889514	-0.243774	1
0.788383	-0.565114	0.773158	1
-0.436587	0.498237	0.373476	1
0.3258	-0.208487	-0.034599	1
0.901201	0.580613	-0.33933	1
-0.56852	0.985148	-0.795822	1
0.896117	-0.93883	-0.704971	1
0.320879	-0.987585	-0.457558	1
0.583058	0.745207	0.123755	1
-0.826106	-0.660622	0.525788	1
-0.635693	0.976688	-0.384819	1
0.119634	0.764881	0.0497495	1
-0.106571	-0.670379	-0.450844	1
-0.732185	0.657011	0.338138	1
0.231742	0.557802	-0.0804852	1
0.892457	0.990114	-0.0951796	1
-0.902772	0.886582	-0.034314	1
-0.607101	0.20759	-0.0223617	1
-0.0654697	-0.205991	-0.273462	1
-0.941653	-0.035103	0.0626341	1
0.582295	0.328203	0.0396341	1
-0.800896	-0.550976	-0.194106	1
0.246745	0.339891	0.133619	1
0.796368	0.608795	-0.207905	1
0.135071	-0.158081	-0.647585	1
-0.944856	-0.265569	-0.657958	1
-0.0405491	-0.168717	-0.770378	1
0.924321	0.222401	0.436292	1
-0.0973971	-0.843225	-0.771467	1
0.625276	-0.785651	0.19285	1
-0.31154	0.796619	-0.477463	1
0.727739	0.995243	-0.0294212	1
-0.465855	0.243759	-0.686775	1
0.667985	0.0408884	0.921188	1
-0.539392	-0.823115	-0.236522	1
-0.188332	-0.768516	0.49729	1
0.152976	0.189889	-0.670139	1
0.381113	0.11495	0.550256	1
-0.181549	-0.98166	0.70723	1
0.0464502	0.643163	0.920707	1
-0.760171	-0.667858	0.718226	1
-0.238468	-0.939642	0.713977	1
0.730965	-0.405903	-0.0415969	1
-0.955303	-0.737805	0.998958	1
0.965632	-0.277659	-0.824109	1
-0.270377	0.533172	-0.592952	1
-0.772379	-0.312944	0.596219	1
-0.443984	-0.930582	-0.28801	1
-0.892184	-0.112706	-0.270209	1
0.814322	0.933352	-0.62667	1
0.735552	-0.826257	-0.294845	1
0.452819	-0.0652928	-0.234205	1
0.168452	-0.332347	0.35712	1
-0.872171	-0.289116	0.620212	1
-0.873018	-0.322961	-0.656864	1
-0.697602	0.405996	0.875974	1
-0.291281	0.632631	-0.436111	1
-0.694586	-0.81045	-0.36764	1
0.016869	-0.703119	0.518961	1
0.746078	-0.888784	0.452945	1
-0.880081	0.846459	0.626169	1
-0.174864	0.300292	-0.43762	1
0.588802	-0.529271	0.227177	1
-0.0519081	-0.402722	0.937456	1
-0.43044	-0.275651	-0.384204	1
-0.0885118	0.0257594	-0.977949	1
-0.211926	0.733719	0.654042	1
0.351204	-0.960255	0.843294	1
0.983067	0.0561026	-0.859921	1
0.50248	-0.197259	-0.748784	1
-0.0439033	-0.0777107	-0.901793	1
-0.417314	0.7461	0.398194	1
0.143171	0.336156	0.867782	1
-0.629007	-0.715091	-0.533734	1
-0.690196	-0.146751	0.189434	1
-0.0762085	0.764067	-0.784059	1
-0.05495	-0.44721	0.948943	1
-0.400335	0.903361	0.988605	1
-0.55644	0.886643	0.0452735	1
-0.416761	0.389772	0.847099	1
-0.166241	-0.652829	-0.229622	1
-0.0688884	-0.0714132	-0.481347	1
-0.670478	-0.927913	0.852946	1
-0.801724	-0.557447	-0.86197	1
-0.333738	-0.247108	-0.00918816	1
0.852928	0.674455	-0.244666	1
-0.930335	-0.379852	0.307423	1
-0.980504	0.219278	0.211092	1
-0.991726	0.66234	0.0984538	1
0.0529009	-0.753695	-0.511046	1
-0.0938298	0.0747191	-0.15619	1
0.670445	-0.989721	0.76279	1
-0.812161	-0.660636	0.83437	1
-0.958865	-0.462699	-0.722571	1
-0.820772	0.200767	0.0282241	1
0.166946	0.0538611	-0.293292	1
0.92342	0.12347	0.322786	1
0.230891	0.141624	-0.455762	1
-0.55657	0.149745	-0.794216	1
0.541247	-0.79673	-0.549003	1
-0.96929	0.103437	0.529543	1
-0.134926	-0.225289	0.538319	1
-0.371937	-0.0382905	0.878129	1
-0.536732	0.00247363	-0.583357	1
-0.260012	0.180281	0.615883	1
0.767144	-0.649827	-0.328337	1
-0.528853	-0.725712	0.79441	1
0.793217	0.505283	-0.0630135	1
-0.663302	0.948507	-0.912901	1
-0.458036	0.489972	-0.709839	1
-0.00771338	0.51942	0.392274	1
-0.477485	-0.614515	-0.832263	1
-0.937253	0.0127512	0.128721	1
0.940438	0.475287	-0.868512	1
-0.642724	-0.784401	0.311706	1
0.973542	0.98251	0.661374	1
-0.354562	-0.545952	0.934847	1
-0.559514	-0.751732	0.440913	1
0.376391	-0.415143	0.389299	1
0.461833	0.125157	-0.119136	1
0.753225	-0.881466	-0.598965	1
0.145627	-0.357522	-0.212714	1
0.313431	-0.297591	0.798082	1
-0.556676	-0.356556	0.273937	1
-0.425455	-6.50094e-05	0.488373	1
0.884758	-0.0262305	0.471837	1
0.546759	0.618746	0.925425	1
0.482278	-0.940485	-0.826092	1
-0.0760611	0.434373	-0.24125	1
-0.685995	-0.0998751	0.882903	1
0.193832	-0.346181	-0.997766	1
0.594232	0.799542	-0.358005	1
-0.618348	0.113658	0.343537	1
-0.820225	0.556094	0.986717	1
0.453445	-0.869298	-0.012892	1
-0.056868	-0.984163	0.960373	1
-0.584178	0.562068	0.579329	1
-0.658262	0.0446999	0.638413	1
-0.485056	0.967861	0.0750137	1
0.272446	-0.717563	0.974637	1
0.155673	0.474929	-0.370346	1
0.157191	0.0704964	-0.569486	1
0.798851	0.45101	0.54247	1
0.143176	0.629509	0.0989996	1
0.127494	0.0824977	0.223429	1
-0.882129	-0.971793	0.244359	1
-0.921095	-0.556624	-0.193006	1
0.657756	-0.215473	0.851253	1
0.296582	0.298969	0.819577	1
-0.627692	-0.428028	-0.897055	1
-0.652445	0.727339	0.578127	1
-0.0237323	-0.113525	-0.347217	1
0.404584	-0.315098	-0.898841	1
-0.0524154	0.827554	0.730894	1
-0.952532	-0.0413497	-0.183932	1
0.271645	0.0750332	-0.154041	1
-0.478467	0.153952	0.286042	1
0.326681	-0.187463	-0.928096	1
0.178552	-0.889902	0.370134	1
-0.00110466	-0.518328	0.941436	1
0.101444	-0.170807	0.668531	1
-0.31983	0.80365	-0.44478	1
0.327173	0.208124	0.238619	1
0.429211	-0.842351	0.0679918	1
0.160764	-0.796057	-0.972754	1
0.976121	0.478911	0.102768	1
-0.179503	0.998747	-0.742471	1
-0.891998	0.325882	0.0696462	1
