-0.00176679	-0.00034849	0.00712296	1e+08
-4554.53	1414.03	-3790.22	1
-1812.23	-2499.66	1836.57	1
3633.7	-5915.03	4900.56	1
-23988.5	10046.5	-57280.4	1
1619.3	-160.484	-5415.78	1
-4494.56	-1465.58	-2346.62	1
1969.63	-587.883	2658.27	1
2070.99	2922.03	-2450.08	1
3175.99	916.345	3424.74	1
1463.46	-1866.5	1054.01	1
-356.963	-9360.1	-3109.06	1
17033.5	-11487	-2028.22	1
58.7558	-4327.46	1899.14	1
-6062.23	-597.493	-6029.97	1
1305.57	-5123.44	2835.47	1
1177.31	-2455.49	-3343.64	1
2237.89	-2337.15	-135.221	1
3291.54	2447.41	-1297.92	1
-2223.28	860.904	2483.05	1
2186.57	192.695	1990.34	1
1078.77	-1939.88	-1657.83	1
-5837.01	3881.16	-661.357	1
6530.91	-13619.9	-656.026	1
-1782.7	-335.941	4896.92	1
339.81	-2353.05	-2347.48	1
-4692.77	4581.35	-5066.19	1
-8398.9	8757.26	-11271.9	1
3182.13	570.604	-3620.82	1
-4295.08	2213.59	3536.14	1
-5082.85	1933.53	-2412	1
-4864.68	-944.669	-1676.42	1
-2590.02	436.427	-3061.49	1
2361.61	-7319.12	-4283.55	1
-4144.95	176.593	2866.11	1
-1572.57	-1467.35	1230.59	1
-6874.2	-2545.03	1227.54	1
-2760.5	5053.54	-6601.46	1
6238.52	1716.12	8874.36	1
6726.1	4816.72	-1214.98	1
703.786	2784.75	-3428.79	1
3082.35	2904.44	35.3872	1
-942.076	-1753.23	-1573.29	1
-6375.16	4037.46	-8633.05	1
3483.1	5458.96	7100.56	1
-1253.99	3793.43	5159.26	1
-1970.73	3179.39	-2491.3	1
2005.65	-1463.33	2540.48	1
-2205.12	2192.21	-105.641	1
3058.47	2455.33	-2812.96	1
-1809.02	-1217.38	-3634.32	1
-1388.05	-2585.17	4046.14	1
2642.25	-146.253	3052.37	1
3784.26	2598.65	339.447	1
-5609.92	-1286.65	-4485.11	1
1299	992.069	-1449.58	1
1586.79	-2092.79	2010.02	1
-1381.64	1237.71	-1028.43	1
1115.15	1292.9	-1103.15	1
-1113.31	3789.8	3994.22	1
898.897	-3427.84	-2653.24	1
36127.6	-13457	-20365.7	1
680.714	-2689.69	5746.61	1
-1135.29	-9481.42	7211.84	1
-2529.33	-395.519	-1940.38	1
-1959.02	-1019.08	3672.68	1
-1482.88	-1994.14	-2545.5	1
-1407.88	-1248.58	-1808.3	1
-990.693	-1639.03	-1965.03	1
-3986.6	65.491	8027.44	1
-1420.43	-1674.1	1820.69	1
-5743.27	9665.87	-4967.26	1
6054.32	-4484.25	4093.37	1
1434.21	2249.65	3566.97	1
-4200.4	8722.75	-4770.44	1
-95.5764	-4215.85	1966.88	1
-651.353	-3097.61	5463.21	1
382.431	-1241.04	-5958.71	1
1065.19	3551.52	-7545.47	1
571.753	4337.17	1353.77	1
-1481.56	-5013.37	4003.37	1
-39751	3862.33	4092.13	1
3122.49	-3395.33	5082.01	1
-1365.2	5145.26	963.932	1
-9536.86	-8464.03	-6697.79	1
3900.35	8045.84	-2783.49	1
-5162.03	-9366.56	6967.2	1
-1643.16	2035.07	-2876.54	1
-5862.68	-4859.14	7702.46	1
-374.59	4761.41	2765.49	1
-2371.92	-1169.83	2553.41	1
6633.42	2361.73	-1308.68	1
-5097.78	-9109.07	11551.9	1
-5998.04	4602.81	3705.34	1
876.655	-1368.65	1402.73	1
-3674.61	1891.46	3499.61	1
327.483	-2365.19	-2160.4	1
-2618.29	-1967.89	3745.06	1
-5418.79	3388.26	-7999.73	1
-1560.81	-1466.48	-1274.99	1
5046.62	-4999.05	-817.84	1
1118.5	-2234.29	-2260.28	1
-8487.16	42.1282	-1729.29	1
2613.5	1752.1	-2825.35	1
221.967	1061.12	-10189.8	1
91.1581	4735.27	7242.5	1
-2313.89	-2858.78	4534.62	1
-2943.14	216.3	-9651.71	1
-2544.21	3650.86	3154.38	1
12.934	3321.08	3172.19	1
1527.74	1917.85	-4728	1
-3206.87	-958.522	-2644.31	1
-8719.13	107.589	4523.04	1
12577.8	-18905.1	-12959.9	1
1388.39	2008.48	2461.6	1
5786.04	-2171.98	2012.55	1
2264.14	1803.08	4372.08	1
1016.73	-6078.85	-1169.2	1
5158.86	-3491.75	-5758	1
116.578	3177.72	-3551.44	1
-4906.59	-691.668	11407.2	1
-1800.61	2308.56	-10321	1
3818.6	9244.37	6290.83	1
-1698.28	-1026.64	-3590.01	1
1142.51	-2808	2570.44	1
584.494	3240.43	-1855.98	1
-2515.36	1891.4	3532.43	1
-1916.03	-1158.45	2363.17	1
427.042	-4081.77	-1744.49	1
3591.01	324.252	-4535.78	1
2588.09	2552.15	746.346	1
3925.4	-3111.21	-6120.56	1
1166.95	1421.04	1414.98	1
1323.59	-8791.74	-6012.38	1
1171.54	7768.68	-1828.24	1
-48434.1	-18416	-58541.8	1
1829.42	2592.97	-5150.08	1
696.731	9824.59	-3265.02	1
-8696.42	-40168.6	-32491.5	1
1520.76	-1883.14	2454.69	1
1665.66	-1759.34	1371.64	1
295.636	4442.72	-5288.52	1
2796.13	1908.99	-5056.67	1
3425.26	-6925.52	-3499.96	1
2800.51	1464.84	-1680.62	1
-2357.41	-6290.18	3590.34	1
4545.02	4919.54	-1831.78	1
3657.35	-1636.3	-2645.19	1
-4877.35	6659.42	2196.02	1
6315.56	2260.91	9216.1	1
2960.56	-851.128	8947.03	1
-548.495	4806.15	1186	1
4182.74	6907.48	-8427.33	1
12751.3	-7966.18	-2784.75	1
-3111.28	-1379.09	-2297.06	1
-8420.94	8003.89	-6209.41	1
2834.05	-189.086	-1973	1
-23075.7	-27799.2	-3607.04	1
5890.75	8178.12	-12985	1
-3171.96	-1868.23	3647.15	1
1982.66	1852.48	-788.293	1
6660.44	-2536.35	-4270.68	1
-240.995	1772.47	1756.19	1
5992.76	7336.45	-4780.64	1
-3506.28	3126.63	1555.72	1
-2448.27	-5545.07	-2242.92	1
1574.83	-3246.39	2645.37	1
4029.62	-40.6671	-3866.21	1
-1419.36	-3265.88	2495.96	1
1610.38	-3146.08	-5632.48	1
-488.481	-2462.8	-4457.31	1
2599.18	-4154.46	-501.017	1
-6567.53	84.7505	-796.555	1
-2342.25	-1598.26	-1675.56	1
-807.931	-1344.04	-4234.72	1
-2527.07	1017.31	-2170.24	1
-3892.57	-6015.06	-11322	1
-3386.42	-3626.04	2916.66	1
-3065.15	864.404	9780.1	1
-1721.28	-2126.68	-2172.91	1
-20205.7	10755.4	-13761.9	1
-21270.2	-31960.8	-8463.5	1
2153.62	-483.936	2860.24	1
-4306.29	-389.046	-7129.11	1
-325.627	8381.41	220.493	1
-78.21	3412.08	-2375.61	1
22654.7	-27037.6	9403.84	1
5085.18	1241.59	3613.25	1
756.241	3914.04	-1764.98	1
-2542.66	-10793.6	-2851.75	1
541.772	230.295	-5037.17	1
2224.3	2145.98	-709.539	1
-1832.29	5224.83	5277.84	1
-1290.38	-4195.93	-2357.36	1
1022.79	1691.56	-9652.63	1
-1320.13	-1309.19	-1163.88	1
-10599.8	6606.9	-1458.59	1
2365.95	189.102	-3789.23	1
191.056	-2170.38	-2638.89	1
5211.07	691.457	-4617.67	1
-2109.11	-3204.13	1918.88	1
-1893.67	-3355.07	1217.18	1
59693.6	-37168.7	-33294.1	1
-4175.58	10560.5	753.287	1
1748.28	-1923.05	-5205.32	1
3337.5	-1229.09	-4215.69	1
3733.87	1209.89	2880.11	1
-12200.7	-7718.43	-14701.6	1
-1284.58	5882.05	-811.65	1
-483.27	1955.14	3654.6	1
658.856	2071.28	-1787.61	1
-1133.45	-3024.93	-4326.94	1
-3365.35	2539.4	404.044	1
444.967	-10698.4	-5037.33	1
-2511.34	1858.71	1116.91	1
-2613	915.923	-2730.76	1
-8178.06	799.003	7496.95	1
-1700.49	1437.92	-1392.25	1
-1294.61	-2297.89	-4461.32	1
3038.35	2093.77	3200.87	1
3921.76	-1665.3	4274.79	1
1761.82	1285.74	-2109.14	1
1738.05	1212.64	1358.64	1
554.867	-2160.36	-6038.76	1
2354.35	-673.781	2533.05	1
70542.4	2369.5	42101.5	1
1774.24	2195.53	-3537.72	1
-467.622	2185.93	3288.44	1
1255.61	-5782.9	-4667.96	1
532.404	-1846.06	1721.36	1
-750.52	9531.25	-5156.53	1
-2421.18	2089.09	-4718.39	1
-1488.27	1608.04	4563.18	1
-3687.84	-4194.33	-2747.72	1
-2059.78	-4576.36	2117.96	1
-3552.59	2843.26	-4353.12	1
2330.93	-683.014	3347.66	1
2508.79	2157.4	1610.55	1
2353.7	-576.534	2859.05	1
-1195.72	-1367.46	1362.78	1
-4535.38	330.114	2592.15	1
-2502.51	9524.49	-2432.73	1
199.269	-2659.02	-3590.35	1
-2271.6	-7044.59	-19647.6	1
6030.32	5175.79	-2931.81	1
-175.022	2215.95	-1978.32	1
5247.37	10129.1	-778.859	1
5589.14	10884.9	-10155.1	1
-8467.54	3305.77	13475.9	1
-4381.86	3603.79	6156.49	1
-5138.84	4795.46	-3639.37	1
1832.97	-1307.5	-1335.12	1
-6830.52	12101.7	-11385.7	1
-428.041	-5551.92	3985.08	1
2585.1	4525.67	-152.516	1
-7315.69	-2090.88	-582.4	1
-1794.28	-2562.77	-1321.97	1
1554.86	1395.6	4544.64	1
1836.56	1909.02	49.1628	1
3185.53	-3203.19	-4924.01	1
-123.445	541.939	7026.26	1
2699.43	142.831	-3698.47	1
1917.33	1745.09	1071.36	1
-2533.94	-1333.68	4881.25	1
-1853.4	-1475.55	1340.78	1
556.648	-5954.28	-6422.31	1
3682.01	-587.109	-1765.95	1
-1205.05	-2089.3	1995.48	1
-1230.64	-1910.01	1705.01	1
2856.08	3307.47	-3929.98	1
3547.43	-2161.36	1951.61	1
1851.22	-2480.28	-1478.16	1
1366.79	-1630.42	-1170.09	1
12335.9	-14983	3385.32	1
5773.8	-13556.5	15491.7	1
-690.966	2544.17	2879.08	1
2153.02	6406.75	-2821.41	1
2949.02	-2911.86	-630.657	1
9634.63	-5608.96	-962.503	1
1412.39	-3335.91	-2018.64	1
2234.25	2729.82	-88.3006	1
4300.41	12317.6	2022.09	1
6915.7	3902.16	1348.02	1
2391.78	-724.388	1807.63	1
377.106	4120.91	-2777.4	1
-2377.8	-1535.86	-3411.47	1
-1180.73	1406.23	1456.04	1
-220.553	2630.42	-3485.86	1
6771.15	1942.23	-1668.04	1
-11634.8	-16840.7	-3313.12	1
2880.96	-9946.91	-2396.39	1
-2688.65	1774.83	-1844.79	1
1889.18	1773.74	6044.67	1
-5608	2051.87	-4502.98	1
-1997.16	-1606.59	-1524.67	1
-16507.9	-10408.6	-1242.41	1
-48956.2	-943.042	-30951.6	1
-1215.06	3327.02	-1809.75	1
-910.427	3296.29	3251.17	1
2478.6	-2261.05	-2806.08	1
-3791.62	5091.38	-2686.18	1
1178.95	2486.53	-2448.77	1
5161.54	262.414	2980.39	1
5915.39	4181.55	-3105.55	1
-3858.71	2400.53	-59.6945	1
-1402.4	-2197.55	1802.36	1
15011.8	-4458.78	-10562.4	1
-3976.62	2845.02	-1852.95	1
-1525.28	-3921.14	-3690.53	1
-2040.47	3520.58	-674.979	1
-2346.27	-5263.21	-5476.09	1
1203.86	2362.1	-2120.79	1
3745.23	3673.54	1604.56	1
9075.73	19326.5	-23506.5	1
2695.45	1176.48	-2493.79	1
-1012.46	3724.48	-2877.29	1
-11603	4703.35	6189.23	1
6764.18	14570.1	-6372.96	1
2596.39	-2414.68	407.721	1
-6433.28	-2950.59	664.005	1
862.683	6313.74	8382.63	1
8794.84	-2657.24	6886.52	1
5177.86	-3454.16	274.801	1
168.617	3668.47	-4281.08	1
3173.61	1790.43	2730.48	1
2044.72	-1648.25	868.796	1
-6502.65	-3170.89	-3951.26	1
1065.81	1494.93	-1509.54	1
-1628.07	2290.87	-2138.33	1
1931.97	-3261.44	-238.348	1
-4164.25	847.323	-8148.2	1
-5223.39	-2821.3	1261.27	1
2058.57	-2269.99	2319.04	1
-8915.54	9043.9	7845.34	1
-12071	15874.9	-52112	1
-24193	4450.14	-4584.65	1
2519.81	1179.53	1572.44	1
-6686.11	1932.94	9115.83	1
-4370.25	8017.44	4301.44	1
-3464.05	17761.9	37769.3	1
1788.48	1614.01	-1230.77	1
-2024.66	-2599.61	-113.582	1
3929.07	5825.91	2563.64	1
1176	-6819.47	-3529.35	1
-3399.47	1350.6	4272.23	1
1290.18	6967.01	-1763.76	1
-1612.36	1347.14	-1272.4	1
3595.53	-3193.71	1971.65	1
80223.8	34076.2	-24872.4	1
-887.888	-1703.4	-1662.51	1
1097.67	1279.12	1192.25	1
-1284.41	-1289.69	1485.85	1
1281.77	5012.54	4441.02	1
-2440.53	-1076.45	3737.73	1
39954.2	94433	41564.8	1
-2840.25	-9358.97	-1766.37	1
3891.3	-3962.64	-2255.06	1
2139.9	-2309.02	123.987	1
1420.29	1743.39	-5298.59	1
-1508.41	1435.7	-1450.69	1
-1770.47	1452.89	-1986.37	1
-1746.98	1672.28	-1307.85	1
-1848.77	-34.7416	1954.87	1
6219.13	4245.33	-2543.83	1
1556.19	-1625.23	3029.23	1
-2907.76	1959.64	-4876.72	1
12058.7	-2959.93	-9836.32	1
-4790.52	-1298.46	-1442.31	1
242.782	1777.34	-1794.02	1
792.55	-2474.2	2330.53	1
3594.12	-4596.53	3190.49	1
5879.48	-4301.43	2233.81	1
2160.02	-867.854	-1706.44	1
1765.14	-1396.53	1168.64	1
-949.475	2399.42	-2901.51	1
-2176.1	-4583.37	2775.84	1
-548.508	3962.95	-3777.03	1
3191.02	4458.89	545.066	1
-9305.38	-1180.88	999.453	1
-2629.64	-3017.91	835.194	1
-2165.09	1546.83	1482.47	1
2435.7	1347.13	-4021.05	1
-15657.2	16269.6	-14140.3	1
-11926.8	83121.2	-1258.71	1
-1545	3836.82	-1194.54	1
-12639.5	-20491.9	-2128.42	1
-3894.55	2547.25	-1727.03	1
-5728.72	910.74	-7372.22	1
6218.07	3361.93	3191.96	1
-2169.99	5003.77	4035.66	1
2723.22	2072.87	471.621	1
5038.49	2008.85	-4865.06	1
1305.98	1716.83	1252.12	1
-20232	-2521.4	-1959.64	1
5992.71	6521.99	-988.699	1
-2452.6	-2125.57	1634.21	1
6344	-18341.8	1773.16	1
2350.55	210.861	-2545.17	1
-4679.93	-1722.11	2871.2	1
7394.56	5754.62	1337	1
4974.06	23531	-10314.5	1
-2149.85	-84.9243	-2698.21	1
-1309.19	-1230.46	-4129.37	1
-11632.1	4296.58	-604.836	1
6322.68	-4866.46	-8552.88	1
-8690.52	-804.45	-2011.31	1
2026.94	-2282.68	892.264	1
-595.501	3555.43	-2236.22	1
-279.893	-6697.95	1148.24	1
-2808.84	3570.13	-2029.45	1
1832.1	-665.295	3371.36	1
-12168.8	1027.9	-866.754	1
-1890.46	2425.14	2162.41	1
-2616.23	-4034.94	-539.631	1
2920.7	3529.42	4291.2	1
2146	1776.94	-1041.28	1
-3184.36	7919.13	-4895.24	1
-2979.36	-1953.48	-1501.3	1
-7812.82	6681.99	-5016.12	1
1942.34	2301.84	-1597.69	1
-6212.4	3064.46	2046.32	1
-1900.73	1853.54	-1835.14	1
486.673	-1915.34	-2131.07	1
-737.96	-2687.11	-5241.96	1
1289.89	1671.54	1153.7	1
1398.26	3406.59	1694.15	1
5035.4	-1597.9	228.849	1
-7655.92	-3131.2	8362.09	1
8862.98	25254.8	-9930.69	1
5754.64	436.305	-2238.85	1
-1816.88	858.339	-2419.78	1
1983.36	2386.47	2912.23	1
2325.72	-495.58	2562.8	1
2287.13	1959.96	-1474.29	1
-2717.62	1351.82	-1493.98	1
4315.16	-779.843	-3650.54	1
38388.1	-43093.7	22428.9	1
-1912.42	918.492	2275.2	1
4792.01	-3459.62	2105.15	1
-2173.73	-3087.21	-2994.22	1
1842.63	-3343.81	6160.42	1
1349.9	-4932.83	1794.38	1
-38.8832	2348.05	-2171.43	1
-443.685	2459.34	2818.17	1
2167.37	5161.2	2341.12	1
2243.36	1386.41	-2212.71	1
-6002.06	-2480.53	182.264	1
4714.47	-1911.61	-9783.15	1
9162.04	-18154.1	-3976.79	1
-14404	3182.36	7489.55	1
-431.515	-2526.96	3207.14	1
-1169.42	1604.57	2835.34	1
1794.15	-898.029	1783.84	1
-2608.03	1131.84	1838.83	1
3934.69	-1134.26	1857.14	1
8010.88	-13811.3	-2191.87	1
4485.04	-2626.6	5253.88	1
-1300.63	2732.96	-1454.48	1
-30894.2	89188.6	15748.1	1
1511.9	1333.09	-1556.99	1
1392.68	-6571.6	-9212.62	1
-268.45	1047.54	-4898.07	1
-3514.51	6425.26	-23017.3	1
-800.439	919.029	4875.48	1
-12288.1	2703.27	-7289.27	1
3160.57	-2060.15	757.269	1
-315.858	2053.69	2151.17	1
-1498.22	-1594.51	2528.23	1
-7417.9	31980.8	13190.2	1
5101.96	918.31	-672.333	1
-2220.62	-1846.42	1212.94	1
-12153.7	5591.87	-8393.82	1
-1030.45	-2156.44	2043.9	1
211927	-36458.6	6066.05	1
591.658	2306.66	-4292.17	1
3587.99	1803.46	-2163.09	1
309.524	-4303.01	-3635.38	1
-2281.25	-36864.4	-26426.5	1
-363.003	2629.48	-3447.21	1
-2964.87	1902.4	999.585	1
-492.537	4652.77	3751.97	1
-3360.68	-4155.48	-1298.55	1
70512	-84738	-56967.6	1
-138.767	-2125.54	1898.61	1
4534.37	651.772	1726.71	1
-5167.94	-208.048	-1237.01	1
-1763.11	-3909.59	207.41	1
-566.555	-31.0366	8197.49	1
1909.45	2303.52	1097.25	1
1982.76	2112.39	90.5838	1
25638.5	-13676.5	-28907.9	1
-21675.2	31211.9	3047.6	1
1612.6	-1671.37	2535.32	1
-1975.24	1307.68	3400.79	1
-9226.4	4123.48	567.811	1
1732.43	828.068	-2421.95	1
-879.452	1539.26	-1690.46	1
15303.2	-4460.45	349.614	1
11303.6	-14235.5	-2823.38	1
-6509.91	-13388.2	-3232.01	1
1766.4	1585.2	1690.24	1
-7529.35	-8211.6	976.391	1
1728.29	-2775.21	1410.98	1
7674.13	-7398.51	-2970.58	1
2041.44	-521.345	-4892.39	1
-5163.35	-3348.47	3935.18	1
-9081.32	1653.74	5337.15	1
-2454.14	-1519.02	-3496.17	1
1733.5	3801.86	-857.078	1
-7672.61	-3331.81	3312.55	1
7733.32	-15595.9	-345.285	1
-1.50929	2636.98	19985.5	1
-3057.34	-1161.89	1850.76	1
1053.93	-1770.22	-1754.86	1
-6146.73	4559.55	217.852	1
-1473.08	2419.93	1734.22	1
2883.28	-2204.79	-802.637	1
8171.63	-8634.1	13100.1	1
2214.68	-4182.27	1859.42	1
-1841.55	-1074.47	-2143.35	1
2446.29	3891.72	-1969.86	1
-3905.24	-1643.98	5035.95	1
2804.95	-459.871	-1975.61	1
2637.51	-3044.02	-2786.21	1
2149.02	-912.951	2930.15	1
-2327.66	1283.97	5981.64	1
-2435.74	271.013	-3226.8	1
1162.24	-10022.2	-2191.79	1
-3399.01	4881.33	210.222	1
1508.36	1745.79	1033.94	1
3563.86	1777.79	1371.46	1
-933.009	1868.77	-1711.44	1
-2223.34	2551.61	-63.2609	1
-5657.24	5387.82	4017.58	1
-387.859	769.659	-5558.46	1
-1236.79	6358.48	1839.59	1
-1171.51	-2800.6	-2262.74	1
-10110.8	9347.6	-15208.5	1
2229.5	2571.34	-2249.7	1
-2393.18	3577.38	-4265.53	1
-2141.14	1264.12	2232.8	1
1095.9	1908.86	1462.55	1
1732.54	-1975.03	1664	1
-16864.8	-15786.5	7740.47	1
-1887.94	1247.32	-1415.04	1
-1708.88	-981.284	-1717.05	1
2831.38	1057.43	-6485.08	1
1945.34	2659.9	1405.36	1
-5215.6	3505.66	1188.31	1
-1794.02	-4650.99	-1577.83	1
87.4929	-2772.38	-3501.53	1
-412.261	2348.97	-2162.59	1
-2140.32	3323.03	-3466.65	1
-3598.16	-3483.5	297.028	1
3566.13	-5567.01	-2520.54	1
4541.32	-3689.82	1167.95	1
1799.9	1737.15	-1582.84	1
-2058.42	864.068	-1732.33	1
1993.27	2749.99	2700.81	1
-1338.21	-2574.16	3136.91	1
1806.61	1821.89	-4282.91	1
1087.06	-1623.54	-1945.96	1
3696.34	-1024.95	3568.59	1
-1876.73	175.409	1913.33	1
862.871	-3959.2	-5648.26	1
2632.21	-2568.54	-853.022	1
-55.402	-3644.69	-1822.52	1
578.959	-1931.19	1823.13	1
3006.37	3376.49	3769.94	1
370.845	-2092.59	2427.94	1
-1168.21	10886.3	5995.89	1
2733.6	2984.27	17844.1	1
1681.34	-2925.3	-8949.4	1
-8751.52	-7538.77	17557	1
-492.104	1973.65	1961.27	1
261.371	2531.64	-2967.16	1
2287.81	-786.607	-2401.18	1
-1100.9	-1599.91	-1322.5	1
-2520.56	1572.05	2323.17	1
1981.08	-905.34	2178.37	1
3292.99	2451.37	1981.67	1
1652.24	-9060.8	-11634	1
-2597.54	4739.49	1968.95	1
-577.845	-2435.73	-4816.62	1
-1997.27	967.024	-2665.86	1
-1919.69	-1468.92	2020.84	1
-2364.24	-2900.84	-1764.99	1
-4605.27	-4318.5	-4378.24	1
-1322.17	-986.117	-4247.25	1
-5793.94	-3971.11	-3469.27	1
-1851.28	-1734.12	-2116.4	1
5582.8	3043.7	-1065.19	1
-1702.02	2449.27	-922.3	1
10705.7	-1834.83	3282.12	1
4887.39	1256.08	-2976.83	1
4941.36	2502.5	-348.957	1
2874.52	3490.53	727.354	1
-1946.87	-1645.12	1704.27	1
-6915.57	213.58	-13033	1
-10736.9	17507.9	3231.95	1
2465.71	4574.66	2713.01	1
6151.1	5020.81	-1569.29	1
-2922.81	4274.67	-847.622	1
645.073	3476.88	5963.12	1
-8427.17	2337.83	-779.058	1
-3346.08	850.631	-10710.3	1
2414.66	-948.421	-2731.02	1
-2926.21	-3266.89	-16588	1
-2862.1	4671.55	3632.35	1
1892.2	-11725.4	-1874.16	1
-2515.46	2322.17	-1154.91	1
2099.84	1238.37	-3065.4	1
-1142.32	1701.95	1909.03	1
15049.5	-5494.2	17221.2	1
1306.67	7109.54	-19885.1	1
1458.16	1461.3	895.937	1
-1957.61	2048.54	-2029.7	1
-8538.21	-6440.72	3287.65	1
-7174.96	45130.2	-35031.9	1
-4012.21	-4835.17	1365.83	1
8074.83	-11370.2	-1247.66	1
1480.12	-1343.64	-1061.54	1
-1899.22	-879.168	-1825.64	1
2157.76	1893.17	19.9547	1
2326.88	-690.076	-5790.47	1
2332.76	-362.346	-2302.13	1
2473.88	1010.23	4492.41	1
2485.94	2199.62	-1761.84	1
-397.894	-3846.99	7375.91	1
1989.59	222.84	-2482.48	1
-372.788	-7263.88	-5957.74	1
3056.93	-1989.02	-1146.32	1
-4419.79	-2928.01	1312.54	1
-5465.59	-4321.82	846.373	1
741.831	1722.23	-2117.91	1
3999.62	5233.51	-1010.27	1
2128.7	477.669	-3036.24	1
3540.48	-605.687	5158.17	1
1593.81	1451.92	-1034.3	1
2951.18	2986.09	2098.48	1
2055.13	-1126.12	2732.35	1
-2627.42	-1505.51	-2328.82	1
-16852.4	-29035.8	-27131.1	1
-5368.47	653.369	1564.92	1
5126.36	-13892.3	1880.16	1
935.38	4511.16	-1119.15	1
-1528.29	1056	1489.32	1
-5999.69	1007.49	-1250.85	1
5542.58	694.441	-1955.37	1
-3549.63	-1121.82	-3017	1
4826.33	-3877.79	-106.671	1
4487.22	-2649.19	3974.43	1
2320.37	1318.13	-1797.01	1
-3096.57	6012.84	4065.79	1
2155.02	-433.523	1976.88	1
50.9029	-2230.83	1924.37	1
1778.74	-2091.27	1126.5	1
2567.29	-2952.64	-1352.61	1
-1169.95	-2168.15	1758.83	1
1545.97	-5338.61	-3853.62	1
1952.88	-3463.03	-203.216	1
-2533	3399.1	3210.26	1
-3795.27	2132.53	406.374	1
-2729.48	-3425.99	-1261.17	1
1963.14	-2109.98	1299.99	1
5165.08	1435.67	4195.13	1
5045.57	-392.344	6138.26	1
-9.74907	-2451.28	5711.66	1
2300.5	530.422	3265.22	1
1516.14	-2573.03	-3046.17	1
1389.74	1393.17	-1172.34	1
-710.834	-2469.82	3778.17	1
-4616.65	-4006.3	3143.63	1
5009.04	-1232.12	5747.44	1
-2644.99	-1195.65	2624.42	1
3526.96	-3253.63	-271.181	1
731.344	2104.7	2340.82	1
-4141.87	-7595.87	-18127.2	1
-1734.45	-3471.43	4374.65	1
-795.462	1796.82	-2067.51	1
-428.844	2147.99	2757.19	1
1093.82	-4739.02	-6893.67	1
-63367.2	-19987.2	-264885	1
-2475.38	-1879.46	2862.78	1
3060.48	-802.335	-1930.62	1
4546.71	-3150.03	-1888.43	1
-1792.66	4180.14	-2612.07	1
-8813.87	-6565.43	6569.74	1
862.777	3008.84	5760.65	1
-617.037	-3144.09	1969.3	1
-13430.9	-10047.8	29878	1
-433.455	1993.49	1816.63	1
106390	-30317.1	-76213.4	1
-3651.91	1182.64	1510.69	1
2373.17	868.747	-2641.28	1
-5580.19	9.53913	-2298.95	1
-1052.32	4820.14	-4100.37	1
2944.39	-6157.25	894.349	1
-5113.62	5736.56	-7977.56	1
-2062.39	-3204.06	-1728.08	1
-4299.29	43.245	1996.83	1
2111.04	4199.52	2230.66	1
4563.64	-793.98	-9468.67	1
-3350.99	-125.077	2875.27	1
10782.7	-4873.93	-472.487	1
1997.84	-304.949	2609.22	1
-1991.43	2452.02	2124.84	1
-1171.12	743.125	6096.85	1
2401.61	2025.02	574.187	1
-2740.49	-3762.34	1943.86	1
24.6357	-4542.35	-4038.67	1
-1553.57	1986.64	-2241.15	1
6563.61	139.015	1046.87	1
-2261.28	617.761	-2652.03	1
5191.41	-1098.38	-899.287	1
-737.62	-3600.16	5785.13	1
-5267.37	-2347.73	20934.1	1
-2335.06	3830.82	-2105.31	1
-2077.2	2504.45	-2194.95	1
2372.24	-3108.92	-1436.07	1
7947.92	128090	-41842.6	1
3760.01	5752.42	-3159.62	1
2811.45	2272.94	3197.12	1
-2883.34	7759.99	-1239.31	1
-909.146	3701.6	3893.85	1
2488.44	-1611.15	-2802.33	1
8233.93	9099.7	3782.29	1
-716.448	5210.76	-192.03	1
3880.53	-5580.62	-2771.88	1
1892.43	2341.03	-314.093	1
-2111.54	26.2607	-3495.98	1
2064.21	-3308.63	3781.94	1
-1778.96	-1808.84	277.451	1
8100.7	-2988.38	-1478.18	1
-3322.25	4669.45	-3816.87	1
-7866.19	2800.06	939.546	1
-5667.06	-3939.09	-5438.73	1
3445.72	2609.61	-2476.08	1
-35068.6	-3578.85	-13454.1	1
20922.4	-13847.5	-8114.03	1
-2341.19	584.097	2597.23	1
-2671.6	-1586.63	-2589.46	1
2453.13	-1084.31	-1854.01	1
1176.77	-9738.5	483.609	1
4298.92	-556.016	-1724.23	1
-2407.87	701.588	4073.2	1
2963.88	3441.53	-2421.5	1
-1837.03	730.718	-1917.66	1
-1686.26	-4148.79	112.789	1
2409.15	1868.79	4081.6	1
-4904.74	4271.13	-50.1189	1
-1885.31	2003.86	1323.02	1
-1264.65	1937.84	-2142.68	1
-4442.37	-2913.6	-11919.9	1
5742.06	-1262.16	2147.87	1
-4843.81	2611.61	-4677.9	1
-2439.97	-454.371	-3126.41	1
-6052.8	-1073.75	19025.4	1
-1027.41	6499.05	5616.55	1
5552.9	262.395	-825.836	1
3716.65	1927.03	-2843.68	1
-1518.3	3262.64	-3989.01	1
-1057.21	-1350.56	-1389.65	1
-13746.7	-3087.77	-1981.85	1
-1363.93	-2905.03	6995.02	1
-6938.98	1111.09	317.599	1
-1498.07	1778.42	3619.58	1
-2959.68	-8136.01	-1345.72	1
-4291.65	1127.66	-2992.82	1
5194.01	1016.9	3629.67	1
-22458.7	-6739.81	-6312.18	1
172.833	5897.81	-5213.8	1
1365.17	4035.12	-2049.48	1
2563.19	-5024.3	3062.55	1
-2373.38	528.901	-2873.91	1
-4025.32	1325.7	1018.3	1
230.098	4820.68	-1529.68	1
-7528.64	-52108.9	-1071.52	1
2679.06	-269.742	-2559.67	1
-5527.82	-2882.71	2661.15	1
2703.09	716.453	-2668.96	1
-1021.23	-2455.74	2586.02	1
1091.47	3855.03	5068.75	1
1909.88	-323.03	2720.01	1
37987.9	46453.1	49247.9	1
6014.38	3964.49	-12705.8	1
-1932.15	-3031.46	-2139.69	1
42576	35681.5	29451.3	1
-2080.02	-0.331547	-2430.61	1
-7241.88	3481.34	-3745.42	1
2376.37	309.869	2936.8	1
1381.34	1143.44	-1298.14	1
3853.97	-398.295	3351.2	1
5368.23	-4585.6	-5734.98	1
1639.99	2799.78	2551.81	1
-25422.8	-559.807	-10030.7	1
3709.17	20179.2	1968.9	1
2618.45	-1606.36	-3928.99	1
-22885.6	-9328.74	14008.2	1
-6016.62	5063.91	-10239.2	1
5386.65	-447.772	8267.15	1
13121.7	-4545.47	17271.1	1
2936.24	-2552.76	-5121.83	1
348.754	-5965.47	-528.44	1
4738.27	4277.88	-2692.41	1
939.979	-3078.65	2326.92	1
-5618.62	1364.39	907.847	1
1182.68	-1938.09	6215.91	1
7328.58	8149.15	-6406.97	1
-866.467	-1794.19	1875.93	1
2730.18	18093	-3789.07	1
-2354.85	-1548.73	5759.46	1
-1860.15	-1579.48	-1081.85	1
-5542.8	2046.6	-3924.14	1
1350.56	-898.181	-4879.21	1
1281.72	-1251.46	-1121.4	1
2416.45	-3278.37	1660.58	1
-1517.92	2029.48	-4824.03	1
-5069.35	-3143.86	6261.58	1
2636.11	3313.57	7509.14	1
2677.9	-10478.4	2822.68	1
-1946.86	91.2658	1969.67	1
2416.6	256.32	-2422.63	1
-4680.69	2874.06	2591.42	1
-1343.66	-2452.9	-6232.46	1
-1088.85	-3806.29	-6915.47	1
488.732	-4904.81	-3024.29	1
-2502	-290.796	4209.85	1
-4631.95	6183.72	-5124.8	1
-2174.21	-730.287	2362.86	1
1430.32	1491.01	-1250.01	1
107.614	4903.57	1563.49	1
-119.639	3986.91	-3054.06	1
328.011	-2446.5	2217.07	1
-7384.39	-1152.77	-7337.04	1
-2097.13	6246.55	1023.71	1
3889.59	-11545.7	37110.9	1
2943.32	2026.1	-3864.36	1
898.301	-2135.34	1665.19	1
-1916.29	-1561.75	-968.123	1
1473.58	-1573.4	-1009.15	1
-3361.96	255.121	-2658.9	1
869.276	-1843.12	-1682.04	1
2702.88	519.572	-2509	1
3832.91	3872.61	809.267	1
-3920.67	-2871.12	-213.013	1
1558.67	2165.7	4228.75	1
-24699.7	-1266.74	16153.2	1
-1192.9	-11153.7	4349.63	1
-3034.39	-6168.3	4454.44	1
1626.42	-5417.7	3665.6	1
3725.43	-3400.46	-2910.46	1
1820.78	1790.08	-836.156	1
-1659.21	1313.12	1286.77	1
-4468.93	2547.44	2497.52	1
1602.36	2356.2	3189.54	1
-9848.22	-1375.8	3769.91	1
-2072.99	1485.65	-2032.79	1
4996.48	-5701.79	-4273.94	1
-27580.6	17650.9	2933.12	1
-3187.26	-2053.18	1200.06	1
1061.15	-1838.85	1485.38	1
-1382.12	1448.01	1087.28	1
-1104.08	3398.29	1574.33	1
-3378.64	-4318.14	-716.804	1
2519.07	2013.56	-1602.67	1
1726.24	-2652.48	1044.84	1
-1289.32	-8243.93	-535.488	1
991.638	6237.74	4194.45	1
3273.76	-2937.4	-1511.74	1
-5142.83	-12379.3	1787.05	1
-1871.2	-2076.01	199.514	1
2232.41	-2191.89	84.8683	1
11529	-3940.33	426.682	1
7617.36	23957.9	31797.4	1
5629.02	209.926	-373.312	1
-9750.69	-5496.22	-663.819	1
4139.54	2847.49	1003.38	1
-14362	-19782.6	-7782.78	1
-3735.82	-2855.98	975.13	1
-2158.29	2527.26	10349.7	1
2877.44	808.472	2003.49	1
414.736	1724.76	7874.78	1
-4063.68	-977.7	-1917.98	1
324.529	2808.78	2569.62	1
-2944.44	3699.18	-907.887	1
1667.33	-4264.69	2557.9	1
-1947.02	-2663	78.8645	1
3624.74	-1897.13	5345.02	1
-2274.89	-139.446	-3137.6	1
2618.52	3996.48	1148.33	1
1162.03	4741.32	-3067.74	1
-2121.46	-2633.84	9295.51	1
-6117.68	-1846.33	-8832.55	1
497.407	2690.93	-1938.38	1
-164.659	-2276.69	-3259.39	1
1996.6	1754.1	-1886.53	1
686.439	2703.9	-2054.51	1
-6272.62	3482.68	357.067	1
1225.61	946.517	-1281.58	1
-2204.59	633.854	1881.36	1
2280.23	-4497.3	5001.89	1
3613.97	1463.8	-2789.44	1
1820.48	3816.41	1180.96	1
5426.3	685.517	1643.28	1
-1520.04	-1742.31	1169.68	1
-2464.16	2768.2	987.69	1
-16707.9	2404.77	8641.58	1
-6129.92	12110.3	-13018.3	1
3219.89	1066.97	-2289.18	1
2968.26	1098.08	2233.31	1
2073.18	-1206.7	-2603.54	1
2643.17	-5741.3	3957.87	1
2427.64	2832.68	1284.85	1
-127.087	5302.87	-3913.05	1
-1936.58	2306.98	-1175.54	1
1701.93	-1636.84	-1210.82	1
5023.99	-8629.39	12577.1	1
-5304.89	4768.39	-2045.97	1
244.899	1900.29	-4426.79	1
8274.98	5299.08	7385.61	1
470.171	-136.984	5194.07	1
1049.5	-3633.13	-3238.69	1
-755.02	2064.67	-1813.03	1
-2204.03	-125.853	1927.75	1
-3216.89	1262.68	4794.2	1
297.415	525.691	6100.6	1
2504.61	-4478.61	-2389.92	1
-863.355	-2026.74	-5234.07	1
2431.57	2764.6	2063.55	1
8906.89	1893.16	-2443.99	1
289.943	-2908.13	2984.37	1
238.425	1940.93	-4118.12	1
731.59	-1650.99	-1806.87	1
2434.82	-3879.43	-197.53	1
1968.35	-1841.06	-4001.32	1
2319.33	9109.21	3203.87	1
2909.63	3008.91	20309.6	1
1148.38	1589.48	-1460.83	1
1817.49	1263.66	1954.15	1
23162.8	17148	640.167	1
-3097.73	-2449.54	888.512	1
4034.28	1646.94	-1332.76	1
4559.62	-1019.79	-981.693	1
2907.12	-1941.38	-288.505	1
-350.686	5001.12	3390.48	1
55149.2	-43924.4	91836.2	1
-1172.23	1730.53	-1333.64	1
1693.69	1377.52	-1740.08	1
2255.78	1088.46	1699.93	1
6838.68	-1672.48	-234.755	1
-20591.7	-6633.06	36167.2	1
-4849.62	-647.618	-1695.04	1
-7761.39	-4758.93	15318.3	1
2965.13	-797.831	4231.83	1
-1997.73	2940.99	2026.13	1
3570.92	-380.847	-1950.77	1
3152.89	5264.41	-12579.7	1
2153.64	221.876	-5085.18	1
5425.49	-23.6776	5894.66	1
3938.73	-2732.59	-9331.66	1
-3262.41	2763.17	1396.14	1
1541.15	2114.92	-2315.25	1
-4768.69	-3037.54	378.536	1
1029.25	-1471.69	1416.43	1
2475.76	-2648.31	3836.93	1
139.061	-9468.15	-7150.06	1
1622.61	2087.95	2828.34	1
5571.53	-76.8864	-765.056	1
-1846.06	-932.9	1704.79	1
2708.39	3305.65	-1313.16	1
-1337.07	-1349.41	-908.268	1
1205.55	1856.44	-3179.05	1
2534.91	3406.15	-1997.41	1
-5959.68	6572.74	-6163.34	1
-19264.9	-5221.25	4970.22	1
-1697.32	1986.61	1349.86	1
-8476.02	20808.6	12383.5	1
-2110.7	2003.72	-5375.47	1
7647.57	4896.39	-3763	1
7871.13	1.63756	-9034.36	1
-4412.94	130.84	-2353.21	1
-1438.08	-1627.36	-2434.23	1
-999.432	1949.09	1711.94	1
2996.54	-17115.7	9506.78	1
2438.68	354.883	-3138.78	1
-787.511	1406.73	4054.87	1
-2520.79	-3391.7	1518.27	1
8459.69	-1554.42	-4698.94	1
1496.81	-1014.82	-1800.67	1
-2421.05	4641.76	69.3324	1
108.882	1886	-1840.38	1
2973.18	-2860.17	-2948.25	1
4284.69	-292.033	-4155.44	1
1908.79	-3810.64	-295.37	1
-715.931	1885.58	-2561.47	1
-3248.75	-9913.03	7729.89	1
-3744.47	-1680.84	13572.9	1
-3320.88	-1874.97	-2254.7	1
-2582.62	-11359.5	-1783.44	1
-31010.2	-20102.7	-54409.7	1
1855.09	2043.77	-513.807	1
3544.79	2141.71	742.776	1
-2505.44	821.066	-3243.08	1
-1909.29	-1924.09	-5274.98	1
1941.32	1323.73	2774.57	1
2241.57	-2498.88	-1986.19	1
2397.54	11432.2	34975.2	1
-1837.41	1430.88	4082.08	1
194.981	-3082.05	-2721.76	1
5237.58	227.275	1011.32	1
-40157.1	-11093.9	22774	1
12413.7	-3994.06	-7417.69	1
-1636.32	938.738	4649.15	1
-954.366	4757.2	-1978.11	1
4.19357	2100.68	-3815.64	1
-1498.85	2535.94	-9904.47	1
1750.67	-4398.73	2432.02	1
-17298.4	-11004.4	-12614.3	1
-2537.61	4980.81	-402.033	1
-396.096	1961.29	2396.89	1
-3769.48	-1849.31	-396.836	1
452.853	-2520.21	1873.27	1
5201.41	-1900.38	-406.053	1
