0.835495	0.839941	0.84932	200
2.29424	2.56676	2.4204	1.59688
1.45024	1.55695	3.05931	1.53646
2.32222	2.39499	2.57821	1.25774
1.93259	1.88472	3.42415	1.83239
2.33047	2.59951	2.49448	1.21394
4.25025	4.5129	3.34517	1.60835
3.92324	4.17441	2.98181	0.217618
1.22538	4.265	3.93279	1.67822
2.43682	2.60155	2.64175	1.04857
2.41833	2.74164	2.62019	1.54272
2.48032	2.56027	2.29673	1.78306
1.9485	2.25508	2.50961	1.83805
3.68704	0.839977	0.410951	0.172112
2.26503	2.56147	2.47727	0.697786
3.43211	3.09928	3.50513	0.126192
4.90105	1.08488	1.39326	1.70184
2.61416	2.40439	2.37948	1.5205
2.20301	2.58828	2.41257	0.0785607
4.88098	1.20142	1.99026	1.4419
2.63219	2.59456	2.0574	0.708097
2.47593	2.88145	2.64415	1.76015
2.84278	2.8953	2.12315	1.78674
2.21426	2.67809	2.31477	1.17728
2.39149	2.58977	2.57412	1.84794
2.49545	2.513	2.56094	1.82194
1.24639	2.98807	2.51604	1.84026
2.46024	2.68488	2.45234	0.863907
2.39671	2.30737	2.70308	0.614916
0.802787	2.41312	2.17038	0.552469
2.66711	2.49454	2.31513	1.81361
4.13283	3.65155	3.75912	1.52095
2.0234	1.87976	1.0115	0.766377
2.52863	2.56107	2.38371	0.464523
0.594703	1.87855	2.85145	1.4643
3.15717	0.337459	3.04716	1.49014
3.98162	0.931126	3.66306	1.04313
2.55905	2.66402	1.85707	1.46531
3.13714	2.32103	2.15117	1.51947
4.10343	3.93512	3.50786	0.156464
3.2142	3.78982	3.86888	1.63935
2.60461	2.32876	2.7268	0.315614
1.48771	4.60918	1.03003	0.250937
1.62122	3.5065	1.43202	0.144658
2.56211	1.84299	-0.593344	0.360745
2.52721	3.18017	2.31244	1.63939
2.2841	2.52648	2.55094	0.905152
2.32929	2.24954	2.43275	1.51459
2.60362	2.1276	2.43898	1.75523
1.37301	0.0822775	2.49609	1.49561
1.37353	1.90452	1.41792	1.66208
2.13834	1.37391	1.90372	1.96719
1.39239	4.11168	1.1749	1.66002
2.73208	2.50121	2.32773	0.496088
2.41329	2.48271	2.64859	0.633734
4.67241	4.4193	2.88762	1.26614
2.21143	2.47007	2.60539	1.94293
2.72061	2.63258	2.24868	0.226561
2.69991	2.22259	2.50075	0.901835
2.78571	2.34533	2.68345	0.00646292
2.511	2.3745	2.30044	0.467783
2.48236	2.49269	2.53781	0.609911
2.12539	2.32652	2.50396	0.0817286
2.37965	2.03856	2.92969	1.27528
2.1884	2.15706	2.45724	1.25432
1.49816	4.49374	0.903584	0.404426
2.44034	2.37433	2.38312	0.514531
0.193135	1.52494	3.30097	1.75477
2.8994	2.54244	2.40089	0.723202
2.79375	2.20121	2.15347	0.577556
2.28652	2.40385	2.65221	0.379502
1.75119	3.00929	1.49264	0.662958
2.97058	1.45982	2.74046	1.83786
0.914156	1.8929	3.70507	1.37157
3.54187	2.38622	2.78255	1.83255
2.81962	2.06577	2.8294	1.09608
4.48581	1.79229	1.14515	1.74796
2.46374	2.30508	2.36179	0.547822
2.2601	2.72453	2.6792	1.69788
1.22818	1.99814	2.97505	1.36836
2.34879	2.64713	2.29561	0.984843
2.73739	2.34474	2.22792	0.443931
0.798531	1.98178	2.81808	0.720885
4.84573	1.51098	2.19136	1.24419
2.58713	2.18695	2.50117	0.669943
2.3998	2.49256	2.20944	0.517812
4.54426	3.39952	3.08183	1.29441
2.38485	2.29824	2.44243	0.182297
2.71103	2.08091	2.77346	0.530923
2.46521	2.56874	2.63786	0.314544
2.84342	2.4561	2.55724	0.415687
2.63588	2.69607	2.49713	0.788777
2.27881	2.65885	2.56895	1.27731
2.63137	3.65438	1.22101	0.272149
4.55221	3.20827	1.90762	1.54877
5.15534	2.90536	2.20974	1.44201
4.40877	0.612269	2.1065	1.41582
2.35289	2.27275	2.64711	0.187839
3.50647	3.52544	3.18754	1.31424
0.148061	3.28226	3.47262	0.106845
2.41243	2.49177	2.50862	0.88512
2.32994	2.70839	2.50578	1.0598
3.0311	2.66789	2.38336	1.77745
2.26754	3.06874	2.61113	1.05149
2.68169	2.68586	2.34423	1.65962
2.52904	2.62788	2.29194	0.339299
2.38964	2.30927	2.56433	0.581657
3.97038	2.73271	3.39533	1.62982
2.31021	2.15898	2.33959	1.55651
2.61196	2.32952	2.59456	0.442019
4.55219	2.01234	3.45671	1.34921
2.70674	2.58866	2.17075	0.802375
2.42033	2.25072	2.32531	0.771496
2.2157	2.81926	2.43034	0.0291587
2.36544	2.42097	2.85977	1.47482
2.5032	2.37403	2.38485	1.83918
2.54754	2.73073	2.50378	0.623901
2.43392	2.80437	2.34565	1.68782
2.47813	2.42275	2.53293	0.801418
2.36496	2.51801	2.59012	1.35562
3.30557	3.0158	3.23912	1.37144
2.50818	2.40915	2.2048	1.13566
3.32188	3.16554	3.48561	0.523141
1.9776	2.98598	2.66922	0.682709
0.850509	2.19435	1.56595	0.626459
1.85418	2.65894	2.87661	1.00692
0.814621	0.189893	2.14571	0.382223
3.54118	0.81121	2.79339	1.09479
2.54085	2.62769	2.46245	1.85315
2.26501	2.55018	2.80565	1.10514
1.75379	0.771321	0.600152	1.18899
1.33308	2.35176	2.14636	0.649083
2.48473	2.42785	2.59662	1.51865
2.69434	2.52382	2.36882	1.20876
2.49574	2.35122	2.71822	1.73017
2.40263	2.36658	2.38075	1.22396
2.44799	2.59869	2.435	0.296684
0.834337	3.05202	1.03306	1.0363
2.89088	4.052	2.6487	0.97962
0.215949	3.31819	0.893131	0.769317
2.10517	2.30759	2.44308	0.826156
3.72561	3.79998	2.81302	1.43519
2.46028	2.54901	2.30462	0.893485
3.33995	0.659713	3.73481	0.148521
2.78408	2.53907	2.48732	0.439576
2.56024	2.52939	2.49819	0.925704
3.59904	2.28501	2.81041	1.89782
2.48652	2.24671	2.60375	1.07349
2.0524	2.63024	2.06716	0.932337
1.00787	1.59534	4.58854	0.916078
0.137916	0.259642	2.14388	0.515171
0.452983	2.86352	4.14032	0.804758
2.68956	2.29427	2.44868	0.382055
2.47709	2.48443	2.38031	1.83305
2.38984	2.2654	2.30981	0.219555
2.65999	2.35863	2.35579	1.18538
0.47925	0.359146	2.60981	1.12174
1.11115	1.61629	2.48946	0.687683
3.60732	0.841664	0.527984	1.54137
0.47523	1.54764	3.77008	0.895963
2.35593	2.49671	2.58576	1.93136
3.19097	3.03891	2.45265	0.732056
2.41919	2.5369	2.40669	0.545974
0.453409	3.18293	0.194407	1.24639
2.57726	1.91446	2.4268	0.564568
4.02	3.25036	1.02563	0.352478
4.43202	4.09939	2.2186	0.0277325
4.26368	4.13788	3.668	1.29709
1.88554	3.38828	0.524585	0.141114
2.48287	2.48643	2.57592	0.586355
2.74693	2.22583	2.43968	0.381418
2.46314	2.60753	2.58767	1.50677
3.98635	0.885634	3.52243	1.0471
2.37627	2.5036	2.64738	0.655232
0.474228	1.2723	3.22985	0.100336
2.39365	2.54344	2.62836	1.36384
2.43603	2.6826	2.24173	0.595866
2.41599	2.40326	2.76474	0.106879
3.45091	3.76084	4.54184	0.272341
0.429922	3.10835	0.874485	1.891
4.42434	0.936371	1.05332	0.513938
2.05747	2.5196	2.6752	0.952709
1.36715	2.89175	3.97219	1.1645
2.96035	2.20685	1.98883	1.26717
0.947293	4.15945	0.643047	0.695092
2.77098	2.60408	2.65432	0.614337
3.21776	2.70505	2.72669	0.538045
2.93848	2.22453	2.27107	1.51842
4.06204	1.01544	3.15342	1.69025
1.55946	1.72995	3.06335	1.33592
2.71243	2.21866	2.41682	0.512456
2.68173	2.82893	2.40327	1.22282
2.58475	2.15029	2.5626	1.47349
3.70242	3.55795	3.00176	0.0477264
2.79414	3.45918	2.94723	1.41652
2.64364	2.44386	2.38506	0.156516
4.48977	2.5539	3.01626	0.0867894
3.68373	3.898	1.37036	1.22248
2.63831	0.61257	1.0115	0.332188
2.37352	2.13607	2.38605	0.0139602
2.66374	2.51998	2.42664	1.84514
3.32307	0.239861	2.19926	0.202961
3.20784	2.81155	2.4706	0.190086
0.905081	2.70831	3.20413	1.87543
0.666564	4.12458	1.29893	1.69055
2.62262	2.57775	2.42565	0.868796
2.80705	2.8138	2.69125	0.259952
3.85988	4.34421	3.14323	1.31976
2.42753	1.72988	-0.438146	0.421726
2.40579	2.47779	2.49708	1.88644
-0.408083	3.44395	3.29768	1.02987
2.38515	2.9751	2.51273	0.320324
2.2817	2.28291	3.02164	1.29957
3.85991	4.28789	3.18401	1.5605
0.540742	0.608926	2.1229	1.73439
4.2546	4.14276	4.88042	0.354266
2.57156	2.22111	2.68262	1.19238
2.43081	2.39612	2.39223	0.81323
0.514951	2.44307	1.30998	0.443452
1.08365	4.46196	4.92831	0.194981
2.61802	2.69961	2.37229	1.86836
2.21791	2.20003	2.53041	1.27041
2.44182	2.57007	2.67347	1.15763
0.379644	2.57246	1.01015	1.19941
4.40246	3.67183	3.12632	1.55482
2.74129	2.35077	2.23051	1.33341
4.14986	4.33658	1.27275	0.204467
0.416976	2.04577	2.78157	0.575473
1.52752	3.30647	3.09993	1.01383
-0.0464828	2.03016	3.62296	0.589203
2.10337	2.46176	2.19309	0.465696
2.28376	2.26143	2.57105	1.62599
2.89873	2.66429	2.62907	1.23516
1.45062	2.15394	3.39618	0.153507
2.13343	2.36189	2.57844	0.719572
2.45916	2.3649	2.53086	0.201371
2.86026	4.03441	1.70185	0.208348
2.63399	2.58793	2.63338	0.733593
2.44313	2.2497	2.63593	0.13647
2.52991	4.09811	1.99212	1.3497
2.36806	2.44379	2.46022	0.448831
2.67975	2.16548	2.43153	0.25216
2.43958	2.50007	2.62105	0.384972
0.695089	1.44414	3.6205	0.369155
3.74129	1.19538	4.6157	1.61723
2.76582	2.28842	2.68474	0.0894589
0.659267	1.27484	3.97858	1.72253
4.32232	2.59204	0.357397	1.33582
2.53987	2.78378	2.38514	1.42381
2.263	2.44194	2.42255	0.309421
2.79937	2.13363	2.14211	1.06503
2.58994	2.1589	2.43981	0.920135
0.228657	1.70058	2.59864	0.383261
1.71387	4.30327	2.40609	1.30617
2.56587	2.85075	2.64724	0.852823
4.57481	3.61796	3.32059	1.61871
2.19968	2.51787	2.66482	0.56856
2.1065	1.26304	1.51656	1.70757
2.36595	2.5731	2.47796	0.280676
2.17319	2.53195	2.63794	1.93539
3.3091	1.11011	3.07726	1.60521
2.4362	2.55492	2.58807	1.06468
0.987494	2.16331	1.54619	0.177057
3.149	3.39828	1.45921	1.79904
3.63307	4.11183	3.36598	0.439707
2.09223	2.1589	1.62719	0.922978
2.58474	2.391	2.51185	1.67107
2.37262	2.4235	2.3932	1.34512
4.03824	0.937503	0.569137	0.769018
4.36902	2.10267	2.21899	0.206487
0.924105	1.14417	3.2796	1.84281
1.43953	3.84698	0.0246241	1.93679
0.38191	2.26649	3.4013	0.574379
2.45481	2.39487	2.62615	0.0729918
2.41515	2.56583	2.72258	0.570298
2.36186	2.60997	2.39376	1.24812
1.67377	2.97928	3.39487	1.99208
4.03182	0.350725	3.76697	0.529248
2.78129	2.41274	2.06208	1.4594
3.64795	1.84648	1.77455	1.77902
3.4281	0.63854	3.68411	1.2784
2.35149	2.56893	2.49487	1.74011
2.47702	2.7735	2.32444	1.65724
4.30024	4.13603	3.6796	1.72157
2.25868	2.46531	2.80469	1.81902
2.57953	2.28482	2.91255	0.375386
3.14804	1.24512	2.59757	1.25576
2.63621	2.41102	2.42732	0.757598
2.85036	2.78	2.76561	1.30013
2.44155	2.39283	2.53136	1.79071
2.31079	2.51073	2.7245	0.928786
2.48452	2.43553	2.35268	0.668032
2.50494	2.39833	2.46744	0.049151
1.96076	2.61613	1.9272	0.770563
-0.41875	3.35214	3.26485	0.289892
2.48117	2.48745	2.56172	0.493979
4.55281	3.13053	3.10577	1.68823
2.18325	2.31	2.49024	0.9537
4.74725	3.44239	0.610192	1.76145
1.8894	1.92636	2.82197	0.556009
2.55871	2.41441	2.53362	1.17307
2.12529	2.02991	2.63025	1.30752
0.685188	1.65158	1.28047	0.779333
2.38821	2.43964	2.46801	1.48035
2.54965	2.63033	2.47673	0.199259
2.29836	2.5233	2.57047	0.086758
2.32417	2.65011	2.52525	0.854591
2.6843	2.39631	2.66169	0.46513
-0.135554	3.53075	0.165895	0.946091
3.05268	2.21827	1.67877	0.334482
2.86274	2.05687	2.05126	0.582863
4.07779	3.83744	3.70068	0.224313
1.28974	1.36017	2.52416	1.35632
1.74259	0.868403	0.822162	1.45369
2.34478	2.46978	2.34186	0.180259
2.56247	2.45455	2.34939	0.763205
1.19947	3.96599	0.853283	0.780101
0.654101	0.652914	1.64685	1.41723
0.973637	4.16369	2.89156	0.309853
4.34655	2.52383	3.28715	0.0700779
2.53531	2.28055	2.61513	1.17439
2.48387	2.2223	2.54439	1.14624
2.39961	2.27801	2.12007	1.72975
4.18227	2.40198	3.06109	0.389895
4.03352	3.56497	0.164472	0.120918
3.31265	3.00289	1.45468	1.97908
3.80399	0.621989	2.72865	1.1285
2.38997	2.35833	2.59757	0.896645
1.48971	3.12928	3.51033	0.315109
2.48394	2.72776	2.37196	1.65523
2.88232	2.31198	2.97337	0.290746
2.42823	2.11688	2.46977	1.01523
3.38296	1.12441	4.2688	0.245328
3.66303	4.57598	3.17806	0.648193
3.23988	0.713972	2.96459	1.81409
2.36285	2.29041	2.58207	1.11729
2.47769	2.66784	2.28547	1.09472
2.54676	2.44711	2.33283	1.1164
1.56556	2.31123	1.12644	0.441357
3.59181	3.01986	0.283576	0.0930253
2.20956	2.45405	2.63162	0.0736352
2.17426	1.82585	2.50666	1.47959
2.58094	2.61529	2.64222	0.41256
1.3702	2.89454	1.33495	1.07406
2.49951	2.84282	2.51368	0.267096
2.43424	2.27997	2.49146	1.53761
2.28943	1.88876	2.84152	1.06651
2.68932	2.50643	2.57837	0.816834
2.8122	0.553429	3.22562	1.29534
2.21392	2.59974	2.97201	1.13676
3.91005	3.03989	0.743947	1.58462
2.56775	0.807002	3.29252	0.859227
2.82543	2.44532	2.21822	1.89742
2.51795	2.46294	2.45007	0.799847
2.60901	2.33015	2.50072	0.178859
2.4559	2.40903	2.54813	0.877848
4.61865	1.94172	3.1112	0.584415
2.4441	2.23395	2.23852	1.60928
2.45664	2.4499	2.63728	1.08977
4.61546	1.98221	1.17442	0.391076
2.73598	2.53813	2.474	0.426244
2.53908	2.48291	2.35868	0.885577
2.54158	2.48161	2.5289	1.98706
3.5727	3.54986	3.5004	0.642093
2.57135	2.71287	2.48701	1.44475
2.40753	2.57675	2.94124	1.00296
4.24055	4.19516	3.54428	0.567834
4.61003	3.12583	2.91786	0.780578
2.37197	2.50827	2.53951	0.70218
2.68749	2.68498	2.26152	0.108428
2.60584	2.87409	2.47935	1.64368
3.87507	3.56269	2.9926	0.658617
1.44057	0.141177	3.12315	1.9847
2.2833	2.6624	2.43052	0.678142
2.31079	2.79874	2.57908	1.50587
2.90462	2.95769	2.45886	0.239168
2.45715	2.59593	2.70637	0.423209
2.53679	2.45682	2.5844	1.45154
2.18917	2.4071	2.75598	1.89362
-0.11443	1.37501	4.48118	1.58599
2.12013	2.19701	2.76269	1.35326
2.47436	1.72628	2.12802	1.21836
2.53111	2.52744	2.43988	0.760869
2.73356	2.67854	2.25988	0.934548
2.50741	1.99677	2.44433	0.430132
4.51083	1.18169	0.983413	1.65179
2.21046	2.72131	2.59814	0.104021
4.57609	2.96895	1.20041	1.25119
2.30818	2.53164	2.63351	0.566277
1.49056	4.23482	1.57346	1.45781
1.05072	3.97899	4.18811	1.39548
-0.348327	0.298962	3.19904	0.0234906
2.3494	2.73439	2.7123	1.63059
3.03816	2.15193	2.36713	0.0936946
1.78197	4.81249	3.19473	1.6701
2.28485	2.38861	2.46977	1.6787
2.45123	2.31843	2.35214	0.967485
3.28703	2.86549	3.64151	0.0748127
2.4738	2.93137	2.40322	0.0580213
0.568501	0.736202	3.42388	1.02277
0.263385	3.4316	3.94311	1.06529
2.51781	2.11263	2.75963	0.182628
1.87474	2.06969	2.51675	1.68896
2.32481	2.52454	2.708	0.392855
2.43118	2.40057	2.50484	0.461355
2.5379	1.83631	2.38417	0.180736
4.10321	2.82227	3.62207	0.292271
2.8264	2.11165	2.71038	1.2949
2.86292	2.35662	2.40274	1.72584
1.80695	1.31285	1.87904	0.667664
2.31135	0.090149	4.41388	0.120311
2.89794	2.43873	2.46371	0.834979
2.39591	2.67103	2.45449	0.979195
1.54352	2.40782	3.65224	0.0887322
2.39287	2.57672	2.5272	1.64575
2.4747	2.34955	2.45262	0.574362
2.15993	2.38732	2.60956	1.56859
0.751741	4.39546	4.89468	1.69591
2.08258	4.23736	1.17044	0.505069
2.90381	2.61963	2.02454	1.65411
3.89506	3.69175	3.25472	1.86203
3.46957	-0.0424034	1.84211	0.307846
0.019532	4.04706	1.73871	0.910883
2.702	2.50608	2.34695	1.69226
2.80147	2.11788	0.295097	1.01511
2.34626	2.83446	2.13348	1.96396
3.53946	3.8031	3.45222	0.407156
3.55349	0.413325	3.20345	1.05951
1.65017	1.84736	2.52192	0.914341
2.30053	2.63751	2.36151	1.67974
2.78976	2.54012	2.45907	1.23187
4.04425	4.34618	3.3401	0.265115
2.08971	2.88263	2.20061	1.85541
1.497	1.93908	1.91613	1.77206
4.48877	3.79244	3.45506	1.37509
4.08824	2.98858	4.46697	0.542936
2.4775	2.51334	2.53592	1.42287
2.37199	2.84367	2.92717	1.43249
2.80625	2.03102	2.4914	1.92527
1.19231	0.474046	3.73995	1.63039
2.12866	2.15113	2.5037	1.45555
2.62903	2.39687	2.42362	1.98033
2.48091	2.81888	2.48608	1.69105
-0.0776342	0.982858	3.32239	0.582376
1.48494	0.104061	2.99401	1.37459
2.38044	2.38033	2.63393	0.225976
2.98339	0.522885	1.90515	0.570159
0.818778	2.39742	2.17173	0.833412
2.37879	0.622604	2.10946	1.27411
2.53974	2.33731	2.47981	0.585111
0.542364	2.68881	2.30013	0.570729
4.64649	3.24806	0.401774	1.54603
2.34635	2.37897	2.67442	0.572149
2.69277	1.11101	3.71273	1.06727
2.58258	2.56132	2.26567	0.259085
2.50243	2.47717	2.45452	1.10327
-0.120483	2.90694	3.91606	0.515877
1.89196	2.22148	2.61108	1.82145
2.38183	0.41512	2.68696	0.641544
1.41646	0.114951	2.9901	0.0887237
2.32541	2.46476	2.50352	0.969839
2.60857	0.579317	1.92318	0.0350396
3.72573	0.698329	4.0544	1.69938
2.53172	2.49673	2.26781	1.03687
2.47331	2.31067	2.62037	1.66612
2.4644	2.39609	2.34152	1.0535
2.7998	1.5768	0.304464	1.91819
0.18188	1.50567	3.02332	0.128683
2.49519	2.66796	2.41428	1.82671
3.62323	1.75492	2.24385	0.535157
4.55929	3.34208	2.94945	0.322706
2.39689	2.72686	2.64424	0.310578
2.6194	2.50545	2.55817	1.02905
2.44207	2.59048	2.40635	1.59695
2.39746	2.70183	2.86286	0.769078
2.03337	2.23212	2.37602	0.651036
2.82472	0.140775	3.72979	0.316632
2.50146	2.95425	2.49093	1.94209
2.57848	2.41973	2.70199	0.0378658
3.7843	0.0266381	2.58836	0.340736
4.58107	2.61739	0.0220509	0.102763
1.69105	-0.149126	1.60717	1.13346
2.72839	2.60501	2.68333	0.890157
2.06467	2.56025	2.52229	0.926756
4.02011	1.95635	1.80774	1.9285
3.51465	3.15594	2.5505	0.853807
2.3712	2.85018	2.64568	1.30503
2.21269	0.927547	1.04933	0.296471
0.581851	4.18934	3.36761	1.35468
4.18698	3.64191	3.18624	1.69782
2.95358	2.29961	2.14326	0.0507099
2.35121	2.3665	2.74054	1.98755
3.27688	3.75936	1.6395	0.506552
4.2332	0.746651	0.445953	1.49754
2.52116	1.93628	4.34223	1.6818
2.22148	5.02053	1.01878	1.05741
2.1145	2.61523	2.55902	1.93176
2.41359	2.36918	2.39577	1.79025
1.36278	4.80305	0.967857	0.481875
3.07634	3.4439	2.77386	0.494861
2.59335	2.40389	2.51919	1.35531
3.07037	3.02418	3.03505	0.0941316
1.8395	2.65911	2.53793	0.105954
3.77828	1.0108	1.06188	1.56761
2.58577	2.48507	2.21347	0.608151
2.82675	2.546	2.57809	1.7666
2.97096	2.79315	2.29982	1.69328
0.935605	1.52728	3.04164	0.0970635
2.67738	2.54559	2.34041	1.27547
1.69216	2.24114	1.86562	0.165135
1.29898	0.986887	4.58007	0.0643678
2.32139	1.94464	2.3578	1.03142
2.45601	2.4159	2.50807	1.4856
4.43453	3.72809	3.49045	1.60687
2.46747	2.5408	2.69802	1.33512
2.70158	2.45087	2.56309	1.32193
2.21381	2.12183	2.72885	0.229188
2.39127	1.76392	3.12747	1.15041
2.21157	2.68936	2.90615	0.0122439
2.53318	2.26635	2.62315	1.10978
3.7117	3.12506	3.30052	0.238448
4.37145	-0.0615283	0.809906	0.998555
-0.55338	1.3968	3.62948	1.56683
2.36582	2.4515	2.57985	1.31163
2.41745	2.53656	2.52057	1.84019
2.61287	2.00331	2.68699	0.565669
3.93238	2.71113	3.03746	0.700415
4.11985	1.02064	1.73673	1.03024
3.91224	3.29483	0.59618	1.02605
3.37496	4.30033	2.21066	1.60142
3.93744	3.13832	0.158597	0.893243
2.288	2.38615	2.21606	0.774545
2.35392	2.64964	2.78768	0.996305
2.6273	2.85194	1.8383	0.281368
0.727078	3.41479	2.04302	0.862815
2.02114	4.37662	2.18892	0.0662963
2.49152	2.49511	2.49754	1.45071
2.29171	2.3248	2.58542	0.535223
0.570727	3.73742	0.220861	1.59936
3.82221	0.338697	2.5948	1.82052
2.33087	2.46915	2.63616	1.05984
2.42168	2.57191	2.2002	0.404653
4.583	3.29624	0.488551	0.28016
2.14003	2.46136	2.38887	0.312513
2.50242	2.63163	2.70752	0.598014
2.38536	2.51154	2.67859	0.0309688
0.826325	2.50955	3.59992	1.31308
3.98962	3.75398	3.75351	1.57405
3.89096	2.55267	3.72707	1.58682
4.32311	1.37258	1.79503	0.847923
2.64669	2.43009	2.71323	1.41304
2.01037	2.77444	2.45918	0.741729
2.37555	2.38208	2.46141	1.46909
4.14002	3.80226	2.25059	1.33984
2.4083	2.62553	2.55493	1.22972
2.30134	2.54884	2.62468	0.127465
0.817396	-0.0203221	0.974376	0.0661813
2.44479	2.47064	2.45408	1.71084
2.05218	2.49033	2.16225	1.38416
1.11529	3.50895	3.34981	0.430067
2.98417	1.59132	3.06221	0.642343
2.09611	1.18303	2.15893	0.973297
3.78775	3.78597	2.82954	1.66419
3.32599	1.20979	3.45558	0.158561
3.70926	0.458928	2.32493	1.85721
2.50453	2.56607	2.72547	0.176401
2.40277	2.40041	2.43063	0.697763
2.50758	2.3366	2.41909	1.87958
2.15538	2.73419	2.77656	1.09071
4.56751	4.00044	3.16767	0.955773
0.837681	1.90779	2.96971	1.56081
0.869624	2.93412	2.30375	1.71826
1.93958	2.13355	1.52869	1.12926
2.46815	2.52657	2.34207	0.264
2.44102	2.37987	2.4521	1.3768
3.7701	2.81804	0.832114	1.70478
2.54787	2.356	2.44637	1.54276
3.80401	3.61175	3.37804	1.42161
2.62295	2.14916	2.42539	0.400336
2.69791	2.87797	2.19366	1.44768
2.65696	0.785047	3.44109	1.72888
4.99269	2.04657	2.51921	0.673005
2.01457	2.49585	2.18716	1.30151
2.73159	2.36734	2.22831	0.160811
2.23426	2.66378	2.7425	1.36691
4.55711	2.71843	3.45994	1.78782
0.32996	0.237755	3.67147	0.850721
4.25549	3.8539	3.12515	1.11867
2.3634	2.65963	2.51062	0.838381
2.26092	2.55855	2.77091	1.50676
2.51153	1.9186	4.28494	0.839319
2.31344	2.54822	2.52107	1.95187
2.22665	2.70064	2.3172	0.277651
3.97612	4.17724	3.56927	0.226415
2.0808	3.53552	4.60361	0.350992
2.59168	2.34418	2.26108	0.561186
2.16585	2.55308	2.78931	1.0088
2.57031	2.54631	2.55146	0.952733
2.54169	2.39219	2.49456	1.33952
2.40681	2.39691	2.35108	0.754754
2.70401	2.60532	2.32675	0.401694
2.46839	2.46234	2.41659	0.595697
2.10615	2.58021	2.80949	1.91188
0.458419	1.63334	3.05476	1.33164
0.401343	1.3925	3.63914	1.89122
2.55874	2.41523	2.50118	1.25573
3.48808	3.52195	3.19083	1.31822
0.50988	1.18299	3.24996	0.924067
2.22469	2.55329	2.65032	1.21424
3.31879	1.19508	-0.0175106	1.55476
2.39577	2.38345	2.48262	0.739891
1.37209	0.467618	4.22822	1.90655
2.58861	1.98495	2.5698	0.595911
2.49275	2.59823	2.45849	1.4478
1.08602	2.36734	3.93487	0.705897
2.66816	1.5503	2.75937	0.830301
-0.21266	2.86109	4.86797	0.147648
3.33625	2.36476	3.0337	0.568708
2.46108	2.44884	2.41614	1.7841
4.29424	1.70427	2.69297	0.921071
2.24432	0.97679	1.09686	1.06009
2.61635	0.688322	2.59573	1.40784
2.77853	2.80874	2.08918	0.149011
2.67359	0.841809	0.494698	0.0573096
2.55909	2.49116	2.73814	1.60902
3.40783	-0.816777	4.6494	1.48946
2.60415	2.41685	2.35953	0.185152
2.63009	2.48969	2.27415	0.65857
3.03661	1.13474	2.53648	0.582755
1.80107	2.96526	1.82056	1.80732
0.129733	3.72968	0.630386	1.61339
2.48992	4.08366	1.97695	0.547462
1.35064	1.17995	3.5236	0.837849
2.2012	2.25432	2.57079	0.859427
2.32406	2.6386	2.49465	0.686994
3.59008	1.8337	1.77923	1.01772
2.47072	2.47532	2.61785	0.765831
2.31626	2.73691	2.37526	0.791234
2.15855	2.41779	2.49958	1.54345
0.249828	3.48104	3.68454	1.42464
1.1953	3.71766	3.80468	1.73399
3.36956	4.11134	3.31398	0.402134
2.55189	2.39881	2.39055	0.755776
1.24565	4.42221	1.22859	0.562802
2.33749	2.40224	2.41811	0.789683
1.97986	2.38458	2.45266	0.66046
4.76213	1.39128	2.55406	1.89641
3.31651	3.01986	1.39271	0.0118207
3.65713	0.991982	1.16491	1.1238
4.269	4.54494	1.11724	0.364024
2.35106	2.62116	2.48294	1.76601
0.922013	4.47739	2.12544	0.548671
2.27836	2.43318	2.65738	1.23233
2.6655	2.68694	2.25522	1.99051
3.97231	4.27682	0.992099	0.96566
2.4654	2.3927	2.5351	0.933711
2.29683	2.21667	2.38507	0.964852
2.33826	2.52587	2.25805	1.03972
3.69003	3.83007	3.82812	1.24827
2.61137	2.75628	2.73042	1.60925
2.49855	2.55877	2.53788	0.351209
3.70661	4.3961	3.17284	0.959375
1.22293	5.00673	0.948981	1.22256
3.18597	2.30882	2.20934	0.228109
0.327691	3.07394	2.35314	0.688311
1.25161	4.37839	1.34027	1.99575
2.17049	2.64512	2.49873	0.312488
0.69774	0.959953	1.90841	0.460278
1.86597	1.9736	2.71328	0.230828
2.50115	2.43327	2.5054	0.328724
2.46374	2.57766	2.48208	0.818434
3.34606	1.0105	0.0213996	1.64356
1.86019	3.29757	4.65507	1.71857
4.58357	3.77811	1.5345	1.73185
4.04167	4.07348	2.77512	0.261959
1.19878	1.46905	3.19504	0.175564
2.64757	2.41667	2.22644	0.227061
2.73017	0.421498	3.72736	0.0687606
3.47047	1.82776	2.95939	0.729587
0.750247	2.33298	4.09109	1.73595
3.05264	2.72481	2.50256	0.93458
2.25305	2.38729	2.49103	1.35857
2.73707	4.28386	2.51297	0.126486
4.73512	3.7061	3.05699	1.40624
2.31027	1.86754	2.63925	0.563422
3.97053	3.75873	2.78603	1.01687
1.72956	3.02322	2.79764	0.110773
1.33628	4.64714	-0.0771282	1.62635
2.41191	2.58437	2.53946	1.58953
2.46167	2.45665	2.54529	0.597277
2.78374	2.03179	1.80445	0.614993
2.71827	2.59306	2.76378	0.787897
2.50447	2.68381	2.46352	0.0392891
1.22302	1.80097	1.20588	0.139777
2.25013	2.40923	2.54617	0.955992
0.316806	2.09163	2.71674	1.74682
2.50925	2.79623	2.67069	1.86862
4.01055	3.41247	4.38597	0.308787
2.32176	2.5322	2.68318	1.76448
3.31161	3.46125	3.03019	1.94973
4.85425	1.21418	1.99785	0.443174
2.35984	2.50628	2.45413	1.39008
2.56378	2.25632	2.3434	0.770002
2.39297	2.43121	2.42022	0.329308
4.2433	-0.396477	4.22197	0.442341
3.09731	3.43649	3.65915	0.990709
2.32295	3.23341	3.09752	0.0689747
4.6062	1.34383	3.13285	1.21947
-0.13341	3.46719	0.872549	1.09848
0.371606	3.51519	4.7958	0.90069
2.12371	2.93111	2.59053	0.00987587
3.07247	2.28158	2.16706	1.83474
3.97485	4.58372	3.45364	0.178322
2.39371	2.54253	2.51541	1.05445
2.81891	2.1707	2.39074	1.32304
2.71506	2.58962	2.37858	0.443072
0.366411	3.50431	0.887076	0.202753
4.4399	2.66171	2.73707	1.52985
2.75897	2.71984	1.99412	0.62777
2.93072	2.25065	2.54639	1.00235
2.7832	3.02787	2.54791	1.61698
2.52704	2.52955	2.1733	0.470906
3.84174	1.30288	0.842361	1.50572
0.828948	4.82312	1.51178	0.0868292
3.42697	1.05909	2.08211	0.992356
1.41785	1.4478	2.34315	0.385173
3.83956	3.69887	3.54996	1.12881
0.928607	0.315486	3.31522	0.35686
3.86718	0.309216	1.73369	1.98283
2.72288	2.87604	2.35149	1.93545
3.3689	3.10222	1.4521	1.37708
2.31717	2.59058	2.66553	1.12573
3.54102	0.40796	3.20054	0.400758
2.4923	2.39934	2.46873	1.31368
2.22281	-0.550867	4.79848	0.643052
2.12709	2.35029	2.60855	1.48936
2.4015	2.48268	2.57979	1.54701
1.27908	2.04407	0.59751	0.0591141
2.54253	2.90402	2.1768	0.757717
4.9759	1.89689	2.25989	1.19392
4.02499	2.80084	1.27582	1.80013
2.2632	2.91308	2.74085	1.34404
3.01253	0.385912	2.11221	1.4538
2.31225	2.54842	2.4849	0.0154321
2.25593	4.18531	0.03248	1.57976
4.51423	1.41445	1.17924	0.514847
2.69801	2.2777	2.46826	0.282131
2.3236	2.84963	2.66158	0.628793
2.55547	2.2564	2.30635	1.79937
2.3509	2.47901	2.56395	1.6308
2.54136	2.45968	2.50823	1.22899
4.51229	2.75764	2.67361	0.0782701
2.22421	2.40724	2.45963	0.784358
2.35433	2.40215	2.72444	1.82028
4.19589	3.46671	3.23935	0.347158
2.55166	2.46971	2.58897	0.88533
2.46232	2.43848	2.32726	0.100509
2.2791	2.62049	2.66797	0.0466463
2.46311	2.50429	2.59593	1.07615
2.53084	2.29802	2.45166	1.28678
1.25194	4.43754	1.11666	1.17868
2.48183	2.56395	2.5098	0.481323
2.68159	2.57669	2.82769	1.6699
3.81127	1.46043	3.05643	1.32902
2.75422	2.43081	2.43502	0.156917
2.51778	2.5851	2.60007	0.0266812
2.55288	2.32322	2.66105	0.820444
0.966724	4.20423	3.22264	1.32618
0.307041	1.57571	3.14914	1.17904
0.385983	0.99019	1.96573	1.49083
2.01506	2.82451	2.9322	1.28504
3.27279	0.55426	3.86053	1.50259
0.583396	2.33799	1.00336	0.0239364
1.03427	0.206368	3.36114	1.1812
1.41302	1.09719	1.17552	1.34153
3.01939	2.35604	2.35986	0.48039
2.35734	2.46257	2.67408	1.83596
2.53449	2.57405	2.39596	1.2816
2.53495	2.65021	2.44694	0.101933
2.53692	2.21481	2.84391	1.15936
2.49656	2.41637	2.54716	0.428746
2.45676	2.41437	2.48862	0.469372
4.2065	0.258252	1.43172	1.79805
0.713993	2.83723	3.61567	0.00771657
3.20633	2.87539	2.93259	0.327592
2.12917	2.17418	2.7013	1.06633
2.51957	2.39819	2.59428	1.86145
2.57276	2.78082	2.36668	0.580846
4.06704	3.78034	4.27959	1.16392
2.23863	2.11339	2.68857	1.82537
2.24898	2.3168	2.64582	1.95161
2.99387	3.21758	3.11601	1.57401
3.53244	3.4749	3.15116	1.09742
0.309398	1.01631	2.3049	0.631442
1.72375	2.2365	2.65627	1.04317
2.3333	0.816542	0.595325	0.141617
2.4355	2.39636	2.49267	1.1558
2.4202	2.40349	2.63697	1.48429
2.53741	2.8016	2.64366	0.305834
2.22792	3.13818	2.70775	0.346177
2.34438	2.83929	2.61802	0.171704
2.60874	2.35942	2.35599	0.978848
2.69929	2.76118	2.71552	1.04415
2.26405	2.32054	2.69924	0.527518
4.67141	3.87019	2.15573	1.53277
2.35853	2.2521	2.14558	1.81315
2.1414	2.42482	2.66185	1.7755
1.21193	1.96075	3.13453	1.04643
2.28967	2.60629	2.63951	1.07249
1.47496	4.3758	4.23661	0.111958
2.37923	3.03534	2.80506	0.127047
2.24931	3.51769	5.2131	1.999
2.17221	2.44982	2.63142	0.263307
1.11678	1.43509	2.87914	0.271411
1.71462	4.79852	4.4454	0.84999
3.95194	3.30782	1.69451	1.97453
2.70621	2.22307	2.70036	0.906451
2.36563	2.49003	2.43606	0.453161
1.87834	1.89882	2.74295	0.891066
2.58152	2.51602	2.55789	1.34957
1.12975	3.79311	1.39404	0.575008
1.75712	1.45276	3.91874	1.97247
2.61468	2.70065	2.21099	0.0790421
0.374423	2.12582	2.45227	0.795748
2.23276	1.39188	2.18132	0.969283
2.51245	2.61623	2.70319	1.37062
4.13016	3.62067	4.05662	1.41152
2.46968	2.44622	2.38768	0.810077
2.57266	2.63898	2.4085	0.544266
4.01565	4.32338	3.92347	1.94807
2.79806	2.24286	2.9421	0.186732
3.76909	3.81486	3.84995	1.89152
2.27738	2.03307	2.59159	1.38019
2.69317	2.15239	2.50641	0.300416
2.49094	2.3411	2.49632	1.52332
4.21709	4.5997	3.37537	1.73784
3.724	1.11018	2.29614	0.910289
2.16377	2.40566	2.69746	1.07481
2.48094	2.77798	2.62417	0.196115
2.55466	4.74383	4.03148	0.147432
2.40006	2.62712	2.41766	0.333996
1.88357	2.17989	2.57488	1.51758
2.3315	2.53494	2.45337	1.45517
2.35933	2.57017	2.52923	1.66636
2.42038	2.58695	2.42958	1.04277
3.3264	0.367837	2.60747	0.411986
2.50272	2.41604	2.60849	1.28666
2.3385	2.23677	2.36237	0.551865
2.31207	2.48205	2.68187	0.875856
2.56306	1.9701	2.68819	0.531078
1.5906	1.67991	2.23117	0.685995
2.26103	2.6979	2.52618	1.90143
2.45765	2.43869	2.6203	0.928318
2.46767	2.60553	2.73156	0.684524
4.86956	1.9736	1.77697	0.0640763
2.5128	2.60299	2.53564	0.288312
2.28005	2.68075	2.59559	1.60715
1.64747	1.17406	2.58705	0.888699
0.274905	3.07292	1.03429	1.80059
0.853849	1.97781	0.554344	1.9581
2.59541	2.39395	2.35847	1.22009
1.27233	4.88711	0.5257	0.148916
3.90824	0.628081	2.2237	0.819269
2.47689	2.55215	2.3585	1.64808
2.76203	2.46641	2.31195	1.35281
2.50714	2.34807	2.53651	0.821301
1.54023	2.84082	3.00712	0.821672
2.70883	1.96579	4.70137	0.599325
1.88453	2.35221	2.30995	0.678115
0.75396	0.264068	3.9685	0.0680525
2.4354	2.49072	2.44401	0.880917
0.839809	2.42799	4.51758	0.199694
3.14194	1.21922	0.118951	0.096008
2.03501	2.59701	2.56325	0.695629
2.30686	2.4197	2.50334	1.35349
1.18736	3.71904	1.50922	0.833219
1.83386	2.03926	1.29907	1.8562
1.03369	4.64594	1.38637	1.0961
2.21246	2.43789	2.40897	1.24734
2.04985	2.54774	2.62518	1.07313
2.33823	2.56615	2.62443	1.46794
4.60535	2.74668	3.13733	0.403797
1.32583	1.12637	0.946008	1.48874
0.568481	0.66841	3.36573	1.94122
1.28675	1.78589	1.76969	0.978597
3.31926	0.277477	2.69664	1.55005
3.68187	3.63912	3.42846	1.33971
4.47516	3.69441	3.34829	0.847963
2.45799	2.7148	2.4411	0.0375487
2.52509	2.45418	2.412	1.29407
4.00647	3.54276	3.58451	0.138276
0.665905	1.16904	3.33733	1.39107
3.12076	1.29156	4.10495	1.10973
2.93649	2.4775	2.26836	0.13182
2.80976	2.25863	2.20219	1.05378
1.53215	2.02471	1.80044	0.945593
2.3554	2.65341	2.81595	1.13478
2.57896	2.37876	2.31052	0.857441
2.42126	2.31141	2.28888	1.53186
2.45923	2.5034	2.46542	1.2545
2.04142	2.54926	2.56873	0.550704
2.69718	2.15092	2.73673	0.233016
4.58264	2.75829	1.03753	0.182805
2.47268	2.32328	2.07028	1.50479
1.8427	2.3755	2.33212	0.103302
2.53672	2.27251	2.6174	1.15915
3.42854	0.844832	4.31371	0.596495
3.12409	2.55091	2.91668	1.98379
0.126728	2.6682	4.27667	0.643468
2.28864	2.56774	2.65596	1.72043
0.6603	4.44466	1.31774	1.40951
2.46578	2.39107	2.53874	0.758022
2.53489	2.43356	2.60579	0.679204
4.71576	1.42381	0.95555	0.902349
2.39736	2.71105	2.31082	0.810195
2.42267	2.19446	2.28518	1.0498
0.54866	0.746328	1.78927	0.804307
3.67062	3.63018	3.3688	1.91659
2.25663	2.38945	2.62626	0.0848613
2.33645	2.185	2.61139	0.602797
2.10398	1.90284	1.34849	0.416555
2.41626	2.547	2.61858	1.3048
2.96256	3.36886	2.93736	1.79299
2.56267	2.92844	2.75301	1.73265
3.41606	3.39367	3.5615	0.782976
2.43887	2.52157	2.63277	1.83882
1.98869	2.91463	2.31604	0.949303
2.61876	2.26965	2.18605	0.0603349
3.48035	3.52187	3.13575	1.99705
1.80553	1.70127	0.920307	1.60416
2.3527	2.42077	2.76978	0.781132
4.26199	3.35009	3.92509	0.563294
2.28519	2.51489	2.44113	1.88177
3.59929	3.40804	1.19909	1.60213
3.16843	1.52787	4.017	0.337555
4.51497	3.19639	3.52946	0.881626
1.94823	2.37643	2.89119	0.892089
4.11972	2.73457	3.06564	1.28412
0.230387	1.38237	2.97207	1.92319
3.69743	3.5883	3.36639	0.909297
2.37795	2.65927	2.56616	1.74223
2.4685	2.60867	2.3798	1.95008
4.79691	0.543668	3.41756	0.566784
1.8908	5.06157	0.869995	0.936955
1.82374	4.11633	-0.518317	0.230881
4.12393	2.2271	3.53608	0.104977
3.64511	0.558806	2.71867	0.352013
1.68163	2.4711	2.57901	1.78906
5.07637	2.94672	0.373121	0.225995
3.81074	3.71276	3.35099	0.719967
2.64615	2.65379	2.3413	0.770755
2.41825	2.84397	2.38373	0.709542
2.62667	2.48031	2.22727	1.56986
1.01711	4.17372	1.03091	0.0807366
2.76098	1.09452	4.17861	0.194955
4.86877	1.3967	1.79282	0.565065
1.8147	2.37059	5.04097	0.310465
2.73379	2.53873	2.27779	1.16239
1.32379	4.70348	-0.271004	0.580083
2.29902	2.39797	2.58392	0.114593
-0.0499348	3.02258	0.601042	1.03966
2.36291	2.46456	2.67742	0.721141
2.1837	1.87313	3.12276	1.27995
2.56595	2.36683	2.42848	0.993636
2.21006	2.65527	2.64917	0.806381
2.09078	5.28365	2.19294	1.03405
3.57756	1.56719	0.930793	1.70406
1.97744	3.0304	2.46982	0.720384
4.10496	1.80259	2.21286	1.81928
2.77704	2.58791	2.40448	1.92468
2.80661	2.61796	2.27159	1.68078
2.66936	2.25351	2.3112	0.772052
1.83703	1.98909	1.46784	1.28891
4.53184	1.24182	2.73551	0.964768
1.69933	3.97731	3.53223	0.991899
1.93552	2.64774	2.3774	1.97466
2.5721	1.22073	2.03959	0.852992
3.7621	3.49973	3.61154	0.786335
0.552952	1.72709	3.64331	0.147498
2.43625	2.54704	2.56423	0.71765
1.13083	3.69682	2.23842	1.4331
3.63534	4.45449	4.41798	1.49431
2.79819	2.95037	2.67897	1.10749
3.14497	1.75313	2.43533	1.54478
1.7949	2.59676	2.6657	0.0235762
2.5945	2.4567	2.6243	1.00132
2.66168	2.6383	2.29108	0.189696
3.77128	2.67369	4.01031	1.5386
2.91536	2.67474	2.70787	0.611539
2.22544	2.57567	2.3269	1.51007
3.67913	3.62937	3.39316	1.99045
3.58838	2.13242	2.71051	0.461379
4.53421	1.979	3.65821	1.78624
2.29865	2.45004	2.25718	0.266209
2.58776	2.36323	2.22837	0.990448
2.48018	0.94258	2.96088	0.571085
2.63999	2.40656	2.36597	1.5206
2.53688	2.14492	2.4374	1.30657
1.91506	0.861964	0.218519	0.671103
2.62856	2.2189	2.267	1.92371
1.98827	2.15643	2.24958	1.87371
2.17041	2.50809	2.66862	1.48419
3.19518	3.39027	3.05827	0.438606
2.34843	2.85915	2.55698	0.236235
4.19197	5.7055	1.51374	1.37475
2.55481	2.45315	2.48107	1.36133
4.22265	1.35788	2.99277	1.78363
2.38556	2.58896	2.5919	1.57586
2.32133	2.4912	2.43917	1.69466
2.43719	2.88362	2.89772	0.348659
3.13896	1.13414	4.5496	0.144389
2.62176	1.6486	2.6321	1.16163
0.86791	3.34135	3.57648	1.47006
2.4073	2.49965	2.63988	1.36067
2.59028	2.65798	2.52618	0.00666445
2.792	1.39632	1.20201	0.811111
3.33876	4.16038	2.87457	0.183729
2.59928	2.53761	2.18781	0.806894
2.76046	2.3333	2.63598	1.99531
2.36892	2.60349	2.49509	1.10588
1.78437	2.77279	2.97451	0.394322
4.08284	2.0014	2.59581	0.107102
3.98318	4.29307	3.16466	0.299927
2.2251	2.30279	2.91311	0.0198959
4.14209	4.14265	4.14438	200
3.50549	1.3552	1.62865	1.34996
1.60723	4.89126	3.72511	0.639552
2.79847	1.81311	2.51378	1.17227
4.57223	0.0550292	3.3786	1.90941
2.87885	2.59544	2.25458	0.396166
3.64462	3.09568	4.67074	0.532602
2.54041	2.54503	2.53605	0.708986
3.13386	1.35566	4.35387	1.0417
0.100236	3.87997	3.1601	0.861806
2.33895	2.90661	2.33246	1.72418
2.62879	2.78148	2.24996	0.0966972
-0.168842	0.610749	4.24607	1.41315
2.97896	3.63973	1.96569	0.29013
4.03561	3.70251	3.79777	1.32659
3.44844	0.0263219	2.71542	1.24294
2.67679	2.40278	2.43832	1.1592
2.55549	2.52199	2.52364	1.36548
2.68769	2.54331	2.58192	0.88148
0.796856	1.89404	3.55252	1.58661
2.55213	2.47914	2.59811	1.18944
2.70051	2.21625	2.79671	1.66268
2.74855	2.31309	2.5037	0.051283
2.7115	2.48321	2.66074	1.55639
1.5308	1.21948	4.188	1.48627
2.01255	1.37317	2.08964	1.48001
4.05907	0.79492	3.55102	1.91755
2.07676	1.25575	1.39199	1.08828
4.17531	3.72814	3.24963	1.61807
2.60812	2.23619	2.35093	0.434663
3.99085	3.95895	4.63966	0.0171461
2.27065	2.61429	2.73394	1.08416
1.222	2.8897	3.07305	1.61423
2.5318	2.56406	2.34053	1.28468
2.58223	2.37542	2.52559	1.29114
0.0545131	3.17811	2.83908	1.11934
2.5591	2.293	2.69633	0.523311
4.09068	2.54471	3.6221	0.474021
2.89519	0.56759	2.74813	1.58303
2.19357	2.27587	2.33962	0.583137
2.56446	2.73073	2.72048	1.37954
2.37582	2.43204	2.49571	0.0233852
2.2568	2.25419	2.49293	1.54272
2.68926	2.06461	2.48504	1.78314
3.27175	0.572559	1.99423	0.765534
2.50399	2.47858	2.62405	1.7058
2.37326	2.54012	2.6161	1.93244
0.707574	2.74681	4.8321	0.149241
2.59402	2.21135	2.51292	1.85341
3.57479	3.17308	1.68609	0.751875
3.91318	2.9482	4.2294	0.632266
2.75264	2.6751	2.44887	1.23638
3.9398	4.31602	2.96321	1.77377
2.2346	2.8932	2.55196	0.69464
2.66771	2.32779	2.61334	0.767611
2.39609	2.49164	2.49996	1.91803
2.71246	2.04511	2.60792	1.86014
2.56567	2.32425	2.24412	0.698052
2.42041	2.31878	2.48936	1.72485
1.34589	0.738621	4.65844	0.219421
2.03257	2.84031	2.07479	0.453881
2.26308	2.78929	2.72303	1.1768
3.63934	0.103419	1.49573	0.96557
2.63107	2.34098	2.13696	0.773856
1.24332	4.10264	4.56846	1.94551
2.7387	2.46349	2.84843	1.14287
4.6087	0.875028	1.90931	0.0159179
-0.0754235	0.988134	3.32643	0.187193
2.91939	3.13389	4.51123	0.996702
-0.0559437	1.95159	3.79963	1.94245
2.14281	2.28786	2.85788	0.483452
2.61878	2.80554	2.25452	0.286069
5.04528	1.1919	2.97893	0.749971
2.49686	2.67149	2.3978	1.28997
2.41906	2.72221	2.6392	0.568618
2.32381	2.52793	2.71161	1.38159
2.19603	2.39824	2.50477	1.47105
2.34092	2.47281	2.5157	0.751674
2.52785	2.59286	2.50641	1.64889
3.93879	4.45675	2.1174	0.559828
4.27753	3.25347	0.536986	1.52107
2.4158	2.53249	2.50351	1.89069
0.686541	4.52189	3.2287	0.552685
1.5048	1.20305	2.62749	1.4279
2.59225	2.30676	2.37345	1.79848
0.578954	2.3363	3.31407	1.53407
2.82956	2.1635	2.77868	0.747122
2.64769	2.64975	2.6154	0.661455
1.96826	3.52708	3.73353	0.326115
2.83908	3.87497	2.58306	1.78257
0.0684517	3.31418	2.68188	0.768632
1.31787	4.22001	2.50617	0.503218
3.25183	1.67981	1.78127	1.44645
2.34354	2.5292	2.58385	0.0418909
2.545	2.7866	2.75335	0.91484
0.0644501	2.42642	0.161943	0.565822
2.31263	3.39541	1.6264	0.532096
2.29214	2.36851	2.29886	1.86287
2.91288	2.45135	2.39566	1.67606
2.32133	2.60944	2.60562	1.50154
1.14149	4.65189	2.19012	1.33143
2.54637	2.69316	2.74215	1.96995
3.58398	3.74342	3.43401	1.37336
4.23339	4.1461	1.98441	0.971009
2.54007	2.54569	2.66701	0.972297
0.50469	0.588795	3.72271	1.72469
2.45737	2.47137	2.41938	1.38714
2.80461	2.62857	3.37265	0.218221
2.92459	1.43819	0.10174	1.39384
2.59733	2.31079	2.36926	1.85717
2.33127	2.91	2.32177	1.3436
2.18772	2.93306	1.17883	0.929578
2.87578	1.43549	1.50339	1.94067
2.086	2.93128	2.335	0.103185
2.44074	2.74149	2.29311	0.498432
3.70796	2.81494	2.09323	0.707169
3.26929	3.21913	2.75601	1.98089
2.13889	2.37182	2.35013	0.274585
2.47604	2.64467	2.46038	0.42304
4.81211	2.86507	0.0591233	0.239115
2.66086	2.4814	2.3208	1.38601
2.07742	1.7184	1.45871	0.19526
2.34485	2.38724	2.34921	1.55744
2.19001	2.71252	2.55105	1.57425
0.652985	4.19106	0.569095	0.865928
2.39365	2.41624	2.25793	1.54378
3.98528	1.0091	3.03395	0.700084
2.25749	2.36959	2.57971	0.442029
3.88211	1.79727	3.03578	0.565467
2.48218	2.52466	2.51338	1.87543
2.44542	2.46526	2.41561	1.65532
2.47349	2.52304	2.61967	0.541414
2.44849	2.20623	2.23552	1.8935
2.24367	2.43191	2.90312	0.639692
2.63448	2.42876	2.32917	1.99807
4.42746	3.25983	3.34006	1.29745
0.232885	4.45698	0.107806	0.362111
1.03621	2.71088	3.30131	1.88215
2.33532	1.01982	0.24443	0.942829
2.59022	2.32604	2.43852	1.43098
2.44671	2.59505	2.36891	1.72963
2.47987	2.46809	2.58472	0.746002
3.25675	0.855313	4.1863	0.889364
0.996372	1.83541	4.28744	1.38603
-0.0178583	3.35267	1.69538	1.03768
2.7039	2.37916	2.30653	0.751449
1.35448	4.25977	0.598704	1.02398
2.34644	2.77037	2.72166	0.776038
3.88526	0.564982	4.04914	1.50955
3.88306	3.76755	3.30181	0.707032
2.39421	2.96231	2.60006	0.572153
3.70344	0.547394	1.59529	1.63608
1.45448	2.11516	4.86127	0.506335
2.57893	2.58797	2.59653	1.34812
3.45289	3.96244	3.10491	1.27519
4.17635	4.4265	3.17464	0.200688
2.96928	2.69642	2.97548	1.1477
1.61783	1.87577	1.53787	0.0159602
2.29896	2.51589	2.38903	1.14919
2.79923	2.35124	2.15433	1.06729
3.13576	2.14564	-0.518702	1.94466
2.49796	2.29301	2.54985	1.10349
0.596218	1.36606	3.35543	1.91406
3.80031	3.48066	3.1856	1.09845
3.72346	1.07279	2.33671	0.418676
0.654847	2.6325	5.85676	0.756179
2.48263	2.19574	2.36176	0.786355
2.40684	2.55998	2.5558	1.82169
2.71261	0.248935	1.1713	1.2023
3.98488	4.26741	3.74411	0.042167
1.94486	2.65327	2.27214	1.21593
0.689017	2.51317	3.71072	0.101178
1.9492	2.39258	2.42663	1.68672
2.40803	2.26805	2.31565	0.213413
1.16975	4.54695	4.19966	1.54629
2.27835	2.55326	2.5929	1.18859
2.29398	2.05238	2.30722	0.539391
3.72798	2.68605	3.96869	0.91742
2.26825	2.99714	3.76403	0.495531
3.96531	2.22505	3.1112	0.504692
2.52564	2.58425	2.37201	1.66964
3.5457	4.74652	0.92894	0.0482931
2.19698	2.49265	2.66487	0.0214783
2.55348	2.61267	2.64769	0.0169374
3.41378	1.21522	4.59524	0.290313
2.45363	2.47475	2.4712	1.67878
1.53573	1.97795	2.84931	0.284413
2.53651	2.32267	2.71339	0.797035
2.4285	2.21659	2.52642	1.95863
-0.2131	4.53184	3.0439	0.597388
2.14175	2.66787	2.46999	0.968789
2.90648	2.0019	2.66969	0.660951
2.62181	2.13154	2.43174	1.72751
3.12511	2.39894	1.76877	0.355608
2.43222	2.89783	2.47573	1.28887
3.25385	0.430909	2.71481	0.239187
4.51713	3.83258	3.70638	0.0244587
0.396212	1.82844	2.65425	0.134863
2.54712	2.39833	2.58316	0.370332
2.38573	2.79487	2.22612	0.499524
0.467889	1.87811	3.6066	0.311374
2.89707	0.734864	3.82179	1.64162
2.47072	2.57972	2.51529	1.56551
2.34216	2.08275	2.67056	1.14577
2.02612	2.26214	1.40477	0.471306
3.85345	0.56434	4.13769	0.0135259
2.482	2.14937	2.59813	0.102434
1.30289	1.84593	3.35508	1.43063
2.03003	2.60709	2.63204	1.53924
3.72898	3.48983	1.08395	1.6762
2.57203	2.36016	2.80989	0.452123
2.77942	2.69027	2.58426	0.696759
2.14666	2.5569	2.58428	1.25618
2.03209	2.97035	2.22615	1.59299
0.480538	1.10182	1.58338	1.28325
0.570656	1.92429	2.90656	0.466394
0.995516	3.22836	2.89076	1.58866
2.80057	2.2842	2.29965	0.580873
2.6209	2.36897	2.45758	0.425618
2.33926	2.33827	2.33789	0.601869
0.576087	4.16267	0.546856	1.95921
2.55185	2.73225	2.391	1.54873
2.40935	2.43861	2.61504	1.85001
1.89215	1.81941	2.43704	0.671367
2.8866	3.79071	3.72556	0.866638
2.4488	2.56027	2.37921	0.806382
2.40287	3.53759	0.988541	1.58441
0.761584	2.15238	2.93366	0.51041
4.58736	3.36714	3.26374	0.709493
0.209574	3.38696	4.8838	1.95338
1.6727	2.30624	3.58042	0.814447
3.09445	2.40146	1.86265	0.637829
2.07273	2.16817	2.77828	1.95037
2.40928	2.5161	2.52812	1.30218
2.48785	1.98896	2.50906	0.543881
2.43458	2.49411	2.47448	0.987951
4.31113	1.80421	2.23678	0.289256
0.0208984	1.74788	3.33452	0.815182
0.755784	3.12335	1.40888	1.68194
3.63911	3.90107	3.37213	0.607678
1.59694	2.00601	3.20356	0.132021
2.59121	2.39575	2.26105	0.208701
2.6137	2.74189	2.73016	1.6467
2.45086	2.58926	2.50071	0.510839
0.172475	3.41207	3.85114	0.876524
2.56165	2.59159	2.64125	1.33363
2.3511	2.6195	2.53601	1.2546
2.72868	1.82199	2.89076	1.29807
2.0433	2.57057	2.04253	1.9358
1.6782	2.00456	2.8586	1.0387
2.39903	2.36623	2.4556	0.578738
2.42752	2.42286	2.40413	0.0347444
2.98373	2.3508	2.15877	1.93989
2.47749	2.51076	2.45112	0.0211708
1.23777	4.30662	4.07476	0.36109
2.49323	2.54489	2.67792	0.78402
2.44899	2.46867	2.44646	1.29352
2.72524	2.3761	2.44603	1.13863
2.26874	2.78422	2.32895	0.46536
3.30227	3.56259	3.12061	1.98979
3.58556	2.10507	2.6208	1.62902
3.02645	0.998927	1.87894	1.93866
1.6286	3.0664	3.72905	1.11673
3.21572	0.892713	0.874209	1.6224
2.46244	2.49359	2.22292	1.0017
2.99652	2.55659	2.30701	1.24629
3.6709	0.872456	0.600581	0.603414
4.56041	3.12835	3.24537	1.36124
2.55265	2.40724	2.49996	1.63747
2.67488	2.22996	2.71833	1.21837
-0.115253	1.93148	3.50515	1.63043
2.64917	2.42413	2.3243	0.882941
0.847793	4.48942	1.27384	0.341296
1.31162	2.643	0.118578	1.68264
2.19493	2.419	2.718	0.547275
1.60648	0.767212	3.43718	1.13412
2.62721	2.57589	2.466	1.12822
2.07075	3.191	3.06903	1.10564
3.7986	3.90897	3.53351	0.0583893
2.56492	2.59872	2.63119	1.77395
4.09271	4.40508	3.25172	1.57453
2.50472	2.32128	2.28732	0.733576
2.41676	2.51089	2.56405	0.513059
2.49638	2.18533	2.51533	1.82462
4.49579	3.71361	3.71012	1.62738
2.40997	2.18847	2.29335	0.990091
2.37767	2.72937	2.84296	0.898682
2.63256	2.02409	2.48015	1.61564
2.42005	2.59421	2.51317	1.66671
4.2446	3.87129	3.19785	1.49279
1.33416	1.25029	3.25737	0.413026
2.30975	2.64353	2.5304	0.958652
3.44048	3.6368	3.24649	0.838279
2.43488	2.42179	2.17298	0.471067
2.42671	2.561	2.40474	0.246148
0.868139	4.43737	1.27374	1.68244
2.46077	2.51574	2.57239	1.321
2.47915	2.69208	2.88627	1.48983
2.66357	2.68235	2.20668	0.301069
2.51991	2.46382	2.43776	0.544456
2.71503	2.13456	2.48082	1.82092
2.38469	2.28472	2.29525	1.95296
3.03927	-0.0531101	2.90562	0.954617
1.69128	1.66153	4.32923	0.534394
1.53728	1.02639	0.66996	0.612131
2.49834	1.98263	2.11477	1.1662
2.13361	3.07427	0.499683	1.96148
3.67149	3.51757	3.35754	1.47631
2.48005	2.46161	2.21323	1.73755
3.83685	2.44297	2.96811	1.18773
1.72751	0.77288	3.6165	0.955067
2.72606	4.24958	0.731178	1.06336
3.89117	1.33684	2.39863	0.501248
3.41573	1.12063	1.33437	1.50284
2.39432	2.30758	2.79506	1.9276
1.92822	2.15331	1.31396	0.43446
2.49573	2.5711	2.99258	0.958715
4.09592	1.29516	3.62837	1.5413
2.24681	2.56205	2.63208	1.70265
2.7253	2.64436	2.67357	1.83382
2.7669	2.28809	2.49377	1.3447
3.7016	4.01233	4.03337	0.00123263
0.202127	4.14436	1.78637	0.998952
2.50637	2.38097	2.47262	0.141074
3.1552	1.20527	1.0165	0.324224
1.3939	1.75644	2.70585	1.22009
2.13439	2.42977	2.77542	0.603239
2.9896	1.11246	3.04713	1.67838
2.37599	2.31047	2.31805	0.349216
4.50255	1.99829	2.59315	1.91187
3.81303	3.88071	3.04774	0.464637
2.21367	2.48826	2.62815	1.64589
2.74617	3.03494	2.5576	1.4176
2.79656	2.22792	2.72933	0.48677
2.94285	2.23989	2.49572	0.545224
1.81028	2.26951	2.62279	1.37944
2.69699	2.27138	2.14766	1.07382
2.38959	2.78975	2.63121	1.29982
3.25388	1.16158	1.00824	1.9704
3.95859	4.63004	1.71813	0.190399
2.82817	1.24797	0.554924	1.0274
1.4526	2.77766	1.80334	1.61955
2.19224	2.1177	2.36654	1.05531
3.91226	4.33354	4.06247	0.430426
1.75657	2.97005	1.68057	0.752387
3.43981	4.63406	3.72331	0.600892
3.079	0.576359	4.17142	0.627176
3.50204	4.05766	3.04417	0.262488
2.55982	2.51178	2.38238	1.19602
1.79064	2.42207	2.82412	0.477392
2.36914	2.38537	2.6707	1.53948
1.17513	2.16412	1.98945	1.00381
4.11991	1.99889	0.743557	0.373357
0.721241	0.450242	3.67977	0.350512
2.13016	2.39416	2.9	1.81188
1.11362	1.52232	3.46004	1.5071
2.4844	2.82179	2.7801	0.892108
2.51443	2.45895	2.46841	1.57655
2.46838	2.49475	2.44785	1.86779
1.87335	2.7086	1.86567	1.00049
3.07394	1.03826	2.0324	0.524171
3.83215	3.74314	3.85734	0.0612508
3.34313	3.21147	3.44673	1.62676
2.34024	2.5579	2.6293	1.86847
2.43156	2.52414	2.50954	1.48008
2.41416	2.24503	2.69035	1.85474
0.164578	3.31157	0.715692	1.90192
2.50952	2.64388	2.36669	1.81871
2.25449	2.46487	2.47533	1.65812
2.77504	2.43934	2.45057	0.518004
2.2797	2.72676	2.71841	0.717563
0.0218091	1.09167	4.66527	0.851766
2.09067	2.68486	2.25878	0.471304
2.47222	2.33892	2.48761	0.508969
1.29972	1.48672	3.37298	0.81976
2.38113	2.42924	2.49232	1.86464
2.4804	2.69142	2.54772	0.213937
2.97544	2.71397	2.60145	1.26884
2.66818	2.2918	2.57378	0.374637
2.33019	3.68822	0.623095	1.27094
2.14177	1.34494	1.91795	1.39574
1.1628	3.74245	-0.557934	0.507869
3.30643	2.99846	1.45686	0.759597
2.6197	2.62666	2.21087	1.21848
2.51697	2.54825	2.96292	1.14635
2.33124	2.49753	2.62146	0.223763
0.184652	2.07144	3.09078	1.19639
3.20089	1.1074	4.13632	0.893085
2.70909	2.96978	2.22225	0.329774
4.17084	3.08889	3.2515	0.394763
3.88078	2.15653	1.73049	0.138039
2.57297	2.11223	0.680185	1.07881
2.46	2.52074	2.92271	1.31473
2.5465	3.00852	2.69892	1.99435
2.43193	2.31969	2.12821	0.0159914
1.24458	0.423857	4.26402	1.34475
1.34564	-0.00258014	1.2294	0.145543
2.89134	2.54321	2.42485	1.90057
3.99682	0.637101	2.62905	0.808807
0.393968	1.02929	2.77454	1.39887
3.87132	4.47824	3.52687	1.13735
2.32985	2.98762	2.81615	1.7951
4.02728	3.57222	3.61896	0.350685
2.42145	3.80046	1.74993	1.84817
1.78717	1.25547	2.01701	1.3095
2.90916	2.90017	1.43798	0.559557
2.33943	2.37889	2.65815	1.70196
2.49555	2.50948	2.48068	0.827858
1.53534	0.815121	2.65489	0.121912
4.62809	2.24543	1.09391	0.455506
2.39828	2.72325	2.44945	1.39985
2.42847	3.04975	2.5793	0.366338
2.40568	2.08436	2.57227	1.7537
3.21031	3.75292	2.19209	0.00444717
3.1433	0.285756	0.344102	0.778388
2.58973	2.68573	2.49203	0.306366
2.46087	-0.0540637	3.57369	0.688172
2.5702	2.60403	2.38541	0.0876878
3.26849	1.02743	0.156179	0.521662
2.78385	2.44856	2.29388	0.323067
1.09085	4.49724	3.84744	1.75305
2.46993	2.44642	2.71698	1.58434
3.31633	0.0314836	2.52284	1.00923
4.51455	2.62857	-0.12252	0.892784
0.374373	0.895307	1.85131	0.208775
3.25373	4.38351	3.07445	0.162555
2.4909	2.33011	2.65262	1.12599
2.4396	2.5504	3.02142	0.496846
3.85636	0.596455	2.51048	1.58581
0.329598	4.50964	1.24107	1.98747
2.33019	2.55614	2.65155	1.74242
2.2207	2.42362	2.68581	1.04227
3.82145	4.19012	1.17141	0.145329
2.65929	2.73759	2.48714	1.6153
2.36884	2.52409	2.63523	1.85106
4.08924	3.63158	3.16504	0.70038
1.67896	3.06437	3.35519	1.63202
2.65706	2.26207	2.20581	0.0764914
2.37409	2.53064	2.35054	0.491059
2.35282	2.4723	2.80636	0.984646
2.76624	2.70793	2.9053	1.61108
2.45318	2.8839	2.80938	1.66339
3.58987	1.84719	-0.228211	0.994284
3.80003	1.07559	0.528158	1.87421
3.87114	2.53231	0.517352	1.06537
2.63108	2.64545	2.63774	0.426405
2.39851	2.34709	2.69837	0.670388
1.57283	3.08191	1.95414	0.0851834
2.32881	2.41538	2.86602	1.56706
2.77223	2.19806	2.21986	0.652835
2.32754	2.39582	2.76644	1.04836
2.26803	2.3072	2.44772	1.06745
4.20475	3.62554	2.70275	0.759828
2.61478	2.22381	2.378	1.29644
3.92983	3.31425	1.66269	1.65035
2.50577	2.5684	2.58995	1.78966
2.44731	2.52503	2.35261	0.629746
1.98198	2.23686	2.55742	1.24478
2.64353	2.12991	2.35318	1.93935
2.52361	2.41261	2.40441	1.59412
1.68828	1.85686	2.29469	1.19906
3.4698	0.388505	2.92848	0.649748
2.55667	2.49258	2.33892	0.198366
4.04078	3.34662	2.3531	0.491069
2.54363	2.51336	2.59923	1.8219
1.49573	4.47352	0.553821	1.26399
2.46981	2.50359	2.51972	1.60458
4.83753	2.68559	0.937958	0.220072
2.49795	2.61025	2.67128	1.76404
2.86648	3.00666	2.13356	0.736694
2.69724	2.77631	2.33111	0.461162
2.27837	2.40426	2.42241	0.216971
3.09974	2.8551	2.76852	0.199743
2.38515	2.43505	2.62629	1.80954
2.30479	2.63894	2.53956	1.04091
2.31592	2.7134	2.36134	0.226943
4.69481	3.05053	0.303929	1.25826
4.31177	3.95844	2.29309	0.97172
2.33117	2.41004	2.25537	1.86818
0.496954	4.31564	3.32495	0.120934
4.24804	2.89314	3.39913	0.9346
2.48065	2.55925	2.52034	1.69493
4.00484	2.66141	1.00804	1.32867
4.29504	3.20917	1.01217	0.936497
1.67373	0.0920187	2.52726	1.27169
1.42758	2.81332	4.18823	1.07001
2.33551	2.30099	2.54193	0.972836
2.29307	2.62732	2.49757	0.519565
2.05395	2.34657	2.54015	0.376931
0.343088	4.3097	4.80886	1.65032
2.62703	2.88019	2.55321	1.1276
0.957565	3.0534	2.96377	1.48147
3.69918	3.68675	3.86615	0.032556
2.28886	2.19837	2.34549	1.56831
3.85448	2.26406	3.30764	0.734269
2.35395	2.30924	2.70949	0.211474
2.14217	2.79509	2.51834	0.248207
2.3662	2.62859	2.61175	1.26285
2.71116	2.50312	2.18649	0.2725
1.2181	4.97952	0.850407	1.49332
2.14903	2.67273	2.50752	1.16197
2.23764	2.09984	2.309	0.176557
2.52173	2.39821	2.4791	1.73332
0.977638	4.70069	0.855819	1.95568
0.148	4.24835	3.40316	1.77896
1.10306	1.84435	2.76558	0.661439
2.38143	2.54452	2.48056	0.39207
2.05158	5.08356	0.834811	0.600186
3.6372	2.27647	2.79239	0.698726
4.00306	3.68118	3.72877	0.708936
0.469037	1.21827	3.41428	0.670175
2.4953	2.46295	2.24535	0.823428
2.48896	2.60499	2.51522	0.113716
2.47609	2.5241	2.61168	1.91211
2.67829	2.71382	2.40845	0.963227
2.46278	2.38974	2.34677	1.59203
2.51412	2.58543	2.50672	1.64057
1.69507	1.82831	2.33226	1.58185
2.63696	2.89799	2.63188	0.902919
2.97245	2.50476	2.54985	0.0990661
2.2545	2.30168	2.41119	0.639794
2.11865	5.25346	2.91304	1.04936
4.16307	4.10664	2.7412	1.09403
2.37348	2.54219	2.40579	0.646511
1.98843	2.52903	2.69146	0.719568
3.95552	4.07668	3.41286	1.09501
1.28617	4.52987	2.0967	0.607178
2.56643	2.29046	2.49218	1.13894
3.43785	2.93336	0.82143	0.0259267
2.32261	3.20122	4.55187	0.603994
2.76465	2.72323	2.61567	0.232388
4.44146	3.38502	3.10999	1.56544
2.34652	2.4627	2.44362	1.50376
1.34271	3.76591	3.27656	1.23094
2.46652	2.56459	2.33662	0.571178
4.65526	3.79052	2.11937	0.373962
2.88934	2.89583	2.12021	1.37035
2.19306	1.19498	1.71104	1.00623
2.37286	2.27256	2.53966	1.22692
3.77033	3.62199	3.72617	1.41735
2.49928	2.4367	2.48966	1.08608
2.08444	2.21012	2.47759	0.803659
3.29223	3.50624	1.24829	0.437515
2.44915	2.53181	2.35308	0.162883
2.5045	2.4802	2.60533	0.393318
2.54112	2.51647	2.22571	1.24959
1.19067	4.27527	4.39508	1.2364
2.49008	2.58271	2.31817	0.0391743
2.50555	2.43578	2.32294	0.0100449
2.4721	2.35915	2.46774	1.21128
1.78433	3.92194	0.996542	0.296899
1.33958	4.2746	4.30314	1.84732
-0.05301	1.86855	3.86	0.358184
-0.13687	0.940768	0.83255	0.680538
3.89625	3.35622	2.55137	1.03402
2.51055	2.21798	2.40941	1.69941
3.39627	3.21313	1.23603	1.24027
1.99348	2.10653	2.46307	1.23812
3.102	2.18778	2.04468	1.9852
4.25096	1.35758	1.2219	0.232273
1.5214	2.50528	4.5597	1.4884
-0.463507	3.70211	4.53298	1.99168
4.10907	3.68925	4.41522	1.63568
3.76983	1.75515	1.05753	0.8021
4.00624	1.18233	3.08441	1.93804
1.50425	3.48815	0.551098	0.279401
4.1406	3.82846	3.00499	1.1549
4.71358	2.04832	0.905077	0.693781
4.65259	0.646477	3.30517	1.8836
4.01862	4.11134	1.78261	0.45838
3.46878	3.79905	2.93659	1.09357
3.97534	2.26085	2.73791	1.29719
2.40141	1.97097	2.56849	0.0413927
4.39879	4.1898	3.81754	1.02623
1.09778	2.1035	2.89114	1.82854
2.43105	0.352013	4.12306	0.85278
2.50361	2.41567	2.49293	1.7218
0.520366	1.87271	2.83019	1.49264
3.03221	2.14321	1.93147	0.512495
-0.0504749	3.81207	0.739224	0.177076
3.78349	4.17797	2.84026	0.851864
1.30531	3.24625	2.03546	0.578894
1.79392	1.89944	2.4044	1.80717
2.9479	0.878592	3.68477	1.17345
2.41392	2.26238	2.24822	0.6899
3.93865	3.77525	3.90725	1.52063
1.20063	4.20419	1.78253	1.05305
2.33869	2.43635	2.58027	1.67054
2.30215	2.32561	2.56117	0.344058
1.11787	4.63776	2.80414	1.11251
2.28754	2.66156	2.44639	0.0872308
2.8384	2.59166	2.15799	1.89441
0.267019	2.18951	3.17121	0.983947
2.51073	2.51553	2.39744	0.581027
2.43481	2.53905	2.47325	0.786229
3.50974	3.64636	3.37922	1.26824
3.83369	1.53813	2.3249	0.300645
2.26145	2.65886	2.75562	1.83937
1.34509	3.4613	1.56905	0.125779
0.411541	3.087	3.52653	0.888413
2.55339	2.56061	2.3446	0.574583
2.34397	2.15833	2.24553	0.906946
2.2885	2.32668	2.61575	1.29513
2.80797	2.44989	2.49267	1.96667
1.68739	1.84275	2.32562	0.508763
2.96972	1.25202	2.14844	0.576555
4.03669	4.55703	2.92673	1.92576
0.401376	4.38711	2.97493	0.805231
2.47824	2.4166	2.4218	0.698358
2.64754	2.0669	2.33824	1.9781
2.27635	2.56372	2.62663	0.978991
2.4043	2.53067	2.49552	0.577524
2.23025	2.11986	2.17277	0.723195
2.32287	2.73366	2.51836	0.906757
-0.375274	3.68994	4.55622	1.17116
1.87377	2.39146	2.33051	0.0516172
2.49529	2.59681	2.57356	1.3967
2.03729	2.85334	2.15447	1.21674
2.05539	2.38595	2.55608	1.10218
2.28288	2.77969	2.66396	0.496909
1.62337	2.36437	2.25965	1.24782
4.15665	3.77232	3.27152	1.90955
2.48158	2.4989	2.43457	1.24654
2.4569	2.64124	2.52075	0.967019
4.2316	2.66795	3.56297	0.304927
2.091	2.17373	2.73197	0.0571682
2.39256	2.44275	2.3878	0.871175
2.36452	2.56936	2.59385	1.21315
2.17885	2.45555	2.63705	1.80544
2.33132	2.75864	2.7944	1.62998
2.42282	2.53765	2.41235	0.236435
2.20713	3.35452	1.49258	0.266094
3.71657	0.855049	3.60549	0.626219
1.86442	2.36289	2.35638	1.69223
0.455069	2.4349	3.77539	0.66885
4.4101	0.577387	0.286709	0.286803
4.17516	3.72246	3.21806	1.62772
2.38084	2.31808	2.55851	0.561156
2.66278	2.32052	2.62595	0.455714
4.35688	3.76736	3.12403	0.531696
2.36553	2.56805	2.64725	0.8739
2.80012	1.93306	2.57196	1.19559
0.417865	0.490437	2.68558	0.365807
2.56642	2.49333	2.28902	1.58069
2.43095	2.39755	2.63229	1.04791
3.99044	2.8837	2.16873	1.15499
3.11711	1.17521	2.61483	0.909197
2.47266	2.53576	2.44896	1.97592
2.19569	2.48819	2.38374	1.01086
3.04487	-0.216224	2.53023	0.124146
4.57878	2.73419	3.67286	1.60648
2.54551	2.70829	2.5315	1.90672
1.18319	3.97451	0.83951	0.439486
2.38802	2.17893	2.57798	1.46198
2.77463	2.45168	2.41263	1.37805
2.62388	2.58078	2.60347	1.16305
3.71531	3.42107	3.26517	0.850993
2.5906	2.53093	2.40301	0.165196
2.52774	2.47209	2.5393	0.268563
2.27166	1.96563	2.50761	0.49507
2.11349	2.21026	3.17726	0.216101
1.42452	3.43661	1.19933	0.663939
1.13789	3.19187	3.1977	1.27193
2.0779	2.36206	2.5494	0.272214
2.45153	2.60808	2.27543	1.21946
2.52522	2.79106	3.12587	1.4405
2.54717	2.37415	2.77043	0.171098
3.20861	1.49091	4.32697	1.46962
4.12961	2.06897	2.70308	0.707837
2.48532	2.41651	2.4466	1.86399
2.60625	2.31515	2.46597	1.27439
2.6363	2.66283	2.53363	0.409443
2.58876	2.71863	2.60246	1.16904
2.42799	2.5029	2.56985	0.331599
3.43549	4.18469	4.33213	0.285074
2.57282	2.33344	2.18908	1.2172
2.11319	2.48183	2.54732	0.89935
2.54298	2.41265	2.52817	0.217266
4.61462	2.65465	0.4828	1.52028
2.63768	2.75894	2.38832	1.64993
3.32326	1.55746	3.48417	0.476236
2.49598	2.51856	2.61846	0.742065
2.3356	2.53983	2.65659	1.95008
2.54957	2.67967	2.68578	1.24899
3.83742	4.31541	3.47825	1.02644
2.63969	2.98984	2.43334	1.09969
2.60902	1.9831	1.88417	0.281069
1.30687	4.20392	1.49231	1.48171
4.72958	3.35558	1.75864	0.680504
3.8097	5.45806	1.8178	1.92564
3.78148	4.15022	1.93491	0.555707
2.36682	2.71498	2.86411	1.45378
3.54363	0.0783832	4.19396	0.524436
3.63254	2.11937	2.80401	1.67563
4.61409	3.88875	2.12199	0.232929
4.95127	1.19286	1.71491	0.90213
1.96656	2.8041	2.50982	0.816187
2.32094	2.5176	2.61855	0.514668
2.68238	2.61989	2.85342	0.686451
1.48292	3.56356	2.06619	1.79586
0.244093	2.32896	3.07639	1.6928
4.596	2.49446	-0.190495	0.803674
2.57893	2.36914	2.5081	0.982337
2.41312	2.38776	2.60193	1.8505
2.64356	2.37983	2.6933	0.862177
2.7415	1.51592	1.11182	1.92722
3.24172	3.97384	3.94409	1.68661
2.27409	2.53762	2.77672	0.150388
1.00202	1.72392	1.75821	1.71872
0.914965	0.444367	4.44931	1.93574
2.44136	2.61985	2.41318	1.74956
2.55281	1.83425	2.88881	0.734056
3.67262	3.77985	3.1855	0.741951
2.21446	2.30317	2.51986	1.70133
2.57268	2.1991	2.39651	0.742585
2.62819	2.62159	2.68497	1.41108
1.9586	2.32734	2.1489	0.420404
1.25159	0.801178	4.6754	0.484521
2.48366	2.62463	2.63624	1.52143
3.01681	0.882522	3.81188	0.346415
3.65338	0.281665	1.06716	1.77616
2.01741	2.29997	2.25417	0.24509
2.42563	2.43533	2.62936	1.07711
-0.150793	1.65212	3.23267	0.409038
2.40532	2.42894	2.45355	0.564591
2.3582	2.4047	2.32213	0.481366
4.04274	0.982595	3.11568	0.536578
1.07547	1.22067	3.60554	1.21823
4.42799	0.945624	1.05083	0.934789
2.369	2.54531	2.37186	0.769266
0.58848	3.91959	0.743766	1.07314
2.75803	2.72671	2.1507	0.665011
2.10447	2.79646	2.11299	1.22271
2.02611	4.67459	1.56211	1.95702
2.62071	1.99221	2.59521	0.679246
2.15383	1.64003	2.23645	0.0751479
2.42279	2.42045	2.54662	1.07684
-0.417422	4.02739	0.576646	0.701054
4.0787	0.598375	1.85267	0.405571
2.66696	2.43156	2.27192	1.97958
2.56505	2.48353	2.31212	1.06522
2.37041	2.4533	2.70422	0.140805
2.29092	2.66982	2.59697	0.578394
2.49099	2.24484	2.24198	0.24038
2.44793	2.52273	2.34248	0.973154
2.5308	2.65526	2.57733	0.210663
2.53819	2.45953	2.49909	0.882856
2.39895	2.25466	2.56799	0.272792
0.350502	3.25491	2.36554	0.565898
0.267827	1.80034	2.96105	1.58433
1.74213	0.349669	2.87263	0.768512
1.85814	2.05977	2.71789	1.85369
4.05834	3.66229	4.24805	0.333036
0.687133	4.41064	4.11708	0.345271
2.52747	2.68562	2.49615	0.654244
2.49024	2.52888	2.27902	0.83375
3.28023	2.89683	1.50755	1.12637
4.91413	2.71932	2.49348	0.501374
2.30253	2.67867	2.79377	1.87739
1.59229	3.71148	1.26369	0.169426
3.61231	3.55674	3.39655	0.0943483
2.48887	2.22498	2.36408	1.00843
3.22755	0.663402	-0.0234537	1.05285
1.28489	4.61115	1.11878	1.91359
2.30556	2.52111	2.553	1.48004
0.924571	1.66867	1.97627	1.0257
2.43287	2.51448	2.70883	0.313752
1.8574	2.60038	2.83872	0.134978
2.02688	2.70291	2.54058	0.251056
2.6284	2.08443	2.36986	0.237897
2.37581	2.44715	2.08638	0.0949976
3.02969	2.8341	2.39413	0.36662
3.51801	0.31911	2.63063	1.85617
2.33497	2.5405	2.46463	1.42325
4.40045	1.71287	1.52518	0.60947
3.81544	3.30273	3.22457	1.6112
2.37776	2.26646	2.7578	1.23762
2.14036	2.53987	2.3531	1.97941
3.70501	4.49278	3.11692	1.55577
1.70738	2.95169	1.5349	0.407178
2.63403	2.34436	2.38244	1.93071
2.5985	2.61845	2.64969	0.676521
2.25447	2.46982	3.02554	1.34929
2.66865	1.33839	2.69692	0.516977
2.43981	2.38531	2.22811	0.646935
2.21798	0.863292	2.88598	1.9884
2.2006	4.78016	1.21794	1.93998
2.12297	2.30237	3.11895	1.91528
2.5228	2.63181	2.90795	0.832739
2.51856	2.44796	2.5381	0.685901
3.95653	4.32025	2.96572	1.60209
2.55396	2.55005	2.67518	1.8299
0.663094	2.47103	4.46812	1.76294
2.80317	2.78256	2.38673	1.10016
2.4389	2.60428	2.54829	0.587697
2.50585	2.44701	2.55624	1.99766
1.62622	3.69349	2.43473	1.75354
1.16427	3.65997	3.2364	1.83987
0.637388	3.49982	0.933701	1.9606
1.53951	1.7113	2.35914	1.28876
2.45891	2.44	2.44446	0.538466
2.46755	2.87875	2.62325	1.17448
4.89889	4.17045	0.656917	0.860587
4.33292	4.07182	3.27849	0.0638905
3.75308	-0.200685	0.791842	0.163056
1.852	1.54347	1.88347	1.16321
2.48925	2.39346	2.4424	0.201824
2.41218	2.59769	2.45586	0.440577
2.93118	2.37191	2.21084	0.552188
2.57562	2.34543	2.68738	1.44384
3.00759	2.95325	2.00396	1.36253
2.50563	2.34993	2.476	0.368111
2.42209	2.44824	2.32868	0.879622
2.58807	2.58141	2.44717	0.232225
2.87592	2.37769	2.02745	0.984858
2.86565	1.11353	0.19212	1.26261
4.47235	3.42645	2.92305	1.81222
2.38317	2.30357	2.56099	0.318602
3.12005	2.29906	2.4401	0.78429
2.467	2.38097	2.49277	1.57449
2.84115	0.0332588	2.86116	1.85212
3.40826	4.35418	3.79158	0.196619
2.55016	2.55009	2.33447	1.74455
1.99721	1.76705	2.06884	0.90994
2.46482	2.54719	2.29616	0.0335407
4.51484	2.17655	3.11247	1.39373
0.806866	4.08424	3.73005	0.261901
3.69672	2.09963	2.78523	1.49222
2.56305	2.56272	2.32559	1.23164
2.54068	2.42714	2.27395	0.451048
3.00023	2.32517	2.21359	0.390111
2.20674	2.43804	2.683	0.228041
1.7993	1.86653	1.50981	0.388145
3.66961	3.7958	0.595334	1.53917
3.54879	2.36974	2.75254	1.78782
2.58811	2.62907	2.63915	0.304303
2.54321	2.66186	2.49966	0.715436
2.67944	2.74623	2.62336	0.000160766
1.93792	2.0786	2.78586	0.790604
1.9363	2.234	2.43309	0.589553
2.37014	2.54346	2.18959	1.71298
2.05622	2.27396	2.69491	0.540948
2.24186	2.8706	2.81061	0.0097814
2.9639	0.801291	2.54313	0.618684
2.0325	2.20864	2.25212	0.28628
1.1763	2.17913	2.01181	0.388195
2.38466	2.59202	2.57207	0.427517
3.64861	2.98253	4.30132	0.0795727
1.38041	2.1177	2.05843	1.37162
3.51734	2.72268	3.85071	1.47381
2.23549	2.73714	2.80345	0.788655
1.91211	1.77134	0.975558	0.0833556
1.62203	3.492	3.74119	0.461948
1.14478	4.24252	4.30096	1.10475
0.279117	2.72584	0.617774	1.69982
2.6704	3.59807	2.09728	1.70406
2.10457	1.94777	2.83118	1.29844
1.86006	2.70803	2.52839	0.71462
0.989526	3.46316	1.38377	1.07974
2.45121	2.50164	2.54516	1.70122
3.00685	2.77506	2.02036	0.894138
4.23162	2.09436	2.21844	1.52159
2.66735	2.22536	2.30649	1.26864
2.58464	2.07654	2.4762	0.624582
3.77796	3.70905	1.43805	1.18944
2.49379	2.4619	2.24415	0.266196
2.45652	2.33779	2.20123	1.00462
3.74943	2.69383	3.95356	1.97002
3.361	3.91351	3.40472	0.230556
2.26588	2.1376	2.5283	0.924567
3.95343	4.05767	2.87574	0.474673
2.40426	2.33132	2.66452	0.547154
2.50126	2.70131	2.14092	0.250875
1.3889	2.21275	3.2132	0.668665
2.31472	2.22007	2.23692	1.36594
2.2564	2.76982	2.61541	0.413776
0.249358	1.68807	3.01528	1.13046
-0.154766	3.83415	2.22786	1.45736
0.447085	3.34076	1.77867	1.34443
2.2719	3.50526	3.00636	0.628384
3.08517	0.285489	2.95762	1.77112
0.394087	2.39291	2.26142	0.31682
0.954621	3.16632	1.32708	1.63136
3.7899	4.05841	2.95196	1.74034
2.01461	2.27022	2.88662	0.282004
2.57355	2.75395	2.245	0.455996
3.4165	2.35886	2.83188	0.588172
2.49868	2.56113	2.48962	0.756245
1.07063	3.12823	5.5292	0.589031
2.52531	2.35846	2.62993	0.751474
1.4115	2.27589	2.82618	1.57243
2.22557	2.18311	2.71462	0.826162
2.48848	1.60425	2.6655	0.203374
2.51058	2.51999	2.50813	0.283443
3.52712	3.20543	3.14264	1.2216
3.48023	3.49269	1.58399	1.47202
3.53136	4.57176	3.82924	1.67613
2.34114	2.47014	2.55833	0.552578
2.51117	2.50101	2.5267	1.16283
3.08274	1.31641	2.36888	0.355824
2.16825	2.31108	2.87828	0.730735
2.51532	2.41041	2.63973	0.463612
1.32059	1.88375	1.46236	1.83019
1.79254	0.692024	0.584113	0.157947
2.98608	0.368594	2.05867	1.64063
4.323	3.55512	3.2847	1.88566
2.5578	2.62677	3.02922	0.310507
2.67225	2.48899	2.32664	1.37733
4.04954	3.17302	3.85296	0.0793288
2.64702	2.49524	2.86764	0.122467
2.70224	5.03297	1.64026	0.981996
2.54132	2.54462	2.43022	0.0594915
2.30621	2.88849	2.8184	0.948263
2.33654	2.63831	2.6413	0.307808
2.94295	0.469505	4.10439	1.96753
2.43898	2.17097	2.92692	1.05453
3.17084	1.44593	1.00354	0.954272
2.53562	2.47184	2.50963	1.5832
2.49293	2.66994	2.91396	1.79617
3.83507	1.27496	0.86743	0.902367
1.85226	2.4447	2.37734	1.91485
2.8728	2.70956	2.38922	1.66066
2.46232	2.98187	2.71603	1.48685
3.39236	4.00215	3.08402	0.635795
2.83197	2.48986	2.19316	1.00114
2.62218	2.57991	2.24702	1.25698
2.55575	2.55125	2.49017	1.98046
2.46159	2.55272	2.60497	1.53382
4.12533	4.32239	0.601975	1.91371
0.0433028	0.950424	0.961726	1.98496
2.2496	2.47178	2.89807	0.63793
4.58188	2.90513	2.62511	0.601592
2.48719	2.4966	2.42648	1.04044
2.03736	2.34256	2.60821	1.2268
2.52284	2.53943	2.49166	0.191253
3.66074	3.65531	1.54172	0.723984
2.4795	2.49594	2.51442	0.241534
4.54491	3.32815	2.93865	1.35739
1.14731	1.31244	2.42667	1.59026
2.28187	2.46242	2.63806	1.3999
3.64332	0.616593	4.11007	1.66343
2.20145	2.29336	2.30294	1.31823
2.90004	2.72847	1.68458	0.347725
2.38824	2.41394	2.48685	1.01109
2.46502	2.383	2.51647	1.25339
2.98922	2.27186	2.43657	1.33613
2.5673	2.31019	2.78327	0.888912
1.66891	1.8022	2.34594	0.00797862
2.20937	2.47415	2.46452	0.894474
2.257	2.27975	2.67553	1.55526
3.61841	0.987841	-0.305951	0.846683
2.84635	2.74559	2.59054	1.36506
2.53129	2.4874	2.48206	0.605584
3.30571	1.26947	2.88449	1.76694
2.40156	2.41161	2.51785	1.71047
1.84676	4.47368	1.33747	0.899175
0.428966	0.505659	2.70064	1.14074
0.610181	2.63999	3.60259	0.610626
2.45914	2.39314	2.62171	0.685305
2.3948	2.77735	2.92753	0.257784
1.82601	2.06115	2.60587	1.01499
2.39674	2.33961	2.43587	1.73338
2.56625	2.98749	2.57144	1.65953
2.31653	2.66931	2.36431	0.0562572
2.45225	2.41509	2.28939	0.503665
2.85965	2.78569	1.07202	0.0872571
3.24365	3.08552	3.01068	0.0656741
2.47585	3.5091	2.32725	0.312154
2.47088	2.19594	2.42134	1.38979
0.320506	3.68821	1.72951	1.66509
2.55032	2.05885	2.58351	1.92928
2.80055	2.60341	2.49555	0.281483
2.47956	2.33482	2.52588	0.594372
1.61964	3.22016	1.39084	1.56753
2.5214	2.23917	2.13778	0.35772
3.22203	1.8173	4.51176	1.76887
2.47198	2.7174	2.56025	1.13539
3.99699	3.69568	3.70563	1.65292
4.94226	3.37973	1.06463	0.578171
3.07464	0.364083	3.33818	0.244069
2.28166	2.47355	2.75295	1.8258
3.07357	2.45399	2.73312	0.0152801
2.37916	2.55853	2.46863	1.25138
2.32572	2.35772	2.39846	0.12667
2.57574	2.49067	2.4163	1.14597
2.80952	2.08131	2.29059	1.30959
4.22676	4.29411	1.98684	0.196032
1.9346	3.6641	2.24509	0.699079
2.17218	2.22204	1.41036	1.93646
4.05589	1.16722	1.16781	1.77288
2.25531	2.75987	2.41984	1.92791
0.443419	3.40048	3.66956	0.407499
2.36552	2.44319	2.60332	0.684145
2.079	5.33907	1.87952	1.56681
3.95847	2.35595	2.04369	0.682265
3.97092	2.09821	1.50307	1.02112
2.59151	1.9894	2.6449	0.280101
3.04996	3.62452	2.48585	0.769149
3.04517	2.37438	2.41833	0.601652
2.9741	2.34091	2.25652	1.34514
4.12129	4.78658	3.49469	1.44747
2.39322	2.69081	2.31164	1.64843
2.75603	4.23651	2.65549	0.533412
2.1141	2.66994	2.54224	0.461556
0.153971	2.82441	3.84696	1.44268
2.2238	2.27789	2.70881	0.655452
2.41553	2.58831	2.28634	0.9936
2.53911	2.5439	2.4729	1.72882
2.66874	2.55651	2.31542	1.74386
2.27225	2.49031	2.67835	0.29556
2.3159	2.42064	2.54581	1.94776
2.77476	2.02468	2.34839	1.05329
2.43939	2.49938	2.6197	0.317014
2.65704	2.52623	2.62741	1.81748
1.75788	1.89928	4.92567	1.27723
2.3829	2.54293	2.40034	1.32471
0.625491	2.28934	0.42038	1.9089
3.87548	4.77288	3.60889	1.3406
2.41663	2.62815	2.39679	1.61888
2.49999	2.58536	2.47485	0.31254
2.51729	2.44214	2.52217	0.79427
2.63429	2.36042	2.60948	1.49264
2.55779	1.5809	3.5804	0.327419
3.58306	0.894008	0.259255	0.0904908
