1.64838	1.65756	1.68993	200
2.24343	2.54231	2.64536	1.59688
1.2664	1.65781	2.32585	1.53646
2.58191	2.64473	2.47772	1.25774
2.32878	2.70582	2.62051	1.83239
2.30434	2.50899	2.47576	1.21394
6.10986	6.7024	4.24487	1.60835
4.69963	5.05962	3.31927	0.217618
0.507821	5.27784	4.99504	1.67822
2.60288	2.44651	2.55152	1.04857
2.65266	2.39336	2.7182	1.54272
2.27124	2.36827	2.54526	1.78306
3.05419	2.1628	2.31571	1.83805
4.42642	-0.40438	-1.37796	0.172112
3.05318	2.76503	2.36784	0.697786
3.594	5.09087	3.23721	0.126192
7.13335	-0.129874	0.511439	1.70184
2.32924	2.5737	2.61775	1.5205
2.56859	2.48657	2.58343	0.0785607
6.89657	0.282913	1.82293	1.4419
2.3046	2.17031	2.60602	0.708097
2.24315	2.64473	2.74906	1.76015
1.8664	1.63954	2.31099	1.78674
2.42613	2.06758	2.53373	1.17728
2.05336	2.83323	2.8305	1.84794
2.51744	2.48389	2.61361	1.82194
1.80615	2.27374	2.66916	1.84026
2.25793	2.75454	2.70221	0.863907
2.67258	2.55647	2.60818	0.614916
0.546593	1.87691	1.67615	0.552469
2.37022	2.55218	2.71162	1.81361
4.34631	4.81972	4.7384	1.52095
1.71767	1.41248	-0.512899	0.766377
2.33107	2.48918	2.71149	0.464523
-0.387293	1.07275	2.91648	1.4643
3.44026	-1.26738	3.18451	1.49014
5.35742	-0.596709	4.60608	1.04313
2.35594	2.93606	3.46083	1.46531
2.38233	2.9173	2.96068	1.51947
4.48851	4.51989	4.9319	0.156464
4.29434	4.63084	4.64265	1.63935
2.52255	2.31456	2.70921	0.315614
0.47089	6.66005	-0.249519	0.250937
0.350985	5.04144	-0.140085	0.144658
2.3246	1.51627	-3.20428	0.360745
1.78283	2.15197	2.6536	1.63939
2.4671	2.51244	2.47285	0.905152
2.56539	2.18142	2.37886	1.51459
2.30922	2.14356	2.68357	1.75523
0.695973	-1.40982	2.25362	1.49561
-0.355171	0.886497	0.00111172	1.66208
1.8802	-0.469572	1.35846	1.96719
0.704621	4.9874	-0.114782	1.66002
2.86687	2.25878	2.35555	0.496088
2.53929	2.42959	2.40983	0.633734
6.61733	6.00739	3.21227	1.26614
2.43427	2.51478	2.46795	1.94293
2.48587	2.48359	2.42578	0.226561
2.62861	2.24476	2.50512	0.901835
1.99937	2.77518	2.81559	0.00646292
2.30763	2.52294	2.00324	0.467783
2.54856	2.44229	2.53764	0.609911
2.68894	2.44395	1.97814	0.0817286
2.3868	2.42407	2.65013	1.27528
3.05167	2.77705	2.21457	1.25432
0.676071	5.98032	-0.0256876	0.404426
2.5149	2.56971	2.64106	0.514531
-1.39332	0.364758	3.53112	1.75477
2.29588	2.69357	2.49888	0.723202
2.09885	2.60081	2.98767	0.577556
2.51279	2.55934	2.49499	0.379502
0.660491	3.51573	0.114843	0.662958
2.0794	2.55372	2.59463	1.83786
0.133126	1.82096	3.83782	1.37157
2.05929	2.38576	2.20924	1.83255
2.21116	3.0031	2.43566	1.09608
5.95834	1.38759	0.350075	1.74796
2.45432	2.50394	2.17137	0.547822
3.05426	2.06687	2.0239	1.69788
1.67389	1.85969	2.69823	1.36836
2.48289	2.76672	2.4861	0.984843
2.57251	2.16706	2.44221	0.443931
0.329686	1.14868	2.48028	0.720885
7.06952	0.613455	2.15578	1.24419
2.60778	2.18399	2.72752	0.669943
2.28054	2.42727	2.41322	0.517812
6.90566	4.37573	3.60091	1.29441
2.29236	2.36667	2.25658	0.182297
1.95704	2.70178	2.54472	0.530923
2.39781	2.60546	2.33771	0.314544
1.99551	2.27856	2.91833	0.415687
2.41224	2.50747	2.28503	0.788777
2.86418	2.31932	2.39729	1.27731
2.74403	3.71798	0.995513	0.272149
5.58606	3.34587	1.71188	1.54877
7.54178	3.06813	2.29766	1.44201
5.40665	-0.832586	2.14237	1.41582
3.08028	3.28525	2.09043	0.187839
3.82088	3.76511	3.21005	1.31424
-1.96321	3.77307	4.23236	0.106845
2.33943	2.52377	2.64438	0.88512
2.55152	2.45502	2.47365	1.0598
1.62216	2.0734	2.35385	1.77745
2.0042	1.77752	2.38913	1.05149
2.46174	2.2235	2.82712	1.65962
2.01022	3.56905	0.280916	0.339299
2.21765	2.16607	2.35204	0.581657
4.43201	3.49577	3.58824	1.62982
2.76475	3.26441	3.11634	1.55651
2.63001	2.17259	2.58743	0.442019
6.47715	1.64313	4.21334	1.34921
2.62834	2.36311	2.35499	0.802375
2.45869	2.51583	2.16049	0.771496
2.54522	2.72384	2.45105	0.0291587
2.85466	2.41369	2.8336	1.47482
2.41486	2.54038	2.67868	1.83918
2.43231	2.33725	2.59154	0.623901
2.29954	2.71603	2.66749	1.68782
2.37604	2.41359	2.48628	0.801418
2.56582	2.50956	2.52628	1.35562
4.71916	4.42106	4.47473	1.37144
2.42513	2.44432	2.42507	1.13566
4.63069	4.42185	4.93013	0.523141
2.20833	1.64637	2.29206	0.682709
0.37836	2.16337	1.32855	0.626459
3.56848	2.62281	2.67837	1.00692
-0.864401	-2.07745	1.90839	0.382223
3.99177	0.373932	3.12066	1.09479
2.54141	2.84754	2.63198	1.85315
2.00285	2.61782	2.47094	1.10514
0.959381	-1.1807	-1.38059	1.18899
-0.436643	2.63771	2.26058	0.649083
2.42366	2.57097	2.39708	1.51865
2.35015	2.74163	2.60482	1.20876
2.43679	2.31271	2.55057	1.73017
2.56222	2.44979	2.5928	1.22396
2.29076	2.55805	2.53036	0.296684
-0.401033	3.38422	0.517066	1.0363
3.46569	4.15729	2.30211	0.97962
-1.59719	3.80626	-0.272877	0.769317
2.99911	2.68315	2.26788	0.826156
4.09978	4.2924	3.41086	1.43519
2.2458	2.54357	2.60103	0.893485
4.10896	-0.711099	4.3603	0.148521
2.5015	2.54069	2.48422	0.439576
2.20715	2.25063	2.44015	0.925704
2.1791	2.54689	2.44162	1.89782
2.19936	2.52724	3.04533	1.07349
2.44603	2.09043	3.04568	0.932337
-0.42955	0.93252	6.45703	0.916078
-1.74553	-1.30427	1.83862	0.515171
-0.878526	3.38193	5.06626	0.804758
2.41382	2.53456	2.18579	0.382055
2.29037	2.60674	2.55904	1.83305
2.47458	2.53379	2.65969	0.219555
2.51169	2.41126	2.44236	1.18538
-0.967296	-1.15178	2.37117	1.12174
1.22407	1.16143	2.32824	0.687683
4.34537	-0.278279	-1.04651	1.54137
-1.56991	0.707184	4.81859	0.895963
2.41525	2.43474	2.5786	1.93136
1.71225	1.89377	2.39052	0.732056
2.81096	2.40526	2.48838	0.545974
-1.60213	3.73807	-2.06567	1.24639
2.58058	2.72138	2.13071	0.564568
4.5889	3.42599	0.227292	0.352478
6.63296	5.96707	2.4666	0.0277325
5.259	5.04943	5.12487	1.29709
1.69809	3.82959	-0.530656	0.141114
2.36789	2.4875	2.54953	0.586355
2.74227	2.43689	2.41431	0.381418
2.28779	2.58704	2.4134	1.50677
5.7082	-1.03009	4.4099	1.0471
2.08813	2.47817	2.40316	0.655232
-0.637323	0.642093	3.4733	0.100336
2.53	2.63011	2.36888	1.36384
2.30806	2.35813	2.6645	0.595866
2.48602	2.3182	2.69751	0.106879
4.60117	5.3035	6.75066	0.272341
-1.48697	3.40108	-0.16582	1.891
6.07504	-0.271165	-0.483084	0.513938
2.38549	2.23641	2.91169	0.952709
1.02976	3.48916	4.23401	1.1645
1.6576	2.43437	2.949	1.26717
-0.518483	5.36767	-0.552408	0.695092
2.52435	2.47673	2.64324	0.614337
1.93572	1.74518	2.30031	0.538045
2.0223	2.49836	2.63733	1.51842
4.92194	-0.0101501	3.07041	1.69025
2.06517	2.37543	2.22894	1.33592
2.402	2.20392	2.3739	0.512456
2.88148	2.5504	2.51892	1.22282
2.21741	2.02639	2.87121	1.47349
3.68072	3.79339	3.32876	0.0477264
2.12069	1.90024	2.63673	1.41652
2.39967	2.49993	2.73212	0.156516
5.19116	2.72419	3.63515	0.0867894
4.30894	4.30866	0.764808	1.22248
2.47904	-1.38995	-0.522004	0.332188
1.94662	2.37125	2.63859	0.0139602
2.42616	2.7072	2.62495	1.84514
4.03741	-2.25401	2.25695	0.202961
1.60833	2.47174	2.5897	0.190086
0.547768	2.52519	2.98979	1.87543
-0.616531	5.24367	0.509545	1.69055
2.32515	2.3534	2.69161	0.868796
2.27507	2.49093	2.27186	0.259952
5.52109	6.26665	3.606	1.31976
2.08765	1.27979	-2.7876	0.421726
2.33467	2.57558	2.7336	1.88644
-3.08531	4.08252	3.87646	1.02987
1.96571	2.36786	2.95326	0.320324
2.22809	2.16736	2.16569	1.29957
5.09662	5.63723	3.44018	1.5605
-0.705798	-0.581112	1.91561	1.73439
5.73868	5.62888	6.48138	0.354266
1.86618	2.4737	2.70817	1.19238
2.32036	2.56715	2.50691	0.81323
-0.549651	2.43713	0.795353	0.443452
-0.371131	5.99968	6.73171	0.194981
2.73046	2.35576	2.30691	1.86836
2.61185	2.20828	2.28991	1.27041
2.37598	2.36396	2.39437	1.15763
-0.923037	2.48512	0.129949	1.19941
5.86475	4.62782	4.07363	1.55482
2.57801	2.14633	2.43441	1.33341
5.55758	5.69634	0.323287	0.204467
-0.35385	1.43792	2.76026	0.575473
2.21147	3.2221	2.89789	1.01383
-1.65388	1.82613	4.29718	0.589203
2.31262	2.50611	2.39045	0.465696
2.43583	2.32277	2.30771	1.62599
2.30098	2.45122	2.4899	1.23516
2.0942	2.43187	2.48451	0.153507
2.30469	2.45325	2.78403	0.719572
2.268	2.59682	2.6704	0.201371
2.5454	4.81552	1.78802	0.208348
2.32296	2.43674	2.40686	0.733593
2.59613	2.53775	2.71676	0.13647
2.8376	4.28393	2.07925	1.3497
2.35627	2.39559	2.51832	0.448831
2.67592	2.31356	2.6937	0.25216
2.38505	2.36867	2.60704	0.384972
-0.430224	0.730047	3.68621	0.369155
4.74889	0.0934824	6.47578	1.61723
2.31777	2.16514	2.48992	0.0894589
-1.30053	0.201788	5.32725	1.72253
5.55323	3.05714	-1.22718	1.33582
2.53137	2.8983	2.30648	1.42381
2.58821	2.61573	2.57853	0.309421
3.73079	1.8244	2.12484	1.06503
2.5426	2.28675	2.79402	0.920135
-1.30121	0.920194	2.35882	0.383261
1.33542	5.10231	2.08342	1.30617
2.99267	2.07966	1.96451	0.852823
6.60312	4.79104	3.83131	1.61871
3.26972	2.01029	1.78184	0.56856
0.835804	1.03672	1.28934	1.70757
2.48778	2.37919	2.622	0.280676
2.35972	2.18478	2.54982	1.93539
3.55652	0.476485	3.1986	1.60521
2.32175	2.36038	2.43588	1.06468
-0.928496	1.91343	0.612241	0.177057
3.95293	4.24325	0.534253	1.79904
4.85	4.83254	3.97	0.439707
2.1681	2.50729	3.18011	0.922978
2.41212	2.50433	2.53071	1.67107
2.49016	2.48895	2.75339	1.34512
5.00698	-0.25893	-1.28708	0.769018
6.40767	2.06069	2.2063	0.206487
-0.557019	0.263747	3.83801	1.84281
0.491411	5.1372	-2.4135	1.93679
-0.862548	1.7085	3.29987	0.574379
2.31181	2.48159	2.67859	0.0729918
2.1149	2.44387	2.754	0.570298
2.29889	2.5302	2.32079	1.24812
2.22489	2.42896	2.46985	1.99208
5.07081	-1.12366	4.4796	0.529248
1.75515	2.28752	2.45457	1.4594
3.2211	1.39674	1.87884	1.77902
3.99194	-0.667188	4.41887	1.2784
2.31153	2.51761	2.52518	1.74011
2.35502	2.48916	2.08646	1.65724
5.28787	5.0296	5.14777	1.72157
2.54212	1.93935	2.07545	1.81902
2.23768	1.89023	2.27776	0.375386
2.33846	1.3008	2.68613	1.25576
2.35105	2.69437	2.63936	0.757598
2.28616	2.6889	2.05193	1.30013
2.44905	2.45996	2.48565	1.79071
2.5692	2.41569	2.54506	0.928786
2.30115	2.28308	2.37109	0.668032
1.94321	2.59887	2.75658	0.049151
3.07568	2.17276	2.88778	0.770563
-3.19116	3.96153	3.84066	0.289892
2.49673	2.53176	2.71358	0.493979
5.52198	4.00137	4.1097	1.68823
2.86336	2.35191	2.42719	0.9537
6.83391	4.39044	-1.12524	1.76145
3.05007	3.08485	3.00613	0.556009
2.28254	2.50023	2.4575	1.17307
2.76838	2.89602	2.10412	1.30752
-1.05068	0.872733	0.215301	0.779333
2.3085	2.4865	2.51761	1.48035
2.26893	2.40623	2.74514	0.199259
2.17623	2.59875	2.91917	0.086758
2.45183	2.54379	2.79814	0.854591
2.89225	2.17072	2.57298	0.46513
-2.48618	4.30522	-1.76575	0.946091
2.23252	2.23717	3.06231	0.334482
2.32167	3.11284	2.3796	0.582863
4.78911	4.98005	5.27882	0.224313
1.40453	1.45612	2.20756	1.35632
1.03757	0.0885506	-0.0723481	1.45369
2.23471	2.47147	2.7825	0.180259
2.57504	2.26397	2.4492	0.763205
0.235802	5.08423	-0.0687313	0.780101
-1.03895	-0.877179	0.678901	1.41723
-0.862448	6.27155	3.14879	0.309853
5.39102	2.6107	3.61632	0.0700779
2.51271	2.47871	2.43644	1.17439
2.39369	2.38422	2.26178	1.14624
2.93754	2.3166	2.88234	1.72975
4.70571	2.73063	3.04677	0.389895
5.08613	4.12534	-1.67485	0.120918
2.91109	2.53068	1.78626	1.97908
4.44072	-0.658583	2.57202	1.1285
2.4185	2.33233	2.33867	0.896645
1.41633	2.63593	3.27208	0.315109
2.47214	2.28629	2.60506	1.65523
2.00128	2.23332	2.21979	0.290746
2.41427	2.29496	2.55029	1.01523
3.91261	0.0181917	5.97386	0.245328
5.28445	6.54329	3.84994	0.648193
3.22635	-0.128209	3.54034	1.81409
2.5557	2.59969	2.54695	1.11729
2.3827	2.40267	2.5205	1.09472
2.83584	2.22868	2.36774	1.1164
1.51888	1.84904	1.11257	0.441357
4.75129	3.26258	-2.12453	0.0930253
2.56384	2.56192	2.35682	0.0736352
2.43348	2.84956	2.87376	1.47959
2.37999	2.3637	2.48342	0.41256
1.05063	2.78907	1.48215	1.07406
2.38301	2.60908	2.47914	0.267096
2.35951	2.09876	2.67967	1.53761
2.57515	2.92769	2.8281	1.06651
2.69328	2.63604	2.36859	0.816834
2.84476	-0.465722	3.63342	1.29534
2.46934	2.53708	2.2795	1.13676
5.28183	3.34282	-0.965348	1.58462
2.33784	-0.220488	3.44152	0.859227
2.51795	2.4096	2.38948	1.89742
2.25474	2.56216	2.60828	0.799847
2.45097	2.5334	2.42732	0.178859
2.31704	2.44385	2.45733	0.877848
7.17947	1.58833	3.57808	0.584415
2.53686	2.00865	2.67063	1.60928
2.45457	2.44311	2.69384	1.08977
6.77766	1.56643	-0.11345	0.391076
2.77677	2.64134	2.5723	0.426244
2.32229	2.58302	2.53748	0.885577
2.45536	2.56338	2.74254	1.98706
4.38897	4.07744	4.12904	0.642093
2.44924	2.31175	2.59756	1.44475
2.47549	2.5913	2.81743	1.00296
5.55807	5.58965	4.48135	0.567834
6.13917	3.78424	3.69006	0.780578
2.30174	2.41687	2.46135	0.70218
2.63822	2.1713	2.94729	0.108428
2.57301	2.65162	2.30591	1.64368
3.95461	4.56748	3.31921	0.658617
0.591109	-2.0986	3.43058	1.9847
2.39006	2.49323	2.91315	0.678142
2.30773	2.70477	2.40201	1.50587
2.41501	2.05307	2.20074	0.239168
2.20012	2.62957	2.57623	0.423209
2.27208	2.61119	2.57791	1.45154
2.36745	2.79266	2.71716	1.89362
-2.29786	0.467869	5.93587	1.58599
2.35595	2.68925	2.20452	1.35326
2.50311	1.16183	2.15422	1.21836
2.61976	2.27969	2.39449	0.760869
2.63625	2.60462	2.56481	0.934548
2.18918	2.37651	2.77659	0.430132
6.24747	0.0785056	-0.250651	1.65179
2.27593	2.12664	2.50562	0.104021
6.80284	3.33596	-0.158586	1.25119
2.36272	2.66282	2.75335	0.566277
0.737313	5.00571	0.999845	1.45781
-0.0158572	4.86863	5.19146	1.39548
-2.65043	-1.49773	3.60957	0.0234906
2.68116	2.76416	2.62314	1.63059
2.05871	2.68041	3.21598	0.0936946
1.3623	6.24678	3.57744	1.6701
2.24126	2.13127	2.51437	1.6787
2.28798	2.34638	2.48419	0.967485
4.18633	3.22161	5.16028	0.0748127
2.0791	2.56344	2.66417	0.0580213
-1.47838	-1.07699	4.11739	1.02277
-1.26112	4.05985	4.70871	1.06529
1.99027	2.6761	2.21413	0.182628
2.77222	2.96397	2.47567	1.68896
2.16759	2.54737	2.681	0.392855
2.57404	2.58237	2.39801	0.461355
2.56605	3.25578	2.13454	0.180736
6.54603	2.92966	4.91592	0.292271
2.29077	3.04915	2.32397	1.2949
2.63648	2.28427	2.46972	1.72584
1.03779	-0.531392	1.23017	0.667664
2.08308	-1.71139	5.74841	0.120311
2.06149	2.86501	2.30689	0.834979
2.47551	2.75293	2.13437	0.979195
1.86588	2.77388	3.17679	0.0887322
2.66752	2.27604	2.62405	1.64575
2.36605	2.61413	2.73359	0.574362
3.42798	2.6383	2.56674	1.56859
-1.09234	5.8003	6.65198	1.69591
1.80332	5.14566	0.555003	0.505069
1.64092	2.82796	3.34783	1.65411
4.13236	4.54567	3.66387	1.86203
4.38893	-2.30799	1.41069	0.307846
-2.24574	5.34372	1.24021	0.910883
2.3506	2.6364	2.7956	1.69226
2.75995	2.06149	-0.799106	1.01511
2.41857	1.88953	2.70557	1.96396
4.39769	3.98133	4.04892	0.407156
4.15904	-0.723025	3.30831	1.05951
1.91994	2.80736	3.14892	0.914341
2.47529	2.52737	2.594	1.67974
2.55635	2.56502	2.48228	1.23187
5.26762	5.1333	4.52779	0.265115
2.95551	2.08466	3.27666	1.85541
-0.58939	0.911149	1.0917	1.77206
5.84786	5.14255	4.17375	1.37509
5.86816	3.492	6.49786	0.542936
2.52171	2.47968	2.62075	1.42287
1.96774	2.2059	2.55281	1.43249
2.62164	2.82327	2.27969	1.92527
-0.162606	-1.48615	4.89274	1.63039
2.16557	2.71319	2.30859	1.45555
2.3812	2.59853	2.53954	1.98033
2.25802	2.69229	2.93059	1.69105
-2.93119	-0.558483	4.20764	0.582376
0.468712	-1.72889	3.20415	1.37459
2.40988	2.4468	2.45746	0.225976
3.24203	-0.291816	1.37943	0.570159
0.553668	1.87548	1.72089	0.833412
2.6171	-1.19197	1.31416	1.27411
2.31035	2.75723	2.50685	0.585111
-0.42651	2.28655	1.80508	0.570729
6.12435	3.68135	-1.20187	1.54603
2.21032	2.50606	2.62969	0.572149
2.69147	0.280869	4.32232	1.06727
2.63904	2.11009	2.23405	0.259085
2.53914	2.50888	2.50014	1.10327
-1.98047	3.34064	4.7744	0.515877
2.57315	2.56234	2.48126	1.82145
2.14147	-0.406016	2.57974	0.641544
0.607878	-2.38824	3.34884	0.0887237
2.53945	2.48169	2.53832	0.969839
2.59853	-0.000486931	1.3104	0.0350396
4.68863	-1.08841	5.4272	1.69938
2.42697	2.27666	2.62658	1.03687
2.77337	2.6998	2.59242	1.66612
2.2564	2.4898	2.55513	1.0535
2.89074	0.688294	-2.06336	1.91819
-2.15323	0.8394	3.34302	0.128683
2.43568	2.22077	2.64382	1.82671
2.63331	2.09107	2.62856	0.535157
6.48645	4.24431	3.45555	0.322706
2.02633	2.54029	2.46283	0.310578
1.46922	2.28596	2.51035	1.02905
2.30546	2.49147	2.61042	1.59695
2.40764	2.6384	2.54616	0.769078
2.34743	2.83721	2.76062	0.651036
3.00284	-1.95174	4.7773	0.316632
2.90496	2.30721	2.51154	1.94209
2.52725	2.55494	2.45561	0.0378658
4.78459	-1.70766	2.4474	0.340736
6.11283	2.55842	-2.01086	0.102763
1.04282	-2.6149	0.88518	1.13346
2.54268	2.64555	2.51086	0.890157
2.15604	2.61156	2.25691	0.926756
4.13625	1.50609	1.79629	1.9285
5.22508	4.2191	3.52574	0.853807
2.55328	2.50798	2.70417	1.30503
2.17217	0.154172	0.493197	0.296471
-0.818071	5.20472	3.94451	1.35468
4.68819	4.78837	3.84234	1.69782
1.78984	2.86823	2.76975	0.0507099
2.18968	2.1919	2.52893	1.98755
4.36727	5.49631	0.484119	0.506552
5.62941	-0.713033	-1.41843	1.49754
2.74835	1.28501	4.76639	1.6818
1.93168	7.19219	-0.244396	1.05741
2.4603	2.46533	2.85086	1.93176
2.58397	2.5571	2.65319	1.79025
0.409281	6.62816	-0.0733762	0.481875
2.54429	2.61634	2.30804	0.494861
2.2573	2.64638	2.48593	1.35531
1.7034	2.21635	2.27625	0.0941316
2.96113	2.44021	2.28571	0.105954
4.44027	0.161586	-0.0826957	1.56761
2.69057	2.39124	2.16358	0.608151
2.47477	2.50959	2.26474	1.7666
3.17136	3.33607	2.59288	1.69328
0.286531	0.723169	3.06442	0.0970635
2.59826	2.24941	2.62467	1.27547
3.00385	3.06431	2.71392	0.165135
0.349289	-0.392336	6.09861	0.0643678
1.91463	2.64892	2.65119	1.03142
2.41271	2.42573	2.54024	1.4856
5.5109	4.66689	4.83003	1.60687
2.59514	2.48681	2.48108	1.33512
2.78227	2.62367	2.43378	1.32193
2.68618	2.3925	2.65813	0.229188
2.86541	3.38039	2.24644	1.15041
2.70373	2.6125	1.74504	0.0122439
2.45248	1.97421	2.63754	1.10978
4.29789	3.57003	3.02955	0.238448
6.12726	-2.21696	-0.652803	0.998555
-3.23941	0.494971	4.3436	1.56683
2.52591	2.58798	2.43998	1.31163
2.4507	2.47842	2.58225	1.84019
2.11379	2.96459	1.91733	0.565669
4.64321	2.81939	3.17253	0.700415
5.50097	0.0806532	1.38372	1.03024
4.93046	3.75932	-0.821764	1.02605
4.01052	5.52798	1.72299	1.60142
5.1822	3.52086	-1.78498	0.893243
3.33171	2.95309	4.28768	0.774545
2.32523	2.63523	2.50539	0.996305
2.29351	2.55377	3.28898	0.281368
0.12091	3.65867	1.71714	0.862815
1.97214	5.06701	2.14292	0.0662963
2.53492	2.68047	2.52543	1.45071
2.33461	2.20462	2.844	0.535223
-1.13097	4.68949	-1.47136	1.59936
4.98775	-1.68041	2.5063	1.82052
2.55107	2.52306	2.39235	1.05984
2.27446	2.30538	2.44709	0.404653
6.11246	3.73964	-1.24218	0.28016
1.96321	2.40083	2.47527	0.312513
2.32411	2.58969	2.42055	0.598014
2.432	2.43442	2.52306	0.0309688
0.18324	1.98659	4.24999	1.31308
3.33751	4.82071	4.61866	1.57405
4.9309	3.15976	4.1488	1.58682
6.73016	0.0423393	1.05081	0.847923
2.28382	2.39585	2.49187	1.41304
2.81282	1.81323	2.11364	0.741729
2.46296	2.40073	2.57984	1.46909
4.73506	4.39787	2.40039	1.33984
2.4673	2.30234	2.47078	1.22972
2.34792	2.78411	2.6192	0.127465
-0.711143	-2.04076	-0.433931	0.0661813
2.54428	2.18931	2.41686	1.71084
3.03215	2.11566	2.35654	1.38416
0.687107	3.55037	3.65565	0.430067
2.38812	2.96836	2.09521	0.642343
1.75239	-0.652781	1.91752	0.973297
4.0143	4.44337	3.4121	1.66419
3.25571	0.943566	3.96025	0.158561
4.53028	-1.10442	2.10355	1.85721
2.30858	2.5484	2.4083	0.176401
2.27659	2.42067	2.57425	0.697763
2.67641	2.52329	2.41287	1.87958
2.62392	2.28746	2.91741	1.09071
6.30646	5.32221	4.04997	0.955773
0.469409	1.56389	2.87606	1.56081
0.664627	2.81366	2.53795	1.71826
0.9568	1.69249	-0.611336	1.12926
2.34742	2.56171	2.62984	0.264
2.37651	2.48389	2.81896	1.3768
4.26012	2.80891	0.0120548	1.70478
2.3211	2.36819	2.46698	1.54276
3.81078	3.92978	4.38504	1.42161
2.53937	2.22371	2.40495	0.400336
2.24605	2.05648	2.14192	1.44768
2.68092	0.19704	3.52585	1.72888
6.96402	2.08178	2.90484	0.673005
3.09633	2.35004	2.71768	1.30151
2.64302	2.49982	2.45338	0.160811
2.39669	2.60627	2.77773	1.36691
6.63516	2.88478	4.61214	1.78782
-1.68061	-1.5081	4.51027	0.850721
6.42188	5.27557	4.30893	1.11867
2.45577	2.38057	2.49616	0.838381
2.47724	2.4662	2.41696	1.50676
2.67035	1.89134	4.87862	0.839319
2.51304	2.29928	2.40036	1.95187
2.70579	2.33368	1.96703	0.277651
5.4845	4.90594	4.5057	0.226415
2.03794	3.95682	5.92834	0.350992
2.34948	2.39514	2.17242	0.561186
2.37457	2.4175	2.58094	1.0088
2.43715	2.35679	2.60241	0.952733
2.35585	2.31537	2.67456	1.33952
2.62295	2.0755	2.56567	0.754754
2.53082	2.34037	2.3502	0.401694
2.48742	2.61677	2.74334	0.595697
2.58471	2.26988	2.47808	1.91188
-0.860637	0.913975	3.13307	1.33164
-1.11692	1.0277	4.09152	1.89122
2.14044	2.55562	2.48487	1.25573
3.82047	3.77116	3.25365	1.31822
-1.96609	-0.0168069	3.8449	0.924067
2.49816	2.55875	2.362	1.21424
4.05018	-0.21137	-3.00486	1.55476
2.46182	2.72305	2.67431	0.739891
0.0792324	-1.15773	5.68365	1.90655
2.15557	2.7985	2.76983	0.595911
2.35508	2.54267	2.6868	1.4478
0.413632	2.32135	4.26287	0.705897
2.76145	3.13286	2.00073	0.830301
-2.94173	3.2711	7.0363	0.147648
1.98024	2.4003	1.8012	0.568708
2.4516	2.461	2.47302	1.7841
5.37673	1.65641	3.28979	0.921071
2.11883	-0.328328	-0.0180962	1.06009
2.52237	0.0161753	2.36353	1.40784
2.3857	2.55024	2.4948	0.149011
2.49748	-0.356584	-1.47866	0.0573096
2.71383	2.46635	2.89717	1.60902
4.23738	-3.84635	6.44288	1.48946
2.90261	2.42489	2.53917	0.185152
2.52651	2.53595	2.41399	0.65857
2.17804	0.849103	2.71487	0.582755
0.205267	4.01863	0.488791	1.80732
-1.76292	4.64678	-0.822869	1.61339
2.85769	4.29647	2.09956	0.547462
-0.253852	-0.510713	4.80179	0.837849
2.71261	2.31203	2.56319	0.859427
2.40374	2.77325	2.66616	0.686994
3.14931	1.38285	1.88158	1.01772
2.21596	2.4497	2.98127	0.765831
2.52013	2.73015	2.59882	0.791234
2.54828	2.56616	2.11733	1.54345
-2.23379	4.29164	4.8138	1.42464
0.0951158	4.70928	4.92466	1.73399
4.52419	6.07852	4.13354	0.402134
2.23066	2.225	2.16499	0.755776
0.440846	5.4807	0.556834	0.562802
2.20579	2.32005	2.76323	0.789683
2.56631	2.87803	2.79533	0.66046
6.78735	0.525019	2.3502	1.89641
2.95985	2.59312	1.70616	0.0118207
4.50013	0.31933	0.291462	1.1238
5.89659	6.4183	-0.190898	0.364024
2.62858	2.40575	2.56434	1.76601
-0.206935	6.02239	1.52264	0.548671
2.29751	2.00409	2.47999	1.23233
2.50984	2.27165	2.10289	1.99051
5.34964	5.5587	-0.128272	0.96566
2.35043	2.38454	2.65319	0.933711
2.55354	2.57844	2.57767	0.964852
2.17868	2.39863	2.62197	1.03972
5.05559	4.72519	2.7168	1.24827
2.1939	2.5195	2.77403	1.60925
2.42753	2.50366	2.39302	0.351209
5.21144	6.18202	3.89381	0.959375
-0.213638	7.32257	-0.558535	1.22256
2.02939	2.6114	2.62318	0.228109
-1.85495	3.37996	2.30313	0.688311
0.51057	5.52109	0.636766	1.99575
2.3731	2.52191	2.4487	0.312488
-0.256694	-0.128323	1.64469	0.460278
3.10267	2.58968	2.22013	0.230828
2.46423	2.16759	2.58081	0.328724
2.3849	2.40028	2.84664	0.818434
3.93898	-0.150606	-2.43577	1.64356
1.3092	4.07181	7.0988	1.71857
6.02844	4.36603	0.949969	1.73185
4.69149	5.16704	3.05969	0.261959
-0.0118765	0.712828	3.95448	0.175564
2.55518	2.39484	2.22348	0.227061
2.77221	-0.824053	4.41697	0.0687606
2.79031	1.78296	2.56014	0.729587
-0.877999	2.47343	5.36194	1.73595
1.77498	2.62974	3.08571	0.93458
2.15254	2.62933	2.5457	1.35857
2.62076	4.83835	2.88771	0.126486
6.34957	4.68631	3.62785	1.40624
3.1927	2.84127	2.60418	0.563422
4.70209	4.36379	3.72422	1.01687
2.75528	2.02372	1.90288	0.110773
0.206832	6.5438	-2.38738	1.62635
2.25635	2.28654	2.85754	1.58953
2.16926	2.57878	2.78362	0.597277
2.11698	2.74662	2.6518	0.614993
2.60935	2.62135	2.67417	0.787897
2.57978	2.82382	2.25911	0.0392891
-0.109726	0.952807	-0.356044	0.139777
2.38267	2.45948	2.62038	0.955992
-1.02943	1.5297	2.69145	1.74682
2.82148	2.14739	2.62355	1.86862
5.84199	4.81962	6.28877	0.308787
2.06582	2.49916	2.95056	1.76448
2.91663	3.86927	3.41362	1.94973
6.89134	0.24779	1.81757	0.443174
2.62051	2.39362	2.63017	1.39008
2.28732	2.82167	2.51266	0.770002
2.28964	2.64785	2.46631	0.329308
6.23977	-3.64732	6.09725	0.442341
3.95726	3.65256	3.44469	0.990709
2.54263	1.45891	2.54947	0.0689747
6.16468	0.370336	3.25961	1.21947
-2.70368	4.09311	-0.474767	1.09848
-1.75333	4.04731	6.67162	0.90069
2.5492	2.6379	1.90475	0.00987587
2.1295	2.52239	2.58821	1.83474
5.92939	6.84758	4.64524	0.178322
2.38037	2.5139	2.61323	1.05445
2.33539	2.0669	2.8213	1.32304
2.35551	2.47628	2.70159	0.443072
-1.57005	3.99112	-0.222523	0.202753
5.30739	2.68918	3.04224	1.52985
2.73979	2.28151	3.17374	0.62777
2.62959	2.57315	2.49962	1.00235
1.85881	2.29348	2.95882	1.61698
2.22982	2.40798	2.89422	0.470906
5.10952	0.0648542	-0.785812	1.50572
-0.864722	6.49023	0.780928	0.0868292
3.70003	0.627886	1.66692	0.992356
1.63486	1.65989	1.75267	0.385173
4.44201	4.48068	4.21256	1.12881
-0.574127	-2.00302	4.02871	0.35686
4.99253	-1.86038	1.22426	1.98283
2.59315	2.14988	2.26711	1.93545
2.92235	2.69369	2.04629	1.37708
2.56599	2.48908	2.00691	1.12573
4.17122	-0.710423	3.31204	0.400758
2.44538	1.97864	2.37465	1.31368
1.87572	-3.24379	6.72416	0.643052
2.31692	2.60276	2.72671	1.48936
2.2312	2.50309	2.64421	1.54701
-0.0172474	1.67612	-1.35864	0.0591141
1.99199	2.67261	2.78419	0.757717
6.5245	1.35857	2.30185	1.19392
4.62504	2.50046	0.740598	1.80013
2.13546	2.00846	2.31768	1.34404
3.39977	-2.17664	1.92485	1.4538
2.4086	2.46425	2.63612	0.0154321
2.14425	5.52938	-1.89139	1.57976
5.63161	0.576363	0.364714	0.514847
2.66596	2.51178	2.36341	0.282131
2.85697	2.69495	2.31557	0.628793
2.55981	2.40863	2.41342	1.79937
2.32194	2.63078	2.86545	1.6308
2.48849	2.53327	2.79745	1.22899
5.29134	2.69687	3.08414	0.0782701
2.4401	2.26449	2.40609	0.784358
2.06564	2.65355	2.60058	1.82028
5.53019	4.83813	4.15637	0.347158
2.30889	2.30124	2.56977	0.88533
2.36991	2.57746	2.73601	0.100509
2.71893	2.30777	2.6096	0.0466463
2.40105	2.40089	2.58981	1.07615
2.44631	2.52521	2.5153	1.28678
0.396036	6.09404	-0.121041	1.17868
2.59446	2.30892	2.21481	0.481323
2.44911	2.85266	2.60285	1.6699
3.8931	1.21069	2.89364	1.32902
2.55338	2.70103	2.38702	0.156917
2.28918	2.70772	2.63587	0.0266812
2.33037	2.41297	2.46473	0.820444
-0.970069	6.37421	4.03518	1.32618
-1.27182	0.712707	3.33766	1.17904
-0.979554	0.132264	1.60756	1.49083
2.61817	1.77259	2.40146	1.28504
3.91275	-1.14671	4.97678	1.50259
-0.911956	1.8906	0.0217112	0.0239364
-0.60426	-1.75884	3.83022	1.1812
0.274705	0.673206	0.439367	1.34153
2.74269	2.44962	2.47515	0.48039
2.551	2.51875	2.52247	1.83596
2.88088	2.23902	2.44786	1.2816
2.58838	2.7999	2.25144	0.101933
2.44575	2.43745	2.09943	1.15936
2.43357	2.54633	2.7053	0.428746
2.31578	2.44203	2.47196	0.469372
5.58301	-1.52213	0.630389	1.79805
-0.034937	2.69043	3.97655	0.00771657
0.855359	2.11022	2.29553	0.327592
2.40892	2.31173	2.58125	1.06633
2.15941	2.55766	2.68052	1.86145
2.46757	2.80376	2.65015	0.580846
5.17587	5.13502	4.86564	1.16392
2.95957	2.40516	2.29712	1.82537
2.42505	2.78388	2.73724	1.95161
1.8707	1.17134	2.2974	1.57401
1.892	1.98808	2.53178	1.09742
-1.19064	0.286738	1.84918	0.631442
3.56345	2.80995	2.47204	1.04317
1.87125	-0.378165	-0.966344	0.141617
2.41941	2.45385	2.5824	1.1558
2.32757	2.68955	2.446	1.48429
2.12599	2.44503	2.54341	0.305834
2.20563	2.19057	2.13053	0.346177
2.51054	2.51202	2.80788	0.171704
2.12818	2.51546	2.75154	0.978848
2.33856	2.56251	1.90189	1.04415
2.26741	2.47405	3.10212	0.527518
5.96205	4.77065	2.13129	1.53277
2.39158	2.50276	3.16608	1.81315
2.74074	2.64733	2.70124	1.7755
-0.690622	1.55379	3.86787	1.04643
2.67129	2.4739	2.63558	1.07249
0.174815	6.33469	6.07091	0.111958
2.75261	2.50107	1.96616	0.127047
2.26127	4.22808	7.15089	1.999
2.14628	2.24058	2.37555	0.263307
0.793672	0.669797	2.80225	0.271411
0.843611	6.72105	5.98049	0.84999
5.95171	4.29678	0.663434	1.97453
2.5679	2.30072	2.74174	0.906451
2.29818	2.45643	2.59315	0.453161
2.92252	2.99205	2.98758	0.891066
2.35599	2.42427	2.72685	1.34957
0.616106	4.47797	0.857657	0.575008
1.07746	1.13779	4.5315	1.97247
2.68103	2.37326	2.4806	0.0790421
-0.821748	1.31597	2.32967	0.795748
2.31814	3.17096	2.56141	0.969283
2.48753	2.25978	2.72767	1.37062
5.46185	5.04309	4.74694	1.41152
2.3324	2.72366	2.62351	0.810077
2.45354	2.51527	2.57632	0.544266
5.89991	5.54179	5.42644	1.94807
2.70418	3.02396	2.20916	0.186732
4.90693	4.50492	2.80392	1.89152
2.33371	2.60217	2.83599	1.38019
2.48666	2.30092	2.64132	0.300416
2.53762	2.29356	2.36996	1.52332
6.09398	6.70435	4.30083	1.73784
3.90052	0.862345	1.94823	0.910289
2.22895	2.17705	2.2624	1.07481
2.56586	2.47111	2.82028	0.196115
2.72082	6.631	5.22347	0.147432
2.35594	2.29337	2.60181	0.333996
3.10634	3.19811	2.67718	1.51758
2.28568	2.48653	2.47818	1.45517
2.45557	2.53392	2.62067	1.66636
2.34087	2.48933	2.54445	1.04277
3.77702	-1.43389	2.37769	0.411986
2.29746	2.29975	2.80787	1.28666
2.48851	2.50822	2.50962	0.551865
2.08901	2.31272	2.62469	0.875856
1.99863	2.36821	2.74887	0.531078
0.177891	-0.0417422	2.33318	0.685995
2.5247	2.40239	2.42582	1.90143
2.56492	2.39733	2.4829	0.928318
2.46969	2.46175	2.43255	0.684524
7.33353	1.6993	1.26916	0.0640763
2.47173	2.57772	2.60027	0.288312
2.41169	2.6765	2.26323	1.60715
1.35836	1.59227	2.24982	0.888699
-1.67434	3.42566	-0.0612455	1.80059
-0.736291	1.60833	-1.01877	1.9581
2.32893	2.0659	2.31855	1.22009
0.106947	7.08789	-1.1712	0.148916
5.43117	-1.4865	1.61213	0.819269
2.43207	2.51042	2.45746	1.64808
1.87858	2.80915	3.0547	1.35281
2.52188	2.17305	2.58205	0.821301
2.89663	1.9492	2.53301	0.821672
3.01921	1.34809	5.81242	0.599325
2.67783	3.12936	2.54616	0.678115
-0.564651	-1.33329	5.0676	0.0680525
2.46498	2.41067	2.47318	0.880917
-0.732532	2.7238	6.0579	0.199694
3.58871	0.139325	-1.82763	0.096008
2.33981	2.53895	2.59205	0.695629
2.32456	2.30938	2.59198	1.35349
-0.267308	5.20076	0.538246	0.833219
1.02327	1.55837	0.0455523	1.8562
-0.503735	6.45499	0.346801	1.0961
2.14649	2.26989	2.38918	1.24734
2.2545	2.5362	2.49807	1.07313
2.13748	2.31242	2.77298	1.46794
6.88912	2.74826	3.75899	0.403797
-0.287267	-0.0991178	0.101779	1.48874
-1.45008	-1.04369	4.18718	1.94122
0.271702	1.28088	1.39415	0.978597
4.24748	-2.14801	2.64033	1.55005
4.01408	3.90847	4.30665	1.33971
6.00103	4.89892	4.40992	0.847963
2.49048	2.16548	2.50505	0.0375487
2.42344	2.42999	2.48028	1.29407
4.47286	4.48877	4.64182	0.138276
-0.648191	0.310828	3.69589	1.39107
3.51685	0.677243	4.67875	1.10973
2.22257	2.8043	2.89894	0.13182
2.45404	2.51581	2.57143	1.05378
0.0388922	1.38659	0.994082	0.945593
2.22751	2.45376	2.59532	1.13478
2.6631	2.7693	2.24429	0.857441
2.66531	2.25002	2.59083	1.53186
2.47724	2.49029	2.52277	1.2545
2.14671	2.50255	2.41331	0.550704
2.45066	2.26192	2.34219	0.233016
5.75771	2.76139	-0.0673931	0.182805
2.59521	2.16863	2.61936	1.50479
2.89633	2.79695	2.95319	0.103302
2.16949	2.07521	2.53459	1.15915
4.2228	-0.962318	6.23883	0.596495
2.15917	1.83497	1.85206	1.98379
-2.1703	2.48195	5.3528	0.643468
2.34157	2.47914	2.55181	1.72043
-0.582206	5.77506	0.459803	1.40951
2.3377	2.65421	2.38806	0.758022
2.60113	2.59811	2.36239	0.679204
6.55866	0.611865	-0.160398	0.902349
2.54107	2.65148	2.43818	0.810195
2.41004	2.49456	2.3785	1.0498
-0.912705	-0.545725	1.30827	0.804307
3.89582	3.87191	4.32861	1.91659
2.32253	2.21192	2.54926	0.0848613
2.42277	2.14271	2.57985	0.602797
2.34069	2.30979	2.23341	0.416555
2.42048	2.53556	2.45208	1.3048
2.02986	2.23617	2.41508	1.79299
2.07367	2.25799	2.96996	1.73265
3.92705	3.57717	4.02604	0.782976
2.49352	2.37405	2.5981	1.83882
3.11328	1.50401	2.99778	0.949303
2.95822	2.55455	2.65981	0.0603349
3.82424	3.89903	3.17356	1.99705
1.25976	0.827644	-0.727212	1.60416
2.79025	2.89892	2.19918	0.781132
5.97017	4.65406	5.05167	0.563294
2.62876	2.59105	2.44605	1.88177
5.31259	4.51435	-0.579074	1.60213
3.51307	0.926288	5.01018	0.337555
6.6975	4.15837	4.41132	0.881626
2.36972	2.39247	2.49187	0.892089
5.06076	2.82294	3.37132	1.28412
-2.51464	0.372819	3.23105	1.92319
4.04499	4.17918	4.17852	0.909297
2.46039	2.31582	2.49983	1.74223
2.60574	2.30655	2.50328	1.95008
7.38447	-1.68059	4.24662	0.566784
1.58839	7.38121	-0.341293	0.936955
1.17804	5.67365	-3.54295	0.230881
4.78421	1.82435	4.39001	0.104977
4.8005	-1.8833	2.39339	0.352013
3.16915	1.97185	1.78807	1.78906
7.20634	3.17018	-1.58001	0.225995
3.89807	3.67683	4.39418	0.719967
2.66415	2.61794	2.55532	0.770755
2.45156	2.48149	2.14607	0.709542
2.40138	2.23172	2.60561	1.56986
0.0900828	5.36022	0.147243	0.0807366
2.72249	0.138236	5.47467	0.194955
7.2772	0.378582	1.23363	0.565065
1.43003	2.50856	6.83108	0.310465
2.5456	2.35703	2.45668	1.16239
0.194306	6.58703	-2.59833	0.580083
2.49934	2.51104	2.55117	0.114593
-2.55338	3.2142	-0.842722	1.03966
2.41834	2.48521	2.58225	0.721141
1.65615	1.71462	3.32023	1.27995
2.47776	2.63344	2.50402	0.993636
2.30448	2.68036	2.64804	0.806381
1.77865	7.58065	2.12113	1.03405
4.28464	0.899131	0.193395	1.70406
2.57067	2.14212	1.84689	0.720384
4.37571	2.0666	2.45277	1.81928
2.58892	2.62879	2.15826	1.92468
2.43324	2.45765	2.65088	1.68078
2.8586	2.40286	2.52928	0.772052
1.17471	1.50045	0.698574	1.28891
6.43836	0.223644	2.74504	0.964768
1.6129	5.16163	3.58274	0.991899
2.80746	2.6504	2.00901	1.97466
3.25944	-0.667651	1.83596	0.852992
2.57039	4.36349	4.74914	0.786335
-1.26564	1.21027	4.45605	0.147498
2.53803	2.4399	2.48474	0.71765
0.502145	3.60077	1.8328	1.4331
5.17815	6.55867	6.28778	1.49431
2.56442	2.61249	2.55438	1.10749
2.36852	2.98973	2.74266	1.54478
3.50431	2.98898	2.24736	0.0235762
2.27311	2.44482	2.44391	1.00132
2.59914	2.47089	2.4245	0.189696
4.42931	2.72871	4.89752	1.5386
2.44976	2.5082	2.78044	0.611539
2.41332	2.76277	2.54557	1.51007
3.88711	3.84653	4.32739	1.99045
2.23265	2.62189	2.57106	0.461379
6.33976	1.76617	4.32504	1.78624
2.58552	2.5459	2.65674	0.266209
2.52987	2.25016	2.37929	0.990448
2.15763	0.624637	2.70789	0.571085
2.38332	2.55671	2.75011	1.5206
2.5615	2.2288	2.44739	1.30657
1.49488	-0.242667	-1.35043	0.671103
2.36819	2.19556	2.38252	1.92371
2.33303	3.16594	2.62254	1.87371
2.04814	2.37362	2.35262	1.48419
3.02749	3.52758	2.9537	0.438606
2.48886	2.53182	2.71192	0.236235
5.6751	8.44839	0.770883	1.37475
1.92141	2.26858	2.82593	1.36133
6.71594	-0.109041	3.32599	1.78363
2.45587	2.50746	2.5068	1.57586
2.40959	2.51362	2.5469	1.69466
2.44883	2.49751	2.65283	0.348659
3.6234	0.0605713	6.43061	0.144389
2.40113	3.4337	2.98419	1.16163
-0.704557	4.01136	4.71014	1.47006
2.40902	2.35655	2.57861	1.36067
2.16705	2.4948	2.72037	0.00666445
2.55878	0.983972	1.23867	0.811111
4.05936	4.73577	3.39281	0.183729
2.51832	2.0971	2.73916	0.806894
2.41933	2.16486	2.746	1.99531
2.4213	2.52174	2.49673	1.10588
2.99704	1.33112	2.15076	0.394322
4.05086	2.35589	2.96095	0.107102
5.20579	5.7823	3.76536	0.299927
2.62316	1.99979	2.38348	0.0198959
3.45243	3.30749	3.19788	200
3.45386	1.07628	0.914706	1.34996
0.901012	6.698	4.66404	0.639552
1.89269	2.61484	2.54587	1.17227
6.76173	-2.57627	4.26125	1.90941
2.19397	2.34129	2.57568	0.396166
4.86456	3.72801	7.16677	0.532602
2.25166	2.31755	2.60371	0.708986
3.43025	0.476429	5.96043	1.0417
-1.7485	4.72565	3.62886	0.861806
2.4912	1.90203	2.4417	1.72418
2.34893	2.24062	2.22795	0.0966972
-2.77335	-1.30771	5.75678	1.41315
3.62589	5.63059	1.40847	0.29013
4.17615	5.26166	4.8844	1.32659
4.12562	-1.53871	2.55099	1.24294
2.12693	2.11527	2.56574	1.1592
2.93896	2.65277	2.33418	1.36548
2.23999	2.44129	2.4831	0.88148
0.210659	1.86784	3.99625	1.58661
2.48278	2.50662	2.46042	1.18944
2.2195	2.68034	2.26796	1.66268
1.88051	2.38851	2.86936	0.051283
2.37042	2.24998	2.59618	1.55639
0.978901	0.631515	4.79826	1.48627
1.6097	2.0482	2.63828	1.48001
5.56486	-0.676433	4.36108	1.91755
1.92252	1.07338	1.46623	1.08828
5.50074	4.7743	4.11867	1.61807
2.45636	2.32645	2.34896	0.434663
5.71827	5.71001	6.8335	0.0171461
2.3759	2.76488	2.85595	1.08416
1.74124	2.62212	2.65233	1.61423
2.30273	2.5962	2.67933	1.28468
2.51285	2.39184	2.44914	1.29114
-1.98913	3.30275	2.64122	1.11934
2.31266	2.41118	2.69807	0.523311
4.86708	2.57599	4.03302	0.474021
3.00591	-0.438923	2.79536	1.58303
3.06257	3.44842	3.11478	0.583137
2.3722	2.66209	2.59812	1.37954
2.32807	2.65307	2.44938	0.0233852
2.40452	2.46707	2.55291	1.54272
1.83264	3.66782	3.23231	1.78314
3.7616	-0.672653	1.31689	0.765534
2.48801	2.48633	2.61505	1.7058
2.422	2.53979	2.55366	1.93244
-1.3647	3.33497	7.37724	0.149241
2.47573	2.31801	2.29371	1.85341
4.86242	3.77919	1.00719	0.751875
4.89118	3.67815	5.17584	0.632266
2.36797	2.86523	2.60075	1.23638
5.31012	6.18665	3.59274	1.77377
3.1202	2.41873	2.49107	0.69464
2.44989	2.2202	2.73639	0.767611
2.46571	2.42388	2.5078	1.91803
2.29405	2.93994	3.01403	1.86014
2.45248	2.42193	2.39168	0.698052
2.38092	2.53467	2.73464	1.72485
0.465992	-0.47687	6.31474	0.219421
2.45678	2.69918	2.42273	0.453881
2.47657	2.60859	2.81703	1.1768
4.75389	-2.29547	0.558617	0.96557
2.45264	2.41299	2.16919	0.773856
0.198397	5.38834	5.82191	1.94551
2.19143	2.69776	2.66943	1.14287
6.38304	-0.480581	1.254	0.0159179
-2.94877	-0.563563	4.21512	0.187193
3.23361	3.45578	5.41669	0.996702
-2.54151	1.65318	4.81612	1.94245
2.28489	2.37514	2.7114	0.483452
2.0894	1.84095	3.24564	0.286069
7.5947	0.0394193	3.21876	0.749971
2.26945	2.48557	2.82439	1.28997
2.31925	2.39252	2.36635	0.568618
2.40603	2.7848	2.75853	1.38159
2.82835	2.55116	2.2451	1.47105
2.55708	2.22519	2.39847	0.751674
2.44846	2.26755	2.60566	1.64889
5.48003	6.5572	2.09877	0.559828
5.40383	3.60419	-0.829335	1.52107
2.47634	2.40633	2.4838	1.89069
-1.30097	6.68034	4.08356	0.552685
1.63396	1.24064	2.84716	1.4279
2.33276	2.35327	2.67198	1.79848
-0.634609	1.65029	3.31008	1.53407
2.08097	2.28394	2.88438	0.747122
2.28083	2.49506	2.57209	0.661455
1.77309	3.5819	3.66538	0.326115
3.25669	3.48773	2.4144	1.78257
-1.68746	3.59079	2.51742	0.768632
0.0452388	6.09251	2.27867	0.503218
2.56408	2.17202	1.77022	1.44645
2.58443	2.55703	2.49138	0.0418909
2.74714	2.54924	2.73927	0.91484
-2.06823	2.13668	-1.73075	0.565822
2.48939	2.71833	2.22199	0.532096
2.25847	2.34136	2.69825	1.86287
2.59794	2.43418	2.35914	1.67606
2.36948	2.26403	2.52309	1.50154
0.298459	5.8795	1.9122	1.33143
2.35395	2.37742	2.37942	1.96995
4.34874	3.99838	4.02092	1.37336
5.96885	5.8899	1.84953	0.971009
2.48773	2.45095	2.60872	0.972297
-1.05461	-0.786111	4.67082	1.72469
2.57667	2.55813	1.95198	1.38714
2.05707	2.53849	2.21835	0.218221
3.24453	0.406906	-2.4999	1.39384
2.45468	2.57359	2.54537	1.85717
2.31861	2.6865	2.44916	1.3436
2.56445	2.83324	1.3427	0.929578
3.32493	-0.477443	-0.162555	1.94067
2.93178	2.10197	2.29513	0.103185
2.77518	2.75345	2.40586	0.498432
3.09895	2.47855	2.21894	0.707169
4.94877	4.60832	2.87269	1.98089
2.12076	2.77592	2.59487	0.274585
2.38305	2.50005	2.54944	0.42304
6.61246	3.4601	-2.06547	0.239115
2.58386	2.12738	2.38516	1.38601
1.89274	1.3674	1.14504	0.19526
2.48758	2.23477	2.41508	1.55744
2.80367	1.70885	2.17769	1.57425
-0.987419	5.44891	-0.889705	0.865928
2.50594	2.50282	2.55531	1.54378
4.48715	-0.0547861	3.78016	0.700084
2.34815	2.26108	2.41047	0.442029
3.62835	1.74626	3.03214	0.565467
2.44142	2.55475	2.56394	1.87543
2.38286	2.44668	2.57962	1.65532
2.5829	2.74568	2.49873	0.541414
2.95631	2.50063	2.51407	1.8935
2.57628	1.98973	2.5615	0.639692
2.54086	2.5026	2.46186	1.99807
5.56559	4.1765	3.86997	1.29745
-1.83722	6.1069	-1.90677	0.362111
0.74526	2.39008	2.87715	1.88215
1.95595	-0.106356	-1.55622	0.942829
2.44187	2.27909	2.38276	1.43098
2.28111	2.26486	2.64091	1.72963
2.39466	2.45473	2.47728	0.746002
3.85224	-0.494902	5.54453	0.889364
-0.280327	1.26503	5.47972	1.38603
-1.84093	3.97064	1.31392	1.03768
2.67161	2.20342	2.61825	0.751449
0.572716	5.65329	-0.683577	1.02398
2.65718	2.35792	2.41264	0.776038
4.82698	-0.960881	5.23438	1.50955
4.032	4.25042	3.89135	0.707032
1.91772	2.2925	2.46536	0.572153
5.16538	-1.85858	0.620257	1.63608
0.733227	2.06295	6.23583	0.506335
2.36512	2.7123	2.70789	1.34812
4.27862	4.27646	3.38459	1.27519
5.27506	5.94077	3.58829	0.200688
2.08567	1.80102	1.98555	1.1477
0.688903	0.949048	0.609511	0.0159602
2.62932	2.52475	2.59826	1.14919
2.27157	2.31043	2.52148	1.06729
3.59077	1.79051	-3.29833	1.94466
2.26676	2.5594	2.44065	1.10349
-1.02549	0.464956	4.05834	1.91406
4.46232	4.34297	4.32424	1.09845
3.88465	0.847524	1.92796	0.418676
-1.02092	2.58926	8.88543	0.756179
2.38329	2.814	2.58343	0.786355
2.73391	2.65377	2.39439	1.82169
2.66453	-1.41866	0.335441	1.2023
4.93014	4.96369	4.70152	0.042167
2.62547	1.96167	2.55642	1.21593
-0.4614	2.15547	3.74815	0.101178
2.79124	2.86323	3.08682	1.68672
2.55645	2.63181	2.27599	0.213413
0.244688	5.77162	5.5257	1.54629
2.54285	2.4663	2.523	1.18859
2.33447	2.20033	2.50052	0.539391
4.28356	3.10425	4.61049	0.91742
2.34483	2.60645	2.78705	0.495531
4.23703	2.07148	3.10637	0.504692
2.40343	2.494	2.65587	1.66964
4.39042	6.87876	-0.406319	0.0482931
2.23843	2.60418	2.56228	0.0214783
2.18041	2.43626	2.68841	0.0169374
4.23281	0.0365412	6.612	0.290313
2.62094	2.30069	2.49781	1.67878
3.19369	2.35487	2.56631	0.284413
2.20593	2.11829	2.53522	0.797035
2.54589	2.35459	2.32366	1.95863
-2.73757	6.2685	3.36902	0.597388
2.36973	2.61191	2.59307	0.968789
2.20411	2.34892	2.81558	0.660951
2.74202	2.19485	2.35919	1.72751
1.86188	2.89037	3.06159	0.355608
1.95036	1.77047	2.61319	1.28887
3.68659	-1.65781	2.49654	0.239187
6.42047	5.45641	4.81187	0.0244587
-0.928141	1.01472	2.25065	0.134863
2.34303	2.69201	2.47464	0.370332
2.44878	2.53874	2.34585	0.499524
-1.20188	1.47083	4.49291	0.311374
3.00195	-0.405983	4.61458	1.64162
2.48719	2.62569	2.64827	1.56551
3.20158	3.17723	2.51356	1.14577
2.46036	2.61376	2.95699	0.471306
5.08403	-1.32378	5.86126	0.0135259
2.4533	2.26706	2.51253	0.102434
1.21262	2.05251	2.88165	1.43063
2.38368	2.34543	2.82896	1.53924
4.06759	3.88105	0.551438	1.6762
2.83693	2.39302	2.35533	0.452123
2.5897	2.52384	2.73002	0.696759
2.55077	2.41511	2.53677	1.25618
3.31593	2.38869	2.38504	1.59299
-0.747675	0.212431	0.963274	1.28325
-0.161975	1.32262	2.68211	0.466394
0.532168	2.79256	2.73155	1.58866
2.81795	2.32805	2.23552	0.580873
2.37872	2.54731	2.10508	0.425618
2.39867	2.26291	2.32192	0.601869
-0.979817	5.38958	-0.851436	1.95921
2.84786	2.54642	2.52931	1.54873
2.47044	2.48553	2.55933	1.85001
3.1215	2.74965	2.9874	0.671367
3.34612	5.53574	5.26705	0.866638
2.49347	2.415	2.5725	0.806382
2.09259	3.63761	0.543548	1.58441
0.238285	1.40882	2.6096	0.51041
5.82471	4.28111	3.75568	0.709493
-1.92951	3.96516	6.59752	1.95338
2.07078	1.92302	3.12114	0.814447
2.10698	3.22721	2.80329	0.637829
2.74864	2.97573	2.24518	1.95037
2.59132	2.50383	2.42116	1.30218
2.49887	2.47207	2.32822	0.543881
2.42583	2.43557	2.57345	0.987951
4.83475	1.83329	2.32861	0.289256
-2.5441	1.11422	4.05392	0.815182
-0.371157	3.3021	1.12225	1.68194
4.25407	4.08821	3.83186	0.607678
2.13063	2.51973	2.20587	0.132021
2.58898	2.34244	2.50234	0.208701
2.71293	2.17969	2.55454	1.6467
2.33978	2.31916	2.59955	0.510839
-1.78364	3.90775	4.55107	0.876524
2.46213	2.47661	2.49937	1.33363
2.32443	2.58755	2.49381	1.2546
2.71691	3.3235	1.97899	1.29807
2.44764	2.38368	2.51424	1.9358
2.90154	2.85097	2.59894	1.0387
2.42456	2.59995	2.65642	0.578738
2.38526	2.56773	3.04498	0.0347444
2.47238	2.89275	2.94182	1.93989
2.45155	2.52155	2.47377	0.0211708
0.430961	5.26967	5.41137	0.36109
2.40021	2.34449	2.43614	0.78402
2.36043	2.55647	2.54518	1.29352
2.50344	2.35445	2.58033	1.13863
2.45956	2.71627	2.62247	0.46536
3.48565	3.30457	3.72071	1.98979
1.86664	2.51656	2.42782	1.62902
2.81076	0.929174	2.24501	1.93866
1.7223	2.82199	3.42746	1.11673
3.8647	-0.991491	-0.982488	1.6224
2.54475	2.3884	2.63175	1.0017
1.67526	2.72416	2.64358	1.24629
4.90086	-0.868112	-1.59713	0.603414
6.28124	4.04143	3.82197	1.36124
2.37403	2.65557	2.55678	1.63747
2.7773	2.17709	3.0594	1.21837
-2.48565	1.65734	4.27588	1.63043
2.69973	2.5241	2.66745	0.882941
-0.740149	5.96571	0.433257	0.341296
0.180135	2.4807	-1.85941	1.68264
2.21314	2.69532	2.68074	0.547275
1.2909	-0.279082	4.45503	1.13412
2.51475	2.6689	2.80292	1.12822
3.24448	1.73643	2.20536	1.10564
4.93304	4.49118	4.30155	0.0583893
2.29297	2.32278	2.40295	1.77395
5.2009	6.07008	3.75928	1.57453
2.3562	2.36226	2.57889	0.733576
2.31819	2.51052	2.55801	0.513059
2.68967	3.01337	2.39417	1.82462
5.50287	4.63246	4.79619	1.62738
2.7621	2.27755	2.44605	0.990091
2.89808	2.50901	2.35303	0.898682
2.15332	2.70698	2.1745	1.61564
2.49915	2.5173	2.51986	1.66671
6.35963	5.31751	4.17224	1.49279
-0.459766	-0.649294	4.3199	0.413026
2.46165	2.3074	2.85522	0.958652
4.08247	4.08771	3.67983	0.838279
2.45203	2.59405	2.3628	0.471067
2.4993	2.28146	2.68247	0.246148
-0.739686	6.0205	0.437926	1.68244
2.43582	2.58261	2.51694	1.321
2.4569	2.61213	2.69648	1.48983
2.05746	2.20106	2.16273	0.301069
2.36192	2.30558	2.52994	0.544456
2.78676	2.54341	2.84744	1.82092
2.32344	2.39064	2.48568	1.95296
3.50754	-2.62502	3.10939	0.954617
1.35761	0.841878	4.99363	0.534394
0.295121	-0.406536	-0.875045	0.612131
2.22552	2.78185	2.76877	1.1662
1.86216	3.21979	-0.367183	1.96148
4.10512	4.03742	4.23306	1.47631
2.423	2.34089	2.45409	1.73755
3.19775	2.91928	3.30449	1.18773
0.683343	-1.13571	4.73479	0.955067
2.99471	5.34161	-0.352199	1.06336
4.05754	1.33185	2.52006	0.501248
4.19992	0.0515393	0.381917	1.50284
2.12538	2.13274	2.57913	1.9276
1.53704	1.95996	-0.609374	0.43446
2.68823	2.28635	2.72247	0.958715
5.93744	-0.0781622	4.77918	1.5413
2.42482	2.47232	2.51278	1.70265
2.36638	2.73222	2.29607	1.83382
1.90915	2.28008	2.37797	1.3447
5.36739	4.49572	4.46973	0.00123263
-1.96765	5.28835	1.38105	0.998952
2.46053	2.36778	2.60752	0.141074
3.69789	0.605487	-0.186096	0.324224
2.48244	2.46295	2.59583	1.22009
2.2853	2.30069	2.91988	0.603239
2.86097	1.00088	2.9204	1.67838
2.40961	2.28224	2.45574	0.349216
6.42024	1.63747	2.46071	1.91187
4.20107	4.00471	4.27345	0.464637
2.27567	2.50357	2.8095	1.64589
1.7337	0.750142	3.00526	1.4176
2.06106	2.62168	2.39059	0.48677
2.06561	2.91499	2.68672	0.545224
3.5886	2.60824	2.44102	1.37944
1.94066	2.39949	2.98296	1.07382
2.2982	2.49491	2.88365	1.29982
3.99532	-0.237722	-0.563172	1.9704
4.94748	6.04414	1.20089	0.190399
2.99318	0.323538	-1.16996	1.0274
2.60602	2.43066	2.69393	1.61955
2.15745	2.30328	2.58542	1.05531
5.93298	5.52096	5.30795	0.430426
2.88714	2.30048	2.81373	0.752387
4.67197	6.67991	5.10294	0.600892
3.46979	-1.21219	5.65686	0.627176
4.36111	4.22905	3.95958	0.262488
2.20398	2.5371	2.53134	1.19602
3.05426	3.07617	2.40344	0.477392
2.44942	2.31089	2.60348	1.53948
-0.649561	2.25296	1.81544	1.00381
5.46713	1.52401	-0.645419	0.373357
-0.769601	-1.05141	4.73234	0.350512
2.64014	2.18115	2.45407	1.81188
0.251394	1.13617	3.87997	1.5071
2.44831	2.55715	2.6741	0.892108
2.33874	2.6284	2.72442	1.57655
2.38871	2.55041	2.75155	1.86779
3.12032	2.14129	2.58064	1.00049
2.63665	0.776557	2.08816	0.524171
2.74221	8.24271	-1.85206	0.0612508
1.7349	2.08709	2.16148	1.62676
2.3397	2.63891	2.49499	1.86847
2.37175	2.44025	2.51698	1.48008
2.25359	2.09071	2.66762	1.85474
-1.8752	3.64726	-0.495424	1.90192
2.45888	2.58582	2.56141	1.81871
3.08772	2.74491	2.55087	1.65812
2.53773	2.16162	2.45026	0.518004
2.70023	2.68958	2.04645	0.717563
-2.18078	-0.0234766	6.26004	0.851766
2.25222	2.13932	2.88262	0.471304
2.66131	2.14456	2.45467	0.508969
1.11221	0.9257	3.01547	0.81976
2.33999	2.65386	2.44968	1.86464
2.44088	2.41384	2.54182	0.213937
2.06056	2.8649	2.52318	1.26884
2.80758	2.25592	2.56093	0.374637
1.7416	4.61586	-1.0807	1.27094
1.73475	-0.38233	1.39996	1.39574
-0.223835	4.75419	-3.09873	0.507869
2.92269	2.5367	1.78912	0.759597
1.95135	2.50506	2.95662	1.21848
2.55411	2.07271	2.41139	1.14635
2.80642	1.98901	2.40603	0.223763
-1.27733	1.55562	3.21504	1.19639
3.56018	0.394516	4.80778	0.893085
2.51753	1.8617	2.3369	0.329774
5.22915	3.73732	4.03097	0.394763
3.77578	1.65555	1.82162	0.138039
2.25793	2.03447	0.278679	1.07881
2.5865	2.33802	2.83121	1.31473
1.81736	2.43792	2.53647	1.99435
2.41562	2.40448	2.35547	0.0159914
0.429895	-1.11129	5.60383	1.34475
0.466862	-1.78899	0.328178	0.145543
2.55259	2.63422	2.56041	1.90057
5.10419	-0.647337	2.36984	0.808807
-0.893164	0.152624	3.13966	1.39887
4.94067	5.48443	4.67737	1.13735
2.13429	2.03386	2.36721	1.7951
3.75672	5.15017	4.90504	0.350685
2.48239	3.60036	2.05872	1.84817
0.92691	-0.420438	1.52835	1.3095
2.31023	2.37364	2.76543	0.559557
2.20205	2.17819	2.5892	1.70196
2.4567	2.54879	2.40009	0.827858
0.288356	-1.04908	3.36546	0.121912
5.92132	2.07459	0.261763	0.455506
2.52572	3.08383	2.50465	1.39985
2.01114	2.10944	2.66732	0.366338
2.35361	3.28065	2.23763	1.7537
3.57003	3.37692	1.96389	0.00444717
3.61347	-1.736	-1.76962	0.778388
2.30208	2.20227	2.39957	0.306366
2.35928	-1.76108	4.20423	0.688172
2.70349	2.57514	2.21985	0.0876878
3.50697	-0.106971	-1.82258	0.521662
2.66858	2.83374	2.53271	0.323067
-0.161376	6.33371	5.06857	1.75305
2.42317	2.21063	2.74883	1.58434
3.99781	-2.39377	2.19414	1.00923
6.12304	2.87805	-2.26478	0.892784
-0.9469	-0.122787	1.51311	0.208775
4.16059	6.15346	3.4275	0.162555
2.38096	2.62584	2.4468	1.12599
2.26997	2.48806	2.88092	0.496846
4.85172	-0.907234	2.38974	1.58581
-1.57121	6.2755	-0.0797452	1.98747
2.09235	2.62121	2.74308	1.74242
2.42018	2.52824	2.52786	1.04227
4.68689	5.27282	0.190254	0.145329
1.98248	2.49463	2.40736	1.6153
2.47856	2.41394	2.53819	1.85106
4.76527	4.79188	3.90989	0.70038
2.69946	2.31708	2.36681	1.63202
1.79679	2.80176	3.12726	0.0764914
2.52564	2.40864	2.82536	0.491059
2.44367	2.58835	2.48146	0.984646
3.61983	2.85921	3.15808	1.61108
2.50408	2.14432	2.15772	1.66339
4.40251	1.53839	-2.34593	0.994284
5.19664	-0.46621	-1.52416	1.87421
5.03599	2.86966	-1.18875	1.06537
2.35704	2.90395	2.52885	0.426405
2.08115	2.30584	2.55088	0.670388
2.68562	2.25232	2.60446	0.0851834
2.28385	2.172	2.54907	1.56706
2.89023	2.592	2.76798	0.652835
2.2388	2.55236	2.69086	1.04836
2.32489	2.43114	2.7254	1.06745
5.32147	4.42324	2.51609	0.759828
2.70685	2.31217	2.4797	1.29644
5.97702	4.29404	0.681917	1.65035
2.53353	2.81441	2.85657	1.78966
2.43903	2.59139	2.69687	0.629746
3.20044	2.4344	2.3126	1.24478
2.55552	2.23869	2.30506	1.93935
2.25482	2.57842	2.58579	1.59412
3.19253	2.73064	3.04647	1.19906
4.03118	-1.07684	3.0116	0.649748
2.34946	2.72664	2.61333	0.198366
6.38436	4.4288	2.68543	0.491069
2.52074	2.47008	2.63621	1.8219
0.874351	5.77611	-1.00567	1.26399
2.51681	2.50944	2.43336	1.60458
6.32816	2.65018	-0.26427	0.220072
2.47812	2.36636	2.51748	1.76404
1.52589	2.21604	2.48184	0.736694
2.58829	2.45042	2.34568	0.461162
2.59881	2.55336	2.69268	0.216971
4.51194	3.34678	2.8241	0.199743
2.48767	2.42921	2.36872	1.80954
2.32196	2.29823	2.68817	1.04091
2.46943	2.72322	2.76622	0.226943
6.76618	3.61791	-1.73859	1.25826
5.79588	4.92789	2.62557	0.97172
2.52417	2.15204	2.34095	1.86818
-1.37041	5.94111	4.12002	0.120934
5.36959	3.354	3.83668	0.9346
2.60792	2.28094	2.52042	1.69493
4.6242	2.62322	-0.119157	1.32867
5.47534	4.0978	0.167095	0.936497
0.902264	-1.26477	2.33669	1.27169
0.942016	2.71906	4.47411	1.07001
2.37591	2.65811	2.58685	0.972836
2.45823	2.42862	2.55995	0.519565
2.28513	2.42526	2.56557	0.376931
-1.60317	5.67703	6.60068	1.65032
2.0915	2.47696	2.74505	1.1276
0.37721	2.62743	2.8316	1.48147
5.0445	4.59812	3.23234	0.032556
2.36113	2.29028	2.43311	1.56831
4.50304	2.0991	3.39876	0.734269
2.33994	2.45243	2.51356	0.211474
2.45603	2.6099	2.93856	0.248207
2.22678	2.6397	2.88905	1.26285
2.8091	2.61568	2.60626	0.2725
-0.324683	7.33596	-0.596481	1.49332
2.25044	2.5878	2.58136	1.16197
2.50211	2.29012	2.42567	0.176557
2.50231	2.41851	2.36034	1.73332
-0.627396	6.59255	-0.376809	1.95568
-2.17281	5.63223	3.84561	1.77896
0.406204	1.12987	2.13129	0.661439
2.506	2.45871	2.47686	0.39207
1.76898	7.13232	-0.471853	0.600186
2.47135	2.79331	2.88751	0.698726
4.8201	5.03974	4.86216	0.708936
-1.20342	0.30996	4.12307	0.670175
2.26591	2.28042	2.56787	0.823428
2.4813	2.42535	2.3752	0.113716
2.2198	2.46018	2.62191	1.91211
1.89083	2.63827	2.32092	0.963227
2.4425	2.26493	2.24756	1.59203
2.71417	2.88368	2.49255	1.64057
3.21586	2.83428	3.00322	1.58185
2.65682	2.14302	2.28215	0.902919
1.99952	2.77901	2.69858	0.0990661
2.34224	2.26022	2.3317	0.639794
1.97191	7.4125	2.83206	1.04936
5.21734	5.51963	3.0965	1.09403
2.45479	2.51891	2.78296	0.646511
2.64121	2.72367	2.74496	0.719568
5.13186	4.91514	4.17562	1.09501
0.280695	5.91735	1.89486	0.607178
2.38844	2.46686	2.65098	1.13894
3.73252	3.11499	0.457237	0.0259267
2.81072	3.36365	6.23204	0.603994
2.58069	2.66892	2.84137	0.232388
5.79435	4.40308	3.96599	1.56544
2.45911	2.58437	2.58325	1.50376
1.00217	3.97815	3.38772	1.23094
2.43091	2.46804	2.78063	0.571178
6.00976	4.80749	2.14141	0.373962
2.20096	2.26488	2.8021	1.37035
2.18374	-0.464899	0.881056	1.00623
2.35924	2.65672	2.43732	1.22692
2.70148	4.86594	4.19958	1.41735
2.28587	2.64272	2.5257	1.08608
2.72227	2.42111	2.42107	0.803659
3.4639	3.50614	1.1671	0.437515
2.35656	2.50288	2.47888	0.162883
2.56341	2.34752	2.55153	0.393318
2.00021	2.24798	2.63312	1.24959
0.174121	5.61864	5.4613	1.2364
2.33781	2.83699	2.34092	0.0391743
2.19883	2.49567	2.13239	0.0100449
2.46464	2.47833	2.59784	1.21128
1.22078	4.83792	0.13053	0.296899
0.356189	5.39613	5.34795	1.84732
-2.69796	1.55434	5.04307	0.358184
-2.21203	-0.552391	-0.576243	0.680538
5.52955	4.33048	3.28072	1.03402
2.71169	2.56914	2.32781	1.69941
4.47945	3.80337	0.090222	1.24027
2.94505	2.45996	2.67751	1.23812
2.11607	3.37361	2.85638	1.9852
5.49255	0.649008	0.39508	0.232273
0.609529	2.16931	6.71439	1.4884
-3.05442	4.59218	6.39852	1.99168
5.36546	5.16841	5.86365	1.63568
4.13296	0.880494	0.363496	0.8021
5.57117	-0.467304	3.38303	1.93804
0.880231	4.09531	-0.478199	0.279401
4.61647	4.5974	3.76902	1.1549
6.17055	1.39377	-0.348881	0.693781
7.13101	-1.42849	4.0874	1.8836
5.55757	5.75969	1.35738	0.45838
3.69006	3.99428	3.39694	1.09357
3.69184	2.98807	3.03886	1.29719
2.13263	2.36577	2.78555	0.0413927
6.01488	5.9245	5.32218	1.02623
1.48121	1.62832	2.79744	1.82854
2.24477	-1.09716	5.079	0.85278
2.39893	2.61907	2.46578	1.7218
-0.424451	1.06083	2.91359	1.49264
1.83817	2.62135	2.82912	0.512495
-2.11777	4.91194	-0.836532	0.177076
4.74344	4.8513	3.24625	0.851864
1.48256	2.72305	2.13537	0.578894
2.50921	3.1035	2.88165	1.80717
3.61054	-0.00665704	3.97861	1.17345
2.50254	2.4924	2.60664	0.6899
3.09098	6.00801	4.77545	1.52063
0.484124	5.53211	0.457538	1.05305
2.67823	2.63566	2.33372	1.67054
2.49317	2.6329	2.65327	0.344058
0.288332	5.91112	2.98781	1.11251
2.46709	2.27942	2.79657	0.0872308
2.4266	2.66249	2.75357	1.89441
-1.43006	1.16214	2.90044	0.983947
2.34429	2.37485	2.53378	0.581027
2.41964	2.45049	2.44794	0.786229
4.30713	4.00325	4.03052	1.26824
3.52604	1.36961	2.5228	0.300645
2.36698	2.25702	2.70423	1.83937
-0.308477	4.8797	0.51427	0.125779
-2.02577	3.94195	4.59019	0.888413
2.33152	2.49183	2.70974	0.574583
2.08806	2.34408	2.75148	0.906946
2.47133	2.61105	2.53685	1.29513
2.85021	2.46663	2.36818	1.96667
2.59805	2.88872	2.86492	0.508763
2.73019	2.07094	2.1014	0.576555
5.24519	5.73481	3.8752	1.92576
-1.12467	5.66275	3.19033	0.805231
2.27148	2.50361	2.55425	0.698358
2.42835	2.29401	2.51063	1.9781
2.15562	2.70935	2.49158	0.978991
2.41407	2.67932	2.77066	0.577524
2.78872	2.79121	2.53965	0.723195
2.51254	2.38292	2.50996	0.906757
-3.12756	4.6441	6.31863	1.17116
2.88725	2.72123	2.48559	0.0516172
2.28839	1.78523	2.11358	1.3967
2.9699	2.09132	3.29855	1.21674
3.85583	2.80296	2.78302	1.10218
2.20271	2.12398	2.15995	0.496909
3.06429	2.37706	2.05445	1.24782
5.50817	4.75949	4.08791	1.90955
2.73324	2.536	2.36824	1.24654
2.28898	2.45196	2.6515	0.967019
5.97207	2.76127	4.44001	0.304927
2.63593	2.9514	2.23322	0.0571682
2.35178	2.24624	2.15287	0.871175
2.49965	2.5515	2.49645	1.21315
2.31664	2.67058	2.87711	1.80544
2.2015	2.16586	2.64641	1.62998
2.38815	2.46888	2.49485	0.236435
2.53444	2.77856	2.16725	0.266094
4.75692	-0.450815	4.46235	0.626219
3.06204	2.79036	3.03945	1.69223
-1.29726	2.6045	4.67049	0.66885
6.0106	-0.962755	-1.53271	0.286803
5.4875	4.7712	4.14707	1.62772
2.50104	2.51628	2.25574	0.561156
2.40848	2.43782	2.36801	0.455714
5.16009	4.7266	4.30657	0.531696
2.52492	2.56039	2.46313	0.8739
2.41901	2.76153	2.16077	1.19559
-1.03913	-0.75729	3.158	0.365807
2.30463	2.73727	2.24348	1.58069
2.34769	2.66597	2.4061	1.04791
3.91788	2.74902	2.27116	1.15499
2.48276	1.35019	2.75936	0.909197
2.48489	2.31877	2.47573	1.97592
2.17189	2.68482	2.31219	1.01086
3.38548	-1.99384	2.37978	0.124146
6.9395	2.97592	4.65368	1.60648
2.28875	2.45719	2.63709	1.90672
0.449506	4.67743	-0.232981	0.439486
2.30161	2.24342	2.34082	1.46198
2.58076	2.53204	2.57593	1.37805
2.48243	2.50207	2.53636	1.16305
5.32135	5.00636	4.44908	0.850993
2.2398	2.38728	2.62031	0.165196
2.43052	2.53964	2.66916	0.268563
2.01941	2.9964	2.28451	0.49507
3.11043	2.83264	2.04003	0.216101
1.09387	3.68829	0.866247	0.663939
-0.701386	3.95446	4.0325	1.27193
2.08233	2.60712	2.77684	0.272214
2.63934	2.33458	2.68157	1.21946
2.71659	1.56441	2.19902	1.4405
2.36493	2.41926	2.49858	0.171098
3.4377	0.769849	5.59115	1.46962
4.34942	2.42696	3.2965	0.707837
2.407	2.52338	2.65656	1.86399
2.59435	2.16069	2.30712	1.27439
2.82701	2.25524	2.29464	0.409443
2.71191	2.78833	2.45184	1.16904
2.46928	2.54746	2.51096	0.331599
4.71722	6.09522	6.15929	0.285074
2.51694	2.44535	2.19785	1.2172
2.70255	2.74687	2.28802	0.89935
2.40478	2.68739	2.6076	0.217266
6.16804	3.02622	-0.918496	1.52028
2.47098	2.16344	2.13021	1.64993
3.58654	1.60785	3.14502	0.476236
2.49593	2.3906	2.68004	0.742065
2.42306	2.44318	2.5432	1.95008
2.20437	2.54797	2.58815	1.24899
5.07785	5.82836	3.9082	1.02644
1.90014	2.36631	3.02513	1.09969
2.51175	2.41911	3.50027	0.281069
0.676171	5.06477	0.750749	1.48171
6.72201	4.14164	1.35133	0.680504
4.77259	7.86601	1.3596	1.92564
4.96032	5.69855	1.81239	0.555707
2.3065	2.35677	2.81404	1.45378
4.36467	-2.11895	5.66438	0.524436
2.17571	2.54543	2.4472	1.67563
7.17512	5.30232	2.16254	0.232929
7.39128	-0.00646119	1.28817	0.90213
2.95121	2.18166	2.15939	0.816187
2.19818	2.41595	3.05783	0.514668
2.44599	2.52855	2.88705	0.686451
1.37153	3.09782	1.93749	1.79586
-1.20811	1.51273	3.1578	1.6928
6.14192	2.75457	-2.49703	0.803674
2.21081	2.53034	2.50216	0.982337
2.12809	2.27688	2.50509	1.8505
2.73602	2.27955	2.71967	0.862177
2.6618	1.39056	1.19098	1.92722
4.37408	4.91488	4.98381	1.68661
2.53139	2.1598	2.87413	0.150388
-0.431697	0.995945	1.16627	1.71872
-0.347071	-1.17841	5.71598	1.93574
2.50384	2.31484	2.61136	1.74956
2.80043	2.82852	1.87769	0.734056
3.89059	3.95669	4.69047	0.741951
2.26323	2.35327	2.60229	1.70133
2.67665	2.22096	2.67546	0.742585
2.435	2.35217	2.46315	1.41108
3.18426	2.1496	2.62978	0.420404
0.158104	-0.655323	6.49031	0.484521
2.50702	2.75845	3.02639	1.52143
3.49841	-1.0626	5.28579	0.346415
4.42963	-1.26703	-0.20436	1.77616
2.31891	1.80944	2.20306	0.24509
2.52674	2.39185	2.58256	1.07711
-2.58677	1.03874	3.90729	0.409038
2.50116	2.52906	2.5852	0.564591
2.40391	2.07433	2.28515	0.481366
4.9424	0.0124817	3.11915	0.536578
0.304698	0.507921	3.79797	1.21823
6.0714	-0.280215	-0.527798	0.934789
2.19475	2.63596	2.39575	0.769266
-0.976632	4.79607	-0.53822	1.07314
1.80312	2.49611	3.43631	0.665011
2.59433	2.31394	3.00089	1.22271
1.6332	6.65786	0.860459	1.95702
2.45944	2.82162	1.99122	0.679246
1.73854	-0.613485	2.53199	0.0751479
2.4755	2.45865	2.61109	1.07684
-3.00183	5.28801	-1.06182	0.701054
5.17718	-0.661334	1.45828	0.405571
2.7675	2.0989	2.383	1.97958
2.55324	2.75783	2.57401	1.06522
2.51107	2.39946	2.48309	0.140805
2.40538	2.39027	2.76955	0.578394
2.15948	2.1989	2.53669	0.24038
2.53218	2.25728	2.69381	0.973154
2.45357	2.34049	2.55618	0.210663
2.34713	2.47385	2.7233	0.882856
2.17643	2.51905	2.49644	0.272792
-1.69656	3.69538	2.42186	0.565898
-1.26339	0.950962	2.82678	1.58433
1.12584	-1.78265	3.03235	0.768512
2.89425	2.28725	2.16108	1.85369
5.49397	5.48908	5.83348	0.333036
-0.567511	5.84518	5.29638	0.345271
2.21333	2.50161	2.7075	0.654244
2.24705	2.34088	2.69193	0.83375
2.82287	2.49121	2.10033	1.12637
6.74039	2.79999	2.60484	0.501374
2.37264	2.40323	2.47667	1.87739
1.28157	4.23139	0.92645	0.169426
3.79025	4.21253	4.37829	0.0943483
2.51137	2.23891	2.36741	1.00843
3.89678	-1.03632	-2.57136	1.05285
0.445789	5.85712	-0.0212485	1.91359
2.36216	2.45543	2.43132	1.48004
-0.559849	0.830241	1.69347	1.0257
2.46087	2.41903	2.4269	0.313752
3.45003	2.86972	2.57973	0.134978
2.35165	2.22583	2.63543	0.251056
2.62022	2.80228	2.10323	0.237897
2.52622	2.29421	2.30213	0.0949976
1.27837	2.00923	2.6562	0.36662
3.83979	-0.970489	2.82934	1.85617
2.64252	2.47582	2.51452	1.42325
5.6333	1.43785	1.05982	0.60947
4.25162	3.72352	4.03688	1.6112
2.33517	2.20741	2.89156	1.23762
2.33454	2.48467	2.73554	1.97941
5.3046	6.89695	3.51915	1.55577
0.276785	3.75943	-0.214495	0.407178
2.31778	2.38734	2.89514	1.93071
2.54561	2.548	2.54814	0.676521
2.22357	2.49246	2.646	1.34929
2.57405	2.58475	2.35835	0.516977
2.1983	2.6637	2.19258	0.646935
2.20208	0.764519	2.51417	1.9884
2.17302	6.62831	0.358528	1.93998
2.55413	2.99714	2.36535	1.91528
2.18379	2.5445	2.81905	0.832739
2.54373	2.55464	2.41727	0.685901
5.28268	6.25893	3.61794	1.60209
2.4985	2.76802	2.6787	1.8299
-1.32996	2.66286	6.38186	1.76294
2.36459	2.21551	1.98841	1.10016
2.34929	2.62319	2.55491	0.587697
2.53303	2.3661	2.48221	1.99766
1.85241	3.21369	2.3712	1.75354
0.604548	3.80212	3.2868	1.83987
-1.05502	4.01907	-0.323432	1.9606
2.90779	2.68216	2.38563	1.28876
2.6205	2.82644	2.5394	0.538466
2.60315	2.77331	2.4697	1.17448
6.97107	5.71645	-0.940022	0.860587
5.29015	4.67872	4.16638	0.0638905
4.98164	-2.53698	-0.745765	0.163056
2.6593	3.84476	2.69383	1.16321
2.39921	2.43232	2.65236	0.201824
2.45751	2.21584	2.50124	0.440577
2.05834	2.62928	2.604	0.552188
2.39196	2.32746	2.3954	1.44384
3.74545	3.61076	1.37121	1.36253
2.38846	2.40597	2.60394	0.368111
2.24	2.46213	2.56829	0.879622
2.30584	2.52948	2.75335	0.232225
1.75135	2.00527	3.22563	0.984858
2.80872	-0.331201	-2.62999	1.26261
5.4761	4.05819	4.00928	1.81222
2.53987	2.58127	2.60107	0.318602
1.30479	2.27457	2.44781	0.78429
2.37436	2.47405	2.60332	1.57449
3.08539	-1.98871	3.06262	1.85212
4.6541	6.20042	5.14904	0.196619
2.25192	2.61024	2.44847	1.74455
2.54506	2.8559	2.84913	0.90994
2.32995	2.60892	2.58737	0.0335407
6.55263	2.11276	3.5684	1.39373
-1.02566	5.57969	4.80797	0.261901
2.64329	2.85258	2.69999	1.49222
2.38197	2.38679	2.70601	1.23164
2.32055	2.53236	2.73542	0.451048
1.58821	2.11617	2.8328	0.390111
2.29016	2.56731	2.74246	0.228041
2.8075	2.75976	3.75272	0.388145
4.64402	4.8504	-0.925799	1.53917
1.75105	2.13219	2.29641	1.78782
2.37074	2.36269	2.47844	0.304303
2.52168	2.39121	2.40977	0.715436
2.23955	2.70531	2.88903	0.000160766
3.20241	2.4381	2.26811	0.790604
3.12881	2.93596	2.79617	0.589553
2.39586	2.67612	2.21918	1.71298
2.91659	2.09857	2.63683	0.540948
2.46254	2.33307	1.77778	0.0097814
3.00057	0.699127	2.42038	0.618684
2.34457	2.63744	2.75851	0.28628
1.43409	1.38909	1.41674	0.388195
2.15459	2.59181	2.45935	0.427517
4.76695	3.58099	5.93098	0.0795727
0.0500722	1.93594	2.02946	1.37162
3.73385	3.13248	4.76589	1.47381
2.3602	2.65327	2.64676	0.788655
1.43681	0.958326	-0.863653	0.0833556
1.40276	3.62013	3.80282	0.461948
0.254696	5.63954	5.55757	1.10475
-1.96088	2.67214	-0.918003	1.69982
2.49866	5.48666	1.79952	1.70406
2.66201	2.92215	1.9747	1.29844
1.81436	2.3407	2.63217	0.71462
0.130236	3.82266	0.928971	1.07974
2.32399	2.81833	2.49748	1.70122
1.7985	2.1103	2.88383	0.894138
4.40517	1.77326	2.45604	1.52159
2.11587	2.93646	2.70852	1.26864
2.53738	2.31983	2.37041	0.624582
5.32677	4.80192	0.427906	1.18944
2.38862	2.58563	2.72245	0.266196
2.69472	2.19478	2.66017	1.00462
4.29692	3.24032	4.20031	1.97002
3.91073	4.38457	3.52053	0.230556
2.0568	2.22585	2.39984	0.924567
4.78194	4.87329	3.37394	0.474673
2.32911	2.3284	3.02742	0.547154
2.48457	2.62554	2.35902	0.250875
2.59765	2.50412	2.42421	0.668665
2.56026	2.17663	2.47335	1.36594
2.41532	2.59342	2.60458	0.413776
-1.12868	0.645278	3.00786	1.13046
-2.12477	4.80783	1.84155	1.45736
-0.796861	3.84103	1.52173	1.34443
2.30985	2.13296	2.2261	0.628384
3.33722	-1.06514	3.27766	1.77112
-0.416163	2.54186	1.9765	0.31682
0.0887041	3.23901	0.822837	1.63136
4.38758	4.80728	3.34811	1.74034
2.85782	2.70527	2.37339	0.282004
2.3328	2.34681	2.92455	0.455996
1.91372	2.15004	2.38441	0.588172
2.27515	2.53225	2.8151	0.756245
-0.331404	3.48538	8.08547	0.589031
2.39274	2.29009	2.76599	0.751474
2.83873	2.93757	2.48014	1.57243
2.92694	2.52201	2.61009	0.826162
2.00133	2.9162	2.75144	0.203374
2.24864	2.627	2.29098	0.283443
3.61906	3.63659	3.36048	1.2216
4.93146	4.83627	0.292103	1.47202
4.86425	6.65461	5.17282	1.67613
3.09476	2.45314	2.10956	0.552578
2.56858	2.30593	2.3971	1.16283
2.71225	2.33761	2.67687	0.355824
3.11176	2.35857	2.40971	0.730735
2.49422	2.33741	2.76175	0.463612
-0.352094	0.912251	0.0730901	1.83019
1.32929	-0.712745	-1.20301	0.157947
3.05396	-0.484905	2.06448	1.64063
5.69611	4.7898	4.25449	1.88566
2.98307	2.2415	2.13805	0.310507
2.59134	2.5247	2.41771	1.37733
5.07505	4.36562	4.51097	0.0793288
2.44086	2.5913	2.70289	0.122467
2.82223	7.46681	1.06923	0.981996
2.99446	2.67515	2.27334	0.0594915
1.94591	2.26352	2.16169	0.948263
2.2106	2.54393	2.78507	0.307808
3.34181	-1.38956	5.38247	1.96753
1.93772	2.64	2.29625	1.05453
3.30741	1.25827	0.653881	0.954272
2.33145	2.37553	2.64205	1.5832
2.58534	2.43279	2.58709	1.79617
5.12348	0.0541556	-0.784257	0.902367
2.87276	2.76613	2.48414	1.91485
2.73167	2.76407	2.61843	1.66066
1.8419	2.39658	2.21639	1.48685
4.31272	4.09217	3.82464	0.635795
1.71784	2.59275	3.17274	1.00114
2.27456	2.21906	2.24982	1.25698
2.39989	2.5996	2.39124	1.98046
2.28824	2.42428	2.47693	1.53382
5.36147	5.56687	-0.945698	1.91371
-1.92043	-0.41885	-0.356996	1.98496
2.29032	2.28197	2.80048	0.63793
5.58553	3.03167	2.99212	0.601592
2.6019	2.38291	2.52295	1.04044
2.81047	2.57416	2.59396	1.2268
2.2157	2.57951	2.68043	0.191253
5.39423	5.17645	0.186366	0.723984
2.44726	2.45661	2.47234	0.241534
6.47729	4.25224	3.46118	1.35739
-0.363345	0.360725	2.75384	1.59026
2.3244	2.6757	2.80395	1.3999
4.72742	-1.14571	5.52344	1.66343
2.63072	2.73216	2.81046	1.31823
3.83119	1.90943	-0.036169	0.347725
2.22147	2.38309	2.34129	1.01109
2.59579	2.64684	2.32037	1.25339
2.41407	2.64433	2.27746	1.33613
2.39864	2.90813	2.32188	0.888912
3.26346	2.61444	2.81935	0.00797862
2.36568	2.62611	2.25684	0.894474
2.54332	2.46409	2.49558	1.55526
4.73441	-0.326871	-2.85657	0.846683
2.55586	2.53129	2.69187	1.36506
2.29229	2.57091	2.53395	0.605584
2.85701	1.54206	2.79356	1.76694
2.35935	2.56735	2.38097	1.71047
1.52903	5.77733	0.797737	0.899175
-1.14502	-0.929857	3.00549	1.14074
-1.41938	2.42027	4.79604	0.610626
2.44772	2.44892	2.51944	0.685305
3.20142	2.34011	2.30114	0.257784
2.97424	2.56251	2.09715	1.01499
2.38411	2.45835	2.40522	1.73338
2.5477	2.19164	2.37602	1.65953
2.79098	1.8625	2.80311	0.0562572
2.49274	2.33735	2.58555	0.503665
2.51946	2.96244	1.43734	0.0872571
2.2247	2.03611	2.3707	0.0656741
2.14477	2.08543	3.0475	0.312154
2.67676	2.37789	2.45253	1.38979
-1.86708	4.82615	0.902158	1.66509
2.43693	2.19637	2.44761	1.92928
0.573322	1.76663	2.63533	0.281483
2.57888	2.11128	2.49509	0.594372
1.41787	3.10196	1.45171	1.56753
2.43091	2.32792	2.42353	0.35772
3.61799	1.33096	6.64743	1.76887
2.36003	2.3903	2.47067	1.13539
3.45144	5.07187	4.98832	1.65292
6.89285	3.78027	-0.0623126	0.578171
3.1981	-0.908338	3.71225	0.244069
2.0645	2.64134	2.6807	1.8258
1.29017	2.82395	2.40883	0.0152801
2.40099	2.4374	2.6848	1.25138
2.48002	2.59517	2.57195	0.12667
2.19784	2.61813	2.40229	1.14597
2.61543	2.94311	3.18823	1.30959
6.16495	6.2071	1.75465	0.196032
2.17706	2.85448	1.91624	0.699079
1.76894	2.58586	2.43391	1.93646
5.3059	0.288779	0.300661	1.77288
2.15872	2.6413	2.41354	1.92791
-1.67875	4.05015	4.579	0.407499
2.65169	2.4279	2.56414	0.684145
1.6887	8.25033	1.40176	1.56681
5.8091	2.91331	2.03614	0.682265
4.2146	1.67016	1.38132	1.02112
2.50822	2.35138	2.81639	0.280101
3.25325	2.83504	2.32893	0.769149
2.10747	2.22812	2.43789	0.601652
2.38163	2.48857	2.54738	1.34514
5.94881	6.89357	4.53891	1.44747
2.2761	2.50788	2.26226	1.64843
3.28403	4.55523	2.28554	0.533412
2.92008	2.58916	2.34328	0.461556
-1.58737	2.98752	4.4483	1.44268
2.23639	2.42973	2.75922	0.655452
2.63483	2.63514	2.35504	0.9936
2.41345	2.57744	2.5245	1.72882
2.76923	2.37683	2.24685	1.74386
2.26597	2.66701	2.70418	0.29556
2.54087	2.61365	2.64778	1.94776
2.28526	2.70125	2.64609	1.05329
2.29014	2.50403	2.57285	0.317014
2.66465	2.76048	2.22863	1.81748
1.22845	1.21876	6.52703	1.27723
2.4735	2.51272	2.51038	1.32471
-0.788044	1.80448	-1.43617	1.9089
5.62996	7.2181	4.88787	1.3406
2.44112	2.33372	2.63698	1.61888
2.26851	2.47269	2.53983	0.31254
2.49213	2.40328	2.51625	0.79427
2.83044	2.29337	2.76847	1.49264
2.6184	2.04822	2.88806	0.327419
4.54217	-0.355334	-1.47939	0.0904908
