3.14814	3.03856	2.75317	200
2.70947	2.4799	2.49487	1.59688
2.97623	2.72666	2.40514	1.53646
2.40755	2.58861	2.44008	1.25774
2.73206	1.74396	2.30911	1.83239
2.76589	2.40808	2.62725	1.21394
7.79587	8.63617	5.17537	1.60835
5.22589	5.45394	3.6939	0.217618
-0.105556	6.1145	5.94514	1.67822
1.71519	1.95223	1.31844	1.04857
3.00318	2.59848	2.17955	1.54272
2.65421	2.57028	2.68706	1.78306
2.40831	3.18789	2.8313	1.83805
5.09463	-1.52307	-2.96947	0.172112
1.74665	2.64585	2.07589	0.697786
3.55276	13.9383	2.25936	0.126192
9.20217	-1.25544	-0.295706	1.70184
2.50004	2.52221	3.03028	1.5205
3.03767	2.58124	2.14674	0.0785607
8.71794	-0.550651	1.69669	1.4419
1.61191	2.00591	2.32245	0.708097
2.71328	2.73441	3.11647	1.76015
2.34868	2.62459	2.02525	1.78674
2.57913	1.79634	2.2146	1.17728
2.97681	2.20337	1.94546	1.84794
2.21834	2.37204	2.47242	1.82194
2.63062	2.87734	2.79797	1.84026
2.41976	2.73485	2.7844	0.863907
3.05819	3.08686	2.81019	0.614916
1.19002	1.45964	1.52581	0.552469
2.38189	3.08772	2.2918	1.81361
4.20795	5.76987	5.33561	1.52095
1.44666	1.04405	-1.56797	0.766377
2.42796	3.16904	2.47439	0.464523
-1.01473	0.438299	2.90993	1.4643
3.60117	-2.49153	3.25088	1.49014
6.60543	-1.98625	5.39049	1.04313
2.64914	2.15554	2.12334	1.46531
1.81509	1.10621	1.35462	1.51947
4.48264	4.8277	6.04679	0.156464
5.367	5.15512	4.97006	1.63935
2.89164	2.76962	2.73578	0.315614
-0.510707	8.52814	-1.39479	0.250937
-0.790938	6.42548	-1.49987	0.144658
2.09022	1.20774	-5.63226	0.360745
2.94777	2.48854	2.41573	1.63939
2.57447	2.67017	2.24075	0.905152
2.73505	2.80907	2.40068	1.51459
2.39596	1.92755	2.41954	1.75523
0.161159	-2.59296	2.03077	1.49561
-1.76551	-0.0761342	-1.09808	1.66208
1.55477	-1.76025	0.99481	1.96719
0.108451	5.68912	-1.19562	1.66002
2.79657	2.13967	1.96598	0.496088
1.93277	2.50402	2.22313	0.633734
8.35679	7.42766	3.55529	1.26614
2.56357	2.24025	1.98617	1.94293
2.41302	2.05094	1.68268	0.226561
2.79941	1.63933	2.35544	0.901835
2.27943	2.42895	2.14076	0.00646292
3.08665	1.68305	2.82496	0.467783
2.5186	2.22894	2.03982	0.609911
2.70852	2.5713	2.22178	0.0817286
2.39758	2.4287	2.84759	1.27528
2.20424	2.93188	2.855	1.25432
-0.153242	7.25793	-0.815646	0.404426
2.29732	2.55168	2.21358	0.514531
-2.70633	-0.646538	3.67607	1.75477
2.18631	3.01139	2.39929	0.723202
2.29361	2.60492	2.79811	0.577556
3.98038	2.22729	3.43639	0.379502
-0.205415	3.85072	-0.889024	0.662958
3.52407	2.80552	2.41557	1.83786
-0.21634	1.9421	3.73944	1.37157
2.29028	1.74897	2.84954	1.83255
2.74227	2.54671	2.73644	1.09608
7.20062	1.04732	-0.298752	1.74796
2.94654	3.44539	1.24849	0.547822
1.41848	2.76192	2.99919	1.69788
3.36867	3.31157	3.39546	1.36836
2.75442	2.69094	2.61558	0.984843
2.44502	1.85225	2.33995	0.443931
0.457805	0.672658	2.09417	0.720885
9.03991	-0.21506	2.15089	1.24419
2.52451	2.07407	2.76367	0.669943
2.52063	2.82948	1.69312	0.517812
8.91306	5.28757	4.10341	1.29441
2.33956	2.46721	1.93318	0.182297
1.90521	2.59866	2.96022	0.530923
2.72231	2.27859	2.1492	0.314544
2.39595	2.35671	2.3822	0.415687
2.47634	1.91295	2.39468	0.788777
2.71479	2.57986	2.36097	1.27731
2.73343	3.15568	1.57098	0.272149
6.22917	3.40531	1.66478	1.54877
9.68839	3.21767	2.41702	1.44201
6.19518	-2.08325	2.21123	1.41582
1.57524	2.01838	2.6499	0.187839
3.13908	2.94745	3.28859	1.31424
-3.85334	4.20556	4.94864	0.106845
2.46058	2.49314	2.16378	0.88512
2.44079	2.41808	2.65608	1.0598
2.72062	3.19809	3.37721	1.77745
3.8452	2.40669	3.30358	1.05149
2.54634	2.13967	2.86251	1.65962
1.59026	4.13032	-0.986437	0.339299
2.25945	2.07985	1.92113	0.581657
4.09085	4.19546	3.51779	1.62982
1.68638	2.41061	1.61009	1.55651
2.8563	2.81191	3.00639	0.442019
8.09316	1.40827	4.89972	1.34921
2.7633	2.13252	2.44945	0.802375
2.60985	2.26933	1.77176	0.771496
2.6929	2.89475	2.13656	0.0291587
2.89121	2.36174	2.36148	1.47482
2.04912	2.33685	2.4558	1.83918
3.47012	3.04914	3.47286	0.623901
2.45768	2.35545	2.80002	1.68782
2.794	2.51185	2.79862	0.801418
2.70947	2.80383	3.11038	1.35562
5.64026	5.87238	5.24766	1.37144
2.3564	2.51636	2.2524	1.13566
5.7629	5.66238	5.79175	0.523141
3.30806	3.01992	2.86989	0.682709
0.610499	2.08264	1.46697	0.626459
2.61094	2.87557	2.70826	1.00692
-2.42837	-4.16424	1.68933	0.382223
4.09526	0.383987	3.31685	1.09479
2.65172	2.06323	2.31719	1.85315
3.5597	2.70674	3.3214	1.10514
0.209574	-2.97899	-3.19417	1.18899
-1.6457	2.8327	2.40872	0.649083
2.67324	2.09827	2.57276	1.51865
1.49035	1.55996	2.86417	1.20876
2.42286	2.97262	2.78013	1.73017
2.07018	2.60083	2.5259	1.22396
1.14891	3.58432	2.33988	0.296684
-1.34894	3.60879	0.224761	1.0363
3.56543	3.29924	2.27844	0.97962
-3.2412	4.19865	-1.32738	0.769317
1.99114	2.33325	2.9221	0.826156
4.02538	4.31089	4.11179	1.43519
2.58323	2.78215	2.45449	0.893485
4.66349	-1.69745	4.84887	0.148521
1.46624	2.03868	2.64512	0.439576
1.48525	2.03563	2.52356	0.925704
2.06578	1.31692	1.92846	1.89782
2.5039	2.32788	2.87283	1.07349
2.84259	2.43424	2.61527	0.932337
-1.75594	0.33292	8.14193	0.916078
-3.47316	-2.72414	1.55583	0.515171
-2.01113	3.84273	5.81359	0.804758
2.42855	2.33343	1.8121	0.382055
2.70825	2.30554	2.53367	1.83305
2.27681	2.49054	2.39246	0.219555
3.10898	2.53369	2.09772	1.18538
-2.25145	-2.46416	2.13544	1.12174
2.31058	1.89005	2.15024	0.687683
5.0008	-1.27344	-2.44034	1.54137
-3.41993	-0.0592188	5.71905	0.895963
2.79774	2.54708	2.327	1.93136
3.12247	3.10357	3.23666	0.732056
2.6682	2.42346	2.50455	0.545974
-3.55673	4.26225	-4.18998	1.24639
1.98355	3.03946	2.57468	0.564568
4.89729	3.50134	-0.267612	0.352478
8.6423	7.67639	2.76604	0.0277325
6.01026	5.71889	6.3107	1.29709
1.58307	4.10549	-1.23281	0.141114
2.51918	2.33744	2.51027	0.586355
2.67442	1.93765	2.30334	0.381418
2.71924	2.35033	2.33465	1.50677
7.19487	-2.76591	5.17736	1.0471
1.97546	2.53368	1.98361	0.655232
-1.47873	0.178844	3.61718	0.100336
2.84912	2.30892	2.08538	1.36384
1.7325	2.36163	2.39742	0.595866
2.39143	2.54845	2.22964	0.106879
5.70218	6.74208	8.73162	0.272341
-3.33771	3.70702	-1.0618	1.891
7.57507	-1.38869	-2.00071	0.513938
2.62184	2.03171	2.99086	0.952709
1.09201	3.81079	4.00811	1.1645
2.39747	2.23004	2.29815	1.26717
-1.88626	6.45818	-1.61404	0.695092
2.56846	2.06703	3.1015	0.614337
2.98682	2.8868	3.03162	0.538045
3.24031	2.72392	2.14072	1.51842
5.55393	-0.765967	2.9718	1.69025
3.06313	3.09852	2.87985	1.33592
3.46347	3.44974	3.07686	0.512456
1.93907	3.00654	2.78101	1.22282
1.64204	3.10212	1.98419	1.47349
2.92264	2.53545	3.2839	0.0477264
1.29017	1.49332	2.97756	1.41652
2.54322	2.36571	2.55001	0.156516
5.35287	2.9767	4.06229	0.0867894
4.70148	4.43836	0.419392	1.22248
2.30991	-3.18932	-1.8966	0.332188
1.89851	2.20355	2.54237	0.0139602
2.51466	2.31937	2.43153	1.84514
4.67094	-4.54674	2.33275	0.202961
2.14146	2.51658	2.65803	0.190086
1.26167	2.25915	2.42729	1.87543
-1.71149	6.23244	-0.189652	1.69055
2.5401	2.67676	2.64074	0.868796
1.99708	2.69516	1.86486	0.259952
6.85873	7.82712	4.0328	1.31976
1.76221	0.862471	-4.94111	0.421726
2.15691	2.5759	2.31949	1.88644
-5.61178	4.64789	4.41157	1.02987
2.63727	1.50138	2.61894	0.320324
2.20939	2.10018	2.35541	1.29957
6.18862	6.69918	3.73679	1.5605
-1.74586	-1.54637	1.72874	1.73439
7.11682	7.0136	7.90457	0.354266
2.94105	2.24844	2.7543	1.19238
2.77177	2.48085	2.34231	0.81323
-1.25173	2.39811	0.480727	0.443452
-1.76041	7.44059	8.41174	0.194981
2.66702	2.01428	2.40075	1.86836
2.76081	2.14613	2.25405	1.27041
2.47844	2.86798	2.40396	1.15763
-1.97187	2.38163	-0.57035	1.19941
6.8518	5.45333	4.98138	1.55482
2.53681	1.89409	2.4212	1.33341
6.82459	6.88642	-0.51642	0.204467
-0.657601	0.911293	2.6925	0.575473
1.85413	2.11763	2.383	1.01383
-3.02636	1.63283	4.85366	0.589203
2.48908	2.85614	2.08739	0.465696
2.61545	1.92199	3.01401	1.62599
2.60835	2.03056	2.53639	1.23516
3.55642	2.79182	2.96198	0.153507
1.63015	2.09938	2.59555	0.719572
2.84442	2.66679	2.68498	0.201371
2.23901	4.9612	2.1351	0.208348
2.83882	2.17914	2.6249	0.733593
2.46357	3.9792	4.46296	0.13647
3.03629	3.38389	2.53006	1.3497
2.34299	2.14897	2.45774	0.448831
3.10054	2.16757	2.46351	0.25216
2.72391	2.77979	2.29359	0.384972
-1.30318	0.172225	3.57809	0.369155
5.66011	-0.912173	8.15824	1.61723
1.61653	2.02772	2.64813	0.0894589
-3.11295	-0.776779	6.52832	1.72253
6.63713	3.52341	-2.60987	1.33582
2.17877	2.37802	2.28994	1.42381
2.95706	2.89242	2.21797	0.309421
3.03989	2.38988	2.61748	1.06503
2.07819	2.4847	2.52114	0.920135
-2.49319	0.256681	2.16831	0.383261
1.15773	5.44532	1.83307	1.30617
2.47384	3.36465	2.77004	0.852823
8.27133	5.84075	4.28466	1.61871
2.05128	2.80138	2.79343	0.56856
-0.070942	1.74158	1.35235	1.70757
2.60986	2.46648	2.21759	0.280676
2.58465	1.84634	2.38634	1.93539
3.47668	0.419277	3.09765	1.60521
3.08059	2.62795	1.93325	1.06468
-2.50502	1.66584	-0.145297	0.177057
4.57886	4.79007	-0.0427587	1.79904
5.80791	5.06292	4.45861	0.439707
1.87883	2.20008	2.42184	0.922978
2.61657	2.01255	1.92744	1.67107
2.57142	2.49989	2.26621	1.34512
5.86792	-1.37059	-3.02214	0.769018
8.12065	2.05558	2.25736	0.206487
-1.86873	-0.385347	4.1873	1.84281
-0.410228	6.3548	-4.70048	1.93679
-1.70045	1.14785	3.06482	0.574379
2.53881	2.45136	2.81219	0.0729918
2.21325	2.89826	2.73699	0.570298
1.97276	1.88654	2.4111	1.24812
3.40564	2.72598	2.78629	1.99208
5.9901	-2.40157	5.09617	0.529248
2.29845	2.96549	3.05066	1.4594
2.01028	2.786	2.71748	1.77902
4.44987	-1.74738	4.99605	1.2784
2.10209	2.45069	1.59956	1.74011
2.70627	2.20151	2.12357	1.65724
6.01123	5.68929	6.34434	1.72157
2.75602	2.35386	2.34283	1.81902
2.60687	3.23494	1.90802	0.375386
3.11043	3.08317	2.44816	1.25576
3.04199	2.94225	2.80074	0.757598
2.15012	2.50138	2.11019	1.30013
3.16599	2.81308	2.65748	1.79071
2.09075	2.76132	2.2939	0.928786
2.44205	3.34752	3.25396	0.668032
3.16638	2.64199	1.65123	0.049151
2.39073	2.00731	2.48546	0.770563
-5.73009	4.60171	4.40379	0.289892
5.88921	4.17206	-1.31457	0.493979
6.0818	4.69472	4.87839	1.68823
2.89544	2.55683	2.53371	0.9537
8.78653	5.27462	-2.7491	1.76145
3.45616	3.04224	3.48652	0.556009
1.7018	2.26187	2.04512	1.17307
1.54121	1.94997	3.39795	1.30752
-2.49012	0.164805	-0.687364	0.779333
2.85778	2.27287	2.05562	1.48035
2.61798	2.29979	2.35617	0.199259
1.65105	2.56647	3.22802	0.086758
2.86365	2.35485	2.78305	0.854591
2.72275	2.39724	2.60463	0.46513
-4.72615	5.03959	-3.59643	0.946091
2.38501	1.52832	2.75742	0.334482
2.79861	0.271634	4.34303	0.582863
5.21994	5.89629	6.5468	0.224313
3.09851	2.98594	3.00445	1.35632
0.409011	-0.41258	-0.652747	1.45369
2.63922	2.66957	2.38291	0.180259
2.28716	2.70661	2.4704	0.763205
-0.578431	6.0454	-0.814805	0.780101
-2.55521	-2.22158	-0.208942	1.41723
-2.5561	8.20538	3.38398	0.309853
5.94139	2.79267	3.7798	0.0700779
2.21184	2.47963	2.85847	1.17439
2.4819	2.25541	1.76391	1.14624
2.41123	2.45928	2.98121	1.72975
4.40583	3.12715	2.9655	0.389895
6.05119	4.60714	-3.32688	0.120918
1.74239	2.86605	3.39097	1.97908
4.89533	-1.67567	2.39926	1.1285
2.80016	2.02556	1.65315	0.896645
3.2373	3.03257	2.17575	0.315109
2.11204	2.77947	2.31038	1.65523
2.68223	2.79283	2.01204	0.290746
1.93949	2.18625	2.33135	1.01523
4.35916	-0.946431	7.45971	0.245328
6.8161	8.15915	4.4347	0.648193
3.06963	-0.529467	3.92362	1.81409
2.91001	2.66357	2.38012	1.11729
2.99467	2.78326	2.68101	1.09472
3.01981	2.16801	2.29869	1.1164
2.15785	1.7259	2.50446	0.441357
5.84014	3.47258	-4.32965	0.0930253
2.81378	2.59524	2.68105	0.0736352
2.53381	2.635	2.74699	1.47959
2.50227	2.41889	3.21932	0.41256
1.85819	2.29799	2.4191	1.07406
2.61704	2.94497	3.15942	0.267096
2.76868	1.94877	2.70985	1.53761
2.54404	2.97819	1.83514	1.06651
2.55734	2.75063	2.05742	0.816834
2.84224	-1.05983	3.85806	1.29534
2.57895	2.38778	2.69862	1.13676
6.52583	3.61642	-2.46676	1.58462
2.15398	-0.742914	3.39198	0.859227
2.53933	2.15046	2.50743	1.89742
2.64091	2.2561	2.51929	0.799847
3.80749	3.46585	3.16075	0.178859
2.72469	2.92005	2.34012	0.877848
9.48761	1.30475	3.99348	0.584415
2.93731	2.18444	2.71643	1.60928
2.49027	2.35501	2.58667	1.08977
8.74143	1.18306	-1.28517	0.391076
2.85126	2.73418	2.04634	0.426244
2.70657	2.65656	2.34055	0.885577
2.55381	2.45234	2.30587	1.98706
4.55966	3.7869	4.4983	0.642093
2.43983	2.64839	2.27668	1.44475
2.3962	2.57962	2.53469	1.00296
6.6345	6.68231	5.29398	0.567834
7.29423	4.46423	4.44129	0.780578
2.71605	2.78555	2.35003	0.70218
1.93946	2.30788	2.47353	0.108428
3.05877	2.42913	1.96128	1.64368
3.75836	4.87956	3.8859	0.658617
-0.185052	-4.10316	3.66468	1.9847
1.61546	1.9694	2.65152	0.678142
0.61555	0.960732	2.55429	1.50587
2.61722	2.34509	2.46845	0.239168
2.27053	2.4987	2.31781	0.423209
2.55073	2.48761	2.44266	1.45154
3.04293	2.79648	2.71883	1.89362
-4.35388	-0.393761	7.28738	1.58599
2.46225	2.6927	2.2139	1.35326
2.46121	3.17958	2.52784	1.21836
2.55447	1.71689	2.17131	0.760869
2.50316	2.73392	2.4178	0.934548
2.09104	2.16888	2.83949	0.430132
7.81885	-0.941328	-1.37467	1.65179
3.13892	2.13253	2.41782	0.104021
8.83669	3.67986	-1.40073	1.25119
1.95348	2.89745	2.52422	0.566277
0.129006	5.51017	0.520257	1.45781
-0.900169	5.62244	5.99955	1.39548
-4.82588	-3.19325	3.99527	0.0234906
2.89136	2.57466	2.23071	1.63059
2.42756	2.44523	2.76132	0.0936946
1.03714	7.39893	3.8896	1.6701
2.04182	1.91646	2.64258	1.6787
2.14091	2.42887	2.14975	0.967485
4.88329	3.5793	6.15034	0.0748127
1.91695	2.87648	2.59156	0.0580213
-3.31726	-2.63756	4.92746	1.02277
-2.59863	4.59254	5.34128	1.06529
3.18754	3.196	2.28293	0.182628
2.77253	2.16747	3.13065	1.68896
2.01754	3.00551	2.52526	0.392855
2.70969	2.55356	2.6716	0.461355
2.2763	1.97171	2.90067	0.180736
8.74771	3.06868	6.00225	0.292271
2.36475	2.90883	2.48457	1.2949
2.63765	2.81901	2.64572	1.72584
0.393613	-1.92079	0.719475	0.667664
1.87167	-3.35212	6.94854	0.120311
2.73797	1.57783	2.79463	0.834979
2.3399	2.77181	1.93353	0.979195
2.71322	1.7331	2.36212	0.0887322
2.80867	2.16854	2.43591	1.64575
2.49193	2.52553	2.6778	0.574362
1.78755	1.96415	2.1442	1.56859
-2.86417	7.12035	8.30165	1.69591
1.57774	5.7563	0.170107	0.505069
2.45284	2.54741	2.48395	1.65411
3.99926	4.69894	4.05363	1.86203
5.23868	-4.36158	1.03012	0.307846
-4.32223	6.52947	0.785466	0.910883
2.8833	2.93306	2.56054	1.69226
2.66495	2.03087	-1.48498	1.01511
3.11079	3.20995	2.92857	1.96396
4.2935	3.5454	4.54037	0.407156
4.60728	-1.5576	3.31235	1.05951
2.76228	1.58266	1.78403	0.914341
2.06717	2.05545	2.3125	1.67974
2.65168	2.73546	2.80641	1.23187
6.30588	5.59148	5.55042	0.265115
2.03155	2.47812	1.44508	1.85541
-2.25321	0.0452727	0.488393	1.77206
6.87008	6.22255	4.79644	1.37509
7.50312	3.99202	8.32144	0.542936
2.56	2.41756	2.46714	1.42287
2.40067	1.99421	2.21968	1.43249
2.57777	2.54597	2.19342	1.92527
-1.42759	-3.2737	5.94609	1.63039
2.41738	2.96966	2.29627	1.45555
2.81511	2.38616	2.64161	1.98033
2.39688	2.5535	2.69173	1.69105
-5.63894	-2.01768	5.04426	0.582376
-0.444235	-3.34618	3.38728	1.37459
2.58059	2.9359	2.56583	0.225976
3.36273	-0.691299	1.03698	0.570159
1.18142	1.46692	1.55773	0.833412
2.83145	-2.651	0.619105	1.27411
2.833	2.73584	2.56596	0.585111
-0.898516	1.84105	1.42502	0.570729
7.47813	4.06174	-2.68939	1.54603
2.05732	2.56845	2.5951	0.572149
2.66309	-0.166543	4.57477	1.06727
2.41457	1.95536	2.90428	0.259085
2.20878	2.44565	2.60176	1.10327
-3.63583	3.73778	5.52362	0.515877
2.20935	2.15625	2.68224	1.82145
1.95348	-0.685254	2.42771	0.641544
-0.128307	-4.6066	3.68866	0.0887237
2.3089	2.23094	2.29384	0.969839
2.50677	-0.049067	0.944597	0.0350396
5.68913	-2.68971	6.67781	1.69938
2.51511	2.75954	2.22544	1.03687
2.92384	2.87905	3.03152	1.66612
2.74507	2.39798	2.6046	1.0535
2.96336	-0.13887	-4.21185	1.91819
-4.23105	0.232391	3.62158	0.128683
1.85706	2.28143	2.41132	1.82671
2.69424	2.14927	2.50282	0.535157
8.04596	5.1082	4.01548	0.322706
1.82264	2.20134	2.39209	0.310578
4.3768	3.80278	2.80535	1.02905
2.52441	2.71635	2.34562	1.59695
1.57161	1.99035	2.31407	0.769078
1.99658	3.0489	2.77988	0.651036
3.16507	-3.83062	5.71537	0.316632
2.52279	1.75622	2.37309	1.94209
2.26364	2.53764	2.28172	0.0378658
5.6774	-3.1983	2.30811	0.340736
7.53379	2.51831	-3.91343	0.102763
0.440039	-4.88019	0.220952	1.13346
2.84795	2.55662	2.15992	0.890157
2.71708	2.70617	2.13031	0.926756
3.49023	1.51489	2.1288	1.9285
6.48672	5.09947	4.55966	0.853807
2.91404	2.91792	2.65903	1.30503
2.11622	-0.242046	0.275959	0.296471
-2.03569	6.06349	4.44701	1.35468
4.8858	5.56212	4.42244	1.69782
2.27428	2.61932	2.54464	0.0507099
2.05713	1.75938	4.01502	1.98755
5.34307	6.98567	-0.492161	0.506552
6.90835	-2.06851	-3.16218	1.49754
2.92696	0.931563	4.63471	1.6818
1.63083	9.1933	-1.41849	1.05741
2.68545	2.78817	2.51678	1.93176
2.7621	3.30703	2.96028	1.79025
-0.477536	8.25999	-1.02869	0.481875
2.36912	2.53983	2.78396	0.494861
2.73435	2.56209	2.44654	1.35531
2.73775	2.20005	2.37531	0.0941316
2.22349	2.27989	2.79084	0.105954
4.94078	-0.511551	-1.0062	1.56761
3.0074	2.26084	2.2755	0.608151
-0.377043	5.71187	11.1427	1.7666
1.9478	1.80791	2.06666	1.69328
0.0287508	0.268223	2.92845	0.0970635
1.87643	2.19749	2.25938	1.27547
1.47549	2.95353	2.4526	0.165135
-0.52262	-1.66739	7.45006	0.0643678
2.08917	2.82385	2.61508	1.03142
2.64577	2.33628	2.50874	1.4856
6.20211	5.60841	5.71191	1.60687
2.0931	2.61531	2.36621	1.33512
2.57476	2.75008	2.08474	1.32193
3.72054	2.25966	2.55718	0.229188
3.21898	2.70986	2.88897	1.15041
2.45929	2.49681	2.16717	0.0122439
2.30034	2.05262	2.59415	1.10978
3.86303	3.70201	2.8563	0.238448
7.80063	-4.26608	-2.04534	0.998555
-5.76339	-0.355576	5.00387	1.56683
2.15477	2.62988	2.79003	1.31163
2.80898	2.2807	2.55302	1.84019
2.79382	2.14049	2.93957	0.565669
4.53174	2.96697	3.14567	0.700415
6.65095	-0.683082	1.11872	1.03024
5.83704	4.13026	-2.01653	1.02605
4.51247	6.39588	1.37594	1.60142
6.3362	3.85655	-3.52827	0.893243
3.86313	3.26992	5.13664	0.774545
2.49578	2.57302	2.29487	0.996305
2.66723	1.65815	1.86153	0.281368
-0.00857114	3.62561	1.53436	0.862815
2.05513	5.19309	2.19458	0.0662963
3.11182	2.50523	2.39694	1.45071
2.16498	2.16882	3.02474	0.535223
-2.73076	5.57595	-3.01719	1.59936
5.98658	-3.47884	2.40263	1.82052
2.26633	2.35477	2.54631	1.05984
1.80485	1.93817	2.85765	0.404653
7.41824	4.12706	-2.62544	0.28016
2.27244	4.46667	0.964392	0.312513
2.67016	2.19477	2.60132	0.598014
2.67786	2.93197	2.38348	0.0309688
-0.0688155	1.50439	4.52575	1.31308
2.30707	5.45535	5.02496	1.57405
5.48512	3.83205	4.24444	1.58682
8.95515	-1.17985	0.375896	0.847923
2.32997	2.05018	2.84196	1.41304
-1.11741	2.29877	4.87604	0.741729
2.70842	2.34271	1.94916	1.46909
4.95442	4.66816	2.72802	1.33984
2.51027	2.67809	2.83535	1.22972
2.21789	2.64366	2.43983	0.127465
-2.1546	-3.92322	-1.75916	0.0661813
2.67188	2.42593	2.20292	1.71084
2.63649	2.3244	2.91003	1.38416
0.801804	3.26515	3.58983	0.430067
3.0589	3.26438	1.6323	0.642343
1.48038	-1.99324	1.70798	0.973297
3.99126	4.27847	4.02883	1.66419
2.92336	1.19628	3.95077	0.158561
5.21304	-2.41009	1.94213	1.85721
2.57449	2.00962	2.48098	0.176401
2.55345	2.79973	2.64357	0.697763
2.82904	2.7911	2.22435	1.87958
2.37833	2.50544	3.05502	1.09071
7.75714	6.40773	5.0247	0.955773
0.862411	1.54326	2.56125	1.56081
1.67801	2.33549	2.72784	1.71826
0.11434	1.25195	-2.29609	1.12926
2.56889	2.16902	2.37197	0.264
2.29978	2.66868	2.7625	1.3768
4.52655	2.75057	-0.434386	1.70478
1.49704	1.89347	2.66	1.54276
3.70137	3.43231	5.04699	1.42161
2.94695	2.15519	2.19073	0.400336
2.50228	2.47452	2.34412	1.44768
2.65414	0.175668	3.31414	1.72888
8.65161	2.15644	3.28359	0.673005
2.34339	2.32746	3.14311	1.30151
2.70456	3.01998	2.41391	0.160811
2.85894	2.8996	2.94666	1.36691
8.47476	3.09265	5.65036	1.78782
-3.5626	-3.11307	5.2758	0.850721
8.29466	6.46963	5.26166	1.11867
2.30315	2.81561	2.64067	0.838381
2.92226	2.18537	2.53294	1.50676
2.80866	2.02618	4.81047	0.839319
2.31055	2.28772	2.3555	1.95187
2.67547	2.22386	2.57926	0.277651
6.68675	5.35688	5.2303	0.226415
2.06595	4.25473	6.93017	0.350992
2.52248	2.51881	2.03311	0.561186
1.68348	1.6159	2.0913	1.0088
2.08322	1.50747	2.60695	0.952733
2.12301	2.29594	2.0652	1.33952
2.91796	2.00431	2.74298	0.754754
2.99321	2.03	2.21816	0.401694
2.90498	3.04097	2.82561	0.595697
2.29787	2.09583	2.50937	1.91188
-1.88026	0.338971	3.11828	1.33164
-2.37797	0.739737	4.3829	1.89122
2.09617	0.795025	3.33338	1.25573
3.15935	2.88144	3.34982	1.31822
-4.23038	-1.08596	4.36932	0.924067
2.22483	2.27758	2.88312	1.21424
4.73752	-1.56018	-5.82184	1.55476
3.19525	2.78878	2.71619	0.739891
-1.13922	-2.59195	6.98267	1.90655
2.28972	2.74007	2.69807	0.595911
2.76834	2.41257	2.34609	1.4478
0.142588	2.2676	4.17468	0.705897
2.89742	2.53082	2.46252	0.830301
-5.56968	3.67108	9.11456	0.147648
2.07376	1.82792	1.47949	0.568708
2.44016	2.58672	2.43053	1.7841
6.03249	1.77941	3.78735	0.921071
1.97897	-1.34869	-0.866113	1.06009
2.38424	0.0424094	2.14692	1.40784
1.87996	3.02748	2.32171	0.149011
2.3098	-1.40965	-3.25105	0.0573096
2.61881	2.32702	2.72814	1.60902
5.04267	-6.78269	8.17633	1.48946
2.81485	2.89963	2.48561	0.185152
2.60612	2.38265	2.74406	0.65857
1.60367	1.96282	2.58165	0.582755
-1.12009	4.85151	-0.576602	1.80732
-3.51419	5.48925	-2.16554	1.61339
3.03096	3.37138	2.50752	0.547462
-1.72991	-2.03265	5.92331	0.837849
2.87641	2.10656	1.97349	0.859427
2.91109	2.57604	2.84914	0.686994
1.86686	2.70618	2.64912	1.01772
2.02845	2.5751	2.79645	0.765831
1.78454	2.58801	2.21528	0.791234
2.49691	2.65105	2.0442	1.54345
-4.53392	5.01348	5.85579	1.42464
-0.838458	5.56967	5.90093	1.73399
5.64709	7.68217	4.86255	0.402134
2.32967	2.22317	2.33926	0.755776
-0.26267	6.49004	-0.161333	0.562802
1.86046	2.12905	2.73038	0.789683
2.49007	2.86818	2.75685	0.66046
8.59827	-0.236091	2.14033	1.89641
1.909	2.9417	3.41047	0.0118207
5.13615	-0.171254	-0.404153	1.1238
7.42264	8.16146	-1.40612	0.364024
2.39879	1.76812	3.03992	1.76601
-1.17712	7.35989	0.957184	0.548671
2.26538	2.05623	2.65749	1.23233
2.43459	2.15901	2.05078	1.99051
6.60834	6.67991	-1.11093	0.96566
1.84906	2.15652	2.45663	0.933711
2.03908	2.66494	3.07404	0.964852
2.60714	2.03502	2.95196	1.03972
5.81433	5.15074	1.14614	1.24827
1.61343	2.06726	2.52611	1.60925
2.3819	2.67095	2.65356	0.351209
6.65039	7.61058	4.43629	0.959375
-1.7202	9.53725	-1.94341	1.22256
2.24387	2.37514	2.69712	0.228109
-3.75945	3.62618	2.28887	0.688311
-0.169515	6.37185	0.0457807	1.99575
2.42262	2.33333	2.57831	0.312488
-0.950957	-0.946092	1.42767	0.460278
2.43841	1.69812	2.31727	0.230828
2.61825	2.05585	2.02728	0.328724
2.89256	2.61466	2.9481	0.818434
4.4824	-1.23121	-4.74238	1.64356
0.822807	4.78196	9.32728	1.71857
7.22223	4.82039	0.445317	1.73185
5.09832	5.84365	3.4614	0.261959
-0.938929	0.182398	4.49338	0.175564
2.55772	2.46363	1.81715	0.227061
2.80812	-1.77045	4.92846	0.0687606
2.75917	3.18849	2.9998	0.729587
-2.31471	2.61116	6.43624	1.73595
2.91568	2.10606	1.6373	0.93458
2.02921	2.96622	2.75229	1.35857
2.55957	4.64142	3.20454	0.126486
7.63862	5.52472	4.22883	1.40624
2.44883	3.00432	2.56323	0.563422
4.945	4.69831	4.67237	1.01687
2.35545	2.48882	2.55309	0.110773
-0.884339	8.35969	-4.62265	1.62635
2.07917	2.26034	2.76474	1.58953
2.49671	2.41478	2.43409	0.597277
2.55283	2.15296	2.43835	0.614993
2.64731	2.68955	2.84425	0.787897
2.61009	2.60747	2.20194	0.0392891
-1.21546	0.14842	-1.57196	0.139777
2.89086	2.77168	2.81109	0.955992
-1.98954	1.00021	2.67487	1.74682
2.92355	2.14771	2.43901	1.86862
7.523	6.17794	7.95966	0.308787
2.38639	2.47499	2.66904	1.76448
0.0985489	4.41296	2.67119	1.94973
8.70077	-0.507293	1.70808	0.443174
2.40351	1.8264	2.47497	1.39008
2.26055	2.71894	2.53067	0.770002
2.53305	2.75934	2.89656	0.329308
8.18648	-6.8155	7.9224	0.442341
4.54456	2.61043	2.37977	0.990709
2.41708	0.896113	3.16897	0.0689747
7.48602	-0.482226	3.32207	1.21947
-5.114	4.6688	-1.74587	1.09848
-3.86094	4.49881	8.38653	0.90069
2.70294	2.16689	2.39371	0.00987587
2.39667	2.12473	2.78919	1.83474
7.78725	8.93761	5.58605	0.178322
3.2003	1.38829	-0.706754	1.05445
2.52365	2.10546	2.76361	1.32304
2.71879	2.79436	2.48785	0.443072
-3.33122	4.33538	-1.23912	0.202753
5.60191	2.76625	3.33481	1.52985
1.58982	2.01399	2.13099	0.62777
3.198	2.58327	2.64739	1.00235
2.77763	1.2646	1.96598	1.61698
2.2029	2.58045	3.02852	0.470906
6.23988	-1.06995	-2.25476	1.50572
-2.42979	7.98449	0.0771294	0.0868292
3.58211	0.759695	1.51731	0.992356
0.394947	2.13564	5.87897	0.385173
4.54596	4.74662	4.71953	1.12881
-1.94933	-4.12015	4.6481	0.35686
6.01113	-3.83554	0.763016	1.98283
2.70752	2.18844	2.11584	1.93545
1.85235	2.24534	2.57305	1.37708
2.58671	2.58829	1.97024	1.12573
4.59704	-1.57502	3.30839	0.400758
2.5652	2.07858	1.99577	1.31368
1.53858	-5.8364	8.57248	0.643052
1.876	2.30978	2.04376	1.48936
2.45115	3.06453	4.0049	1.54701
-1.1934	1.32959	-3.06129	0.0591141
2.63897	1.79321	2.55671	0.757717
7.78732	0.921429	2.38645	1.19392
4.8248	2.20286	0.554027	1.80013
3.27174	2.44589	2.32763	1.34404
3.74748	-4.47639	1.78069	1.4538
-2.53138	3.81213	-1.81748	0.0154321
2.03484	6.76512	-3.64965	1.57976
6.51214	-0.151174	-0.31351	0.514847
2.49556	3.02752	2.31725	0.282131
2.68504	2.99071	2.48538	0.628793
3.0475	2.28788	2.40038	1.79937
2.73437	2.88606	2.38872	1.6308
2.75269	3.81242	4.2733	1.22899
5.65911	2.77531	3.21814	0.0782701
3.08811	2.35861	2.15947	0.784358
2.08298	2.65892	2.36128	1.82028
6.88387	5.75717	5.20228	0.347158
2.67478	2.46895	2.42947	0.88533
2.09558	2.46474	2.43974	0.100509
2.22524	2.37555	2.10756	0.0466463
2.63716	2.43718	2.64536	1.07615
2.31066	2.48143	3.04667	1.28678
-0.320735	7.52791	-1.16189	1.17868
2.8501	2.22386	2.3348	0.481323
2.30123	2.84897	2.30421	1.6699
3.20301	1.69187	2.52479	1.32902
3.28989	2.76278	2.34936	0.156917
2.68592	2.28422	2.30854	0.0266812
2.21216	2.09711	2.84991	0.820444
-2.78364	8.39063	4.7956	1.32618
-2.55083	-0.0370412	3.43303	1.17904
-2.06775	-0.551676	1.30129	1.49083
2.80624	2.53097	2.54245	1.28504
4.48022	-2.63774	5.95258	1.50259
-2.15032	1.45801	-0.768244	0.0239364
-2.14195	-3.54994	4.25403	1.1812
-0.741928	0.643379	0.19123	1.34153
1.93453	2.32048	2.70985	0.48039
2.70706	2.25054	2.31595	1.83596
2.64694	2.31522	2.34604	1.2816
2.55039	2.4751	2.25575	0.101933
2.65331	2.26203	1.97625	1.15936
1.89143	2.21197	2.323	0.428746
0.752515	2.45871	4.1242	0.469372
6.82248	-3.15576	-0.0944738	1.79805
-0.350878	2.46488	4.05966	0.00771657
-0.386845	1.94894	2.49318	0.327592
2.70468	1.76399	2.26072	1.06633
2.81821	2.71715	2.44987	1.86145
2.44733	2.79036	3.23432	0.580846
6.14875	6.2742	5.12836	1.16392
2.52459	2.7174	2.50621	1.82537
2.86468	2.65759	2.56111	1.95161
1.53324	0.414232	2.38814	1.57401
1.19987	1.46004	2.97293	1.09742
-2.39234	-0.296148	1.41189	0.631442
2.24823	3.03636	2.80585	1.04317
1.4196	-1.39259	-2.30933	0.141617
1.78053	2.07469	2.31643	1.1558
2.68268	2.24431	2.36122	1.48429
3.16418	2.10212	2.18865	0.305834
3.17344	2.76491	2.49865	0.346177
2.19624	2.08482	2.98244	0.171704
2.63347	2.20755	2.60997	0.978848
2.08813	1.80877	3.20746	1.04415
2.51822	2.21842	2.47701	0.527518
6.99814	5.55775	2.22381	1.53277
2.7314	2.50282	2.44302	1.81315
2.48025	1.884	1.97382	1.7755
-2.25205	1.22253	4.39963	1.04643
2.67865	1.96173	2.28381	1.07249
-1.05917	8.14135	7.76737	0.111958
2.13436	1.98325	3.07396	0.127047
2.29401	4.86746	8.86694	1.999
3.55066	2.78629	2.02097	0.263307
0.937646	0.447816	2.56078	0.271411
0.0217008	8.49769	7.39895	0.84999
7.76264	5.17656	-0.174713	1.97453
2.79017	2.07475	2.79068	0.906451
2.66275	2.80405	2.52865	0.453161
2.49194	2.41818	2.17281	0.891066
2.75797	2.44882	2.35207	1.34957
0.326839	4.90882	0.531234	0.575008
0.635674	1.06974	4.72583	1.97247
2.64784	1.96678	2.48097	0.0790421
-1.61987	0.598203	2.25921	0.795748
2.20459	3.16043	2.57158	0.969283
1.89059	2.29589	2.10481	1.37062
6.39024	6.33037	5.19551	1.41152
2.48648	2.89225	2.2234	0.810077
1.7245	2.5051	2.813	0.544266
7.58188	6.54046	6.69442	1.94807
1.5888	2.04217	2.79206	0.186732
5.56676	4.77823	1.28269	1.89152
2.68965	3.03347	3.98451	1.38019
2.57878	1.74469	2.66284	0.300416
2.84834	2.60366	2.42046	1.52332
7.79513	8.67253	5.13407	1.73784
3.52812	1.19019	1.77607	0.910289
3.1088	2.6904	1.94174	1.07481
2.88896	2.25489	2.68398	0.196115
2.91102	8.30396	6.28076	0.147432
2.59545	2.78273	2.75739	0.333996
1.89463	1.81615	2.13945	1.51758
2.5784	2.04333	2.51871	1.45517
2.51469	2.35081	2.58485	1.66636
2.91707	2.49388	2.36285	1.04277
4.15627	-2.94913	2.18888	0.411986
2.03605	2.22595	2.27981	1.28666
2.6357	2.7431	2.76981	0.551865
2.17634	3.21642	1.87773	0.875856
2.56787	2.31966	2.74821	0.531078
-0.928036	-1.3892	2.40588	0.685995
2.59269	2.38506	2.72179	1.90143
2.54171	2.77419	2.52028	0.928318
2.67156	3.03676	2.47914	0.684524
9.57655	1.45904	0.828638	0.0640763
2.67817	2.67197	2.23066	0.288312
2.51742	2.84324	2.14628	1.60715
2.83823	2.73406	2.45508	0.888699
-3.30766	3.7083	-1.08726	1.80059
-2.16165	1.27277	-2.39913	1.9581
2.65681	2.04484	2.02917	1.22009
-1.01353	9.16749	-2.75841	0.148916
6.79789	-3.4146	1.04437	0.819269
2.40666	2.52983	2.45566	1.64808
2.37203	2.34352	2.46096	1.35281
2.65481	2.16708	1.87979	0.821301
2.19999	2.69086	2.43808	0.821672
3.29519	0.846927	6.56061	0.599325
2.54921	1.61204	2.21871	0.678115
-1.76821	-2.78087	6.05928	0.0680525
2.81389	3.49397	2.86879	0.880917
-2.171	3.0057	7.4055	0.199694
3.98015	-0.868706	-3.58618	0.096008
2.41004	2.20139	1.70043	0.695629
2.19301	1.75443	2.34579	1.35349
-1.56559	6.51429	-0.321989	0.833219
0.425687	1.13683	-0.650161	1.8562
-1.94129	8.07511	-0.632671	1.0961
2.83201	2.7493	1.66025	1.24734
2.14312	2.74416	2.07539	1.07313
2.19686	2.19059	3.04132	1.46794
8.87364	2.77339	4.32537	0.403797
-1.7581	-1.08167	-0.418264	1.48874
-3.34951	-2.6683	4.85446	1.94122
-0.0890535	0.965913	1.19522	0.978597
5.10614	-4.30975	2.55444	1.55005
3.54631	3.37934	5.04919	1.33971
7.11688	5.9621	5.28883	0.847963
2.43922	2.14673	2.41018	0.0375487
2.63914	2.92014	2.63638	1.29407
4.4956	5.35227	5.25252	0.138276
-1.69841	-0.369093	4.02458	1.39107
3.76121	0.324728	4.91237	1.10973
2.29554	2.70741	2.975	0.13182
2.17643	3.74089	1.56025	1.05378
-0.918974	0.785571	0.460631	0.945593
2.87504	2.94873	2.98951	1.13478
2.47776	2.68548	1.97492	0.857441
2.9152	2.53424	2.36579	1.53186
2.47192	2.53748	2.42752	1.2545
3.09793	3.42084	3.11638	0.550704
2.64907	2.49133	1.93986	0.233016
6.71103	2.7572	-0.997158	0.182805
2.7881	2.01341	2.38897	1.50479
2.51203	1.60055	2.39751	0.103302
2.89275	1.55152	2.25164	1.15915
4.95635	-2.63826	7.99265	0.596495
2.35604	2.65959	2.75518	1.98379
-4.29478	2.28783	6.30791	0.643468
2.96835	2.44657	2.38691	1.72043
-1.6821	7.00554	-0.337895	1.40951
2.84514	2.76552	2.3544	0.758022
2.49393	2.61987	2.05113	0.679204
8.2219	-0.140399	-1.16197	0.902349
2.78373	2.44126	2.82293	0.810195
2.50483	2.06514	1.82149	1.0498
-2.15843	-1.63303	0.890308	0.804307
3.46795	3.39436	4.86163	1.91659
2.01348	1.40791	2.73369	0.0848613
2.60529	2.14807	1.86726	0.602797
2.96426	3.22596	3.68464	0.416555
2.765	2.53491	2.65587	1.3048
1.19624	2.47963	2.90115	1.79299
2.59438	1.71129	2.54236	1.73265
3.70325	2.68654	4.45452	0.782976
2.268	2.66122	2.21818	1.83882
2.75682	1.88639	2.72644	0.949303
2.08367	2.51757	3.43742	0.0603349
3.36147	3.21006	3.39921	1.99705
0.783245	0.0838335	-1.99304	1.60416
2.21908	2.14481	2.19	0.781132
7.36602	5.91692	5.92344	0.563294
2.41711	2.52189	1.98416	1.88177
6.88698	5.48964	-2.16976	1.60213
3.71375	0.532734	5.62827	0.337555
8.56457	5.09414	5.15876	0.881626
3.17576	3.06634	2.88418	0.892089
5.38973	2.96135	3.53342	1.28412
-5.0366	-0.548031	3.46869	1.92319
3.7239	4.54249	4.63246	0.909297
2.93248	2.22497	2.30876	1.74223
1.65817	1.98646	2.6519	1.95008
9.83376	-3.79074	5.01904	0.566784
1.32984	9.5238	-1.45945	0.936955
0.549612	7.17175	-6.44748	0.230881
5.08262	1.60177	4.93425	0.104977
5.89467	-4.06426	2.09028	0.352013
2.78767	1.61175	1.43041	1.78906
9.20214	3.38536	-3.4263	0.225995
3.6376	3.04095	5.27129	0.719967
3.36111	2.45558	2.64224	0.770755
2.5134	2.13707	2.05891	0.709542
2.11845	2.49138	2.39227	1.56986
-0.685176	6.38244	-0.588016	0.0807366
2.67771	-0.613002	6.49057	0.194955
9.49114	-0.581081	0.737382	0.565065
1.10378	2.65004	8.36083	0.310465
2.20767	2.68562	2.58758	1.16239
-0.89148	8.36998	-4.72337	0.580083
3.94832	1.8538	1.08153	0.114593
-4.8955	3.38908	-2.18378	1.03966
1.66831	-0.764597	4.25141	0.721141
2.98284	2.70457	2.13875	1.27995
3.47113	3.16191	2.54597	0.993636
2.63023	1.71593	1.86354	0.806381
1.50094	9.6679	2.06588	1.03405
4.7599	0.388649	-0.22937	1.70406
3.3177	2.27186	3.11255	0.720384
3.43491	2.59054	2.74611	1.81928
2.40741	2.46706	2.37494	1.92468
1.03985	-0.524183	10.1857	1.68078
2.95611	2.54448	2.37444	0.772052
0.849147	1.09685	0.769063	1.28891
8.12376	-0.655142	2.74497	0.964768
1.7001	5.91912	3.46942	0.991899
2.6346	2.07589	3.14314	1.97466
3.82423	-2.12842	1.75165	0.852992
0.616426	4.62946	5.49941	0.786335
-2.84628	0.750022	5.09067	0.147498
2.34054	2.42213	2.51767	0.71765
0.440154	3.12002	1.61562	1.4331
6.6601	8.51163	8.00119	1.49431
1.91763	2.04816	2.84832	1.10749
3.19632	2.35231	2.5362	1.54478
2.75361	2.66469	2.95929	0.0235762
2.69198	2.55674	2.46429	1.00132
3.13535	2.98633	2.91653	0.189696
4.7794	2.89183	5.31537	1.5386
2.82559	2.66215	2.52631	0.611539
2.85134	2.82667	2.68307	1.51007
3.4759	3.4218	4.85721	1.99045
3.86501	1.66193	-1.57948	0.461379
7.92816	1.60619	4.82136	1.78624
2.40589	2.61834	2.41098	0.266209
2.5053	2.36441	1.86506	0.990448
1.98891	1.53525	2.23038	0.571085
3.07984	2.814	2.70739	1.5206
2.78942	2.48303	1.88762	1.30657
1.11598	-1.20703	-2.69979	0.671103
2.77653	2.64409	2.57732	1.92371
3.67585	1.32556	1.69687	1.87371
2.17676	2.20673	2.45182	1.48419
1.70674	1.76185	2.00937	0.438606
0.622246	0.217984	0.751717	0.236235
7.09941	11.0731	0.070967	1.37475
5.5505	5.74041	5.70685	1.36133
9.00261	-1.43881	3.61327	1.78363
2.45618	2.28914	2.26854	1.57586
2.93695	2.58138	2.433	1.69466
3.35019	2.12034	2.28943	0.348659
4.06166	-0.886156	8.08991	0.144389
2.67615	2.62857	2.9125	1.16163
-2.06426	4.56722	5.68037	1.47006
2.65806	2.67844	2.22144	1.36067
3.55795	10.7058	-0.904151	0.00666445
2.15018	1.46199	2.00502	0.811111
4.60896	4.63696	3.91387	0.183729
2.56653	2.25915	2.76663	0.806894
2.39715	1.03436	2.96478	1.99531
2.47182	2.46916	2.13665	1.10588
2.86692	0.399404	2.0587	0.394322
2.53259	2.94259	2.49392	0.107102
6.34909	7.1007	4.4021	0.299927
2.65474	2.46358	2.34869	0.0198959
1.67369	2.0417	2.60053	200
3.05749	1.23312	0.698708	1.34996
0.266531	8.30579	5.51383	0.639552
2.48629	3.40085	2.31738	1.17227
8.86209	-5.09569	5.10537	1.90941
2.55883	2.37348	2.08419	0.396166
6.003	4.33708	9.43867	0.532602
2.67971	2.63092	2.54267	0.708986
3.67075	-0.24311	7.28638	1.0417
-3.40292	5.46298	4.05322	0.861806
2.69992	2.41373	2.56035	1.72418
2.08047	2.11869	3.25207	0.0966972
-5.28165	-3.15459	7.20138	1.41315
4.17591	7.25301	1.03028	0.29013
3.99001	6.53665	5.58167	1.32659
4.67253	-2.84154	2.38702	1.24294
2.73765	2.57902	2.86677	1.1592
2.10307	2.28901	2.36082	1.36548
2.58858	1.89444	2.37125	0.88148
0.0649397	1.87439	4.05277	1.58661
1.74751	2.46896	2.8078	1.18944
2.80814	1.90717	3.26134	1.66268
2.0561	2.94069	2.53828	0.051283
1.90717	2.28737	2.06375	1.55639
0.598071	0.281085	5.09029	1.48627
2.75235	1.86302	2.23558	1.48001
6.93662	-1.98488	5.10621	1.91755
1.95076	2.27545	2.50807	1.08828
6.47273	5.57393	4.93741	1.61807
3.27993	2.76332	2.60265	0.434663
7.35916	7.36851	8.84219	0.0171461
2.41022	2.86416	2.58133	1.08416
3.50715	2.67871	2.60805	1.61423
2.55189	2.47322	2.3824	1.28468
2.88528	2.39866	1.54864	1.29114
-3.75981	3.38043	2.41341	1.11934
2.1112	2.11687	3.06252	0.523311
5.14199	2.7514	4.12704	0.474021
3.02693	-0.964107	2.78678	1.58303
2.90456	2.75371	2.56621	0.583137
2.83561	3.22557	2.36547	1.37954
2.73393	2.33997	2.45891	0.0233852
2.5951	2.93668	2.66778	1.54272
1.91995	3.62061	3.76244	1.78314
4.10721	-1.59719	0.767826	0.765534
2.72141	2.5331	2.48939	1.7058
2.55627	2.44554	2.29341	1.93244
-3.34503	3.9052	9.78547	0.149241
2.50935	2.58491	1.95453	1.85341
5.80605	4.21009	0.590296	0.751875
5.62031	4.4007	5.7419	0.632266
2.45807	2.65236	2.85054	1.23638
6.50145	8.08832	4.38858	1.77377
1.7923	1.8691	2.587	0.69464
3.25163	2.67018	2.55065	0.767611
2.52847	2.74947	2.53198	1.91803
2.46661	2.51234	2.82848	1.86014
2.3058	2.43893	1.79621	0.698052
2.536	2.37935	1.86048	1.72485
-0.359322	-1.58622	7.80335	0.219421
2.1484	1.88906	2.60976	0.453881
2.37446	2.51339	2.84278	1.1768
5.80109	-4.50747	-0.301966	0.96557
3.00819	2.34229	1.79527	0.773856
-0.737051	6.58271	6.8503	1.94551
2.09412	2.66668	2.47515	1.14287
7.98255	-1.69673	0.65378	0.0159179
-5.65996	-2.01817	5.05916	0.187193
3.51756	3.68607	5.81987	0.996702
-4.84638	1.36811	5.73179	1.94245
2.14804	2.58463	2.6131	0.483452
3.19585	2.69734	1.52772	0.286069
9.9608	-1.02765	3.43052	0.749971
2.612	2.86765	2.35995	1.28997
1.67732	2.07477	2.46624	0.568618
2.21043	2.84374	2.80116	1.38159
2.10783	2.58321	2.87095	1.47105
2.36438	1.96814	2.47603	0.751674
2.56628	2.60125	2.27128	1.64889
6.89285	8.44248	2.14556	0.559828
6.36735	3.87077	-2.01988	1.52107
2.45015	2.59956	2.24979	1.89069
-3.16266	8.68988	4.89218	0.552685
2.9043	3.11489	2.18684	1.4279
2.74309	2.46425	2.47664	1.79848
-1.48635	1.00726	3.16275	1.53407
2.25856	2.36561	2.68984	0.747122
2.99835	2.83471	3.29411	0.661455
2.27384	2.69707	2.64369	0.326115
1.43583	2.27624	1.67572	1.78257
-3.19263	3.79028	2.32307	0.768632
-1.06804	7.72746	2.04397	0.503218
3.05716	2.62169	2.75518	1.44645
2.56155	2.2507	2.47032	0.0418909
2.9211	2.74166	2.2709	0.91484
-4.07584	1.85693	-3.49796	0.565822
1.9351	1.85682	3.45406	0.532096
1.46107	2.19153	2.71263	1.86287
3.1517	4.15213	2.20079	1.67606
2.69156	2.2402	2.09459	1.50154
-0.465422	6.88615	1.74625	1.33143
2.61258	2.0568	2.49846	1.96995
4.3747	3.63451	4.59749	1.37336
7.52609	7.45088	1.79494	0.971009
2.51533	2.28613	2.57856	0.972297
-2.47549	-2.02817	5.50342	1.72469
2.24465	2.18788	2.59109	1.38714
2.74298	2.34309	2.62208	0.218221
3.53206	-0.562531	-4.90119	1.39384
2.17298	2.31706	2.95882	1.85717
2.38043	2.38883	2.69523	1.3436
2.05894	3.63662	5.89077	0.929578
3.69676	-2.15077	-1.61016	1.94067
2.54821	2.32182	2.59222	0.103185
1.76978	1.97794	2.30171	0.498432
1.67268	2.71547	2.93591	0.707169
6.2321	5.62891	3.16273	1.98089
1.92429	2.75922	2.50783	0.274585
2.68121	2.38316	2.43143	0.42304
8.30666	4.03777	-4.04429	0.239115
2.50286	2.00198	2.45789	1.38601
1.75296	1.83449	2.12242	0.19526
2.8316	2.18601	1.95565	1.55744
1.5409	2.53947	2.48266	1.57425
-2.49721	6.53732	-2.17616	0.865928
0.969484	6.39607	3.7381	1.54378
4.77865	-0.85339	4.37277	0.700084
2.52662	2.45262	2.24931	0.442029
1.79576	2.92362	2.01664	0.565467
2.38477	2.45863	2.2799	1.87543
2.68287	2.50043	2.41314	1.65532
2.90563	2.52457	2.24473	0.541414
2.92397	2.57782	2.41338	1.8935
2.50735	1.95648	2.53525	0.639692
3.22016	4.10716	3.57742	1.99807
6.25958	5.00718	4.30718	1.29745
-3.8269	7.68527	-3.8329	0.362111
1.75222	2.13425	2.22904	1.88215
1.58785	-1.10742	-3.13496	0.942829
2.15825	4.48662	1.7947	1.43098
1.54279	1.84544	1.70779	1.72963
2.38764	2.44787	2.6618	0.746002
4.37695	-1.68174	6.70335	0.889364
-1.38777	0.769218	6.44552	1.38603
-3.43324	4.5113	0.985107	1.03768
2.79412	2.10341	2.34889	0.751449
-0.133494	6.9088	-1.79513	1.02398
2.14903	1.84905	1.99876	0.776038
5.61058	-2.36023	6.34326	1.50955
3.8768	3.95486	4.32749	0.707032
3.50517	1.90476	2.16905	0.572153
6.52662	-4.09354	-0.266791	1.63608
0.123332	2.04951	7.3525	0.506335
2.42726	2.34618	2.22209	1.34812
4.59137	3.96221	3.68956	1.27519
6.09129	7.27463	4.07892	0.200688
3.34164	3.0064	3.03897	1.1477
0.16819	0.0590348	0.298409	0.0159602
2.33418	2.525	2.36775	1.14919
1.55847	2.64594	2.38044	1.06729
4.01433	1.44413	-5.90828	1.94466
2.06386	2.00795	2.3904	1.10349
-2.43195	-0.312675	4.61268	1.91406
4.50558	4.97192	5.22363	1.09845
3.54696	1.21216	1.7893	0.418676
-2.64143	2.54562	11.8052	0.756179
2.44836	2.93581	2.61221	0.786355
2.91707	2.56232	2.2084	1.82169
2.59477	-2.83411	-0.363319	1.2023
5.68424	5.30927	5.44225	0.042167
2.82803	2.53046	2.66224	1.21593
-1.21081	1.78693	3.58083	0.101178
3.16721	1.57952	2.25608	1.68672
2.77845	2.67188	2.72727	0.213413
-0.63889	6.74816	6.56964	1.54629
2.78244	2.96531	2.60726	1.18859
2.19614	2.00497	2.42426	0.539391
4.49106	3.58614	4.67959	0.91742
2.71268	2.10478	2.1339	0.495531
3.46183	2.32349	2.77152	0.504692
2.69069	2.78568	2.47393	1.66964
5.1795	8.86172	-1.63448	0.0482931
2.63974	2.38851	2.73674	0.0214783
2.64623	2.29065	2.32002	0.0169374
4.99146	-1.03701	8.43156	0.290313
1.74999	2.06021	2.6187	1.67878
2.54211	2.43826	2.53307	0.284413
1.88355	2.20074	2.40784	0.797035
3.07086	2.41943	2.01892	1.95863
-5.13884	7.91112	3.67661	0.597388
2.12099	1.95398	2.62249	0.968789
2.55066	2.18829	3.02599	0.660951
2.82629	2.42624	2.09968	1.72751
3.05621	1.86555	1.86595	0.355608
3.33405	2.2267	2.70261	1.28887
4.0718	-3.44942	2.2765	0.239187
8.0512	6.92764	5.77544	0.0244587
-1.88663	0.342647	1.89622	0.134863
2.74932	2.69755	2.54172	0.370332
2.76328	2.37657	1.97133	0.499524
-2.63116	1.09966	5.20471	0.311374
3.06937	-1.26169	5.17545	1.64162
3.26889	2.97461	2.66683	1.56551
1.9157	1.96915	1.95852	1.14577
2.03225	3.53877	3.29153	0.471306
6.20132	-3.06696	7.43313	0.0135259
2.49146	2.41214	1.80168	0.102434
3.42283	2.60181	2.86322	1.43063
2.68785	2.13698	2.9826	1.53924
4.15378	4.06451	0.391095	1.6762
2.00444	2.73127	1.9356	0.452123
2.98268	2.17982	2.95577	0.696759
2.98456	2.32131	1.67985	1.25618
1.91603	2.11336	2.79965	1.59299
-1.68538	-0.492892	0.454553	1.28325
-0.444719	0.866194	2.41486	0.466394
1.1192	2.08311	2.4814	1.58866
2.4343	2.26444	2.30539	0.580873
2.62285	2.31045	1.93143	0.425618
2.54325	2.08757	2.12741	0.601869
-2.42635	6.53654	-2.14046	1.95921
2.13339	3.26773	2.56043	1.54873
2.43854	2.27945	2.45103	1.85001
1.71966	1.97532	2.28116	0.671367
3.84868	7.00545	6.5465	0.866638
2.66427	2.52931	2.51285	0.806382
1.88127	3.35385	0.719153	1.58441
0.367823	0.904948	2.21123	0.51041
6.59354	5.14784	4.26175	0.709493
-3.91918	4.52477	8.21706	1.95338
2.61561	2.61843	2.79813	0.814447
2.76908	2.38304	2.44496	0.637829
2.02363	2.3926	2.27268	1.95037
2.46412	2.37342	2.76078	1.30218
2.91939	2.32421	1.95553	0.543881
1.70836	-1.31791	-0.770112	0.987951
4.6682	2.08546	2.51144	0.289256
-4.90072	0.518849	4.68323	0.815182
-1.11892	3.34939	1.00126	1.68194
4.43911	3.49325	4.20094	0.607678
2.73514	2.72066	3.01571	0.132021
3.19556	2.16024	2.12445	0.208701
2.32204	2.10152	2.43852	1.6467
2.40064	1.87859	2.53087	0.510839
-3.55489	4.34923	5.15187	0.876524
2.51367	2.4798	2.22946	1.33363
2.7602	2.49262	2.30617	1.2546
2.49097	2.235	2.75557	1.29807
3.17608	2.68426	2.53179	1.9358
2.70197	3.14469	3.45025	1.0387
1.99462	2.73021	2.29572	0.578738
2.1753	2.72362	2.73335	0.0347444
1.63979	2.60225	1.51221	1.93989
2.69968	2.28431	2.39998	0.0211708
-0.331713	6.24101	6.59764	0.36109
2.6358	2.53817	2.31641	0.78402
2.8877	2.24049	2.34887	1.29352
2.31673	1.75186	2.83391	1.13863
2.3779	2.22006	1.55302	0.46536
1.93512	1.78324	3.27623	1.98979
2.94455	2.85704	2.34853	1.62902
2.25186	2.67707	2.54387	1.93866
4.04561	2.53903	1.81648	1.11673
4.45939	-2.7076	-2.67751	1.6224
2.25092	2.84216	2.14709	1.0017
3.76428	2.17587	2.21925	1.24629
6.05628	-2.47095	-3.64952	0.603414
7.61324	4.94491	4.31514	1.36124
2.38817	2.14834	2.58854	1.63747
2.16456	2.24628	2.05751	1.21837
-4.64545	1.39571	4.98288	1.63043
2.74115	3.04669	2.6546	0.882941
-2.1919	7.40873	-0.318285	0.341296
-0.859345	2.30289	-3.61603	1.68264
2.27963	2.48113	3.06905	0.547275
1.08314	-1.03844	5.25714	1.13412
2.31973	3.03978	2.55908	1.12822
3.61799	1.68559	2.21964	1.10564
5.68671	4.69022	4.91041	0.0583893
2.4187	2.30411	2.13001	1.77395
6.18805	7.47239	4.15853	1.57453
1.61286	2.19141	2.41079	0.733576
2.55693	2.82777	2.30661	0.513059
2.4984	2.56759	2.27339	1.82462
6.23217	5.39135	5.81339	1.62738
2.8389	2.74234	2.34707	0.990091
0.235082	3.86214	4.61911	0.898682
2.39718	2.67739	2.14749	1.61564
2.77461	2.10937	1.16126	1.66671
8.13228	6.58543	5.14632	1.49279
-2.11298	-2.3517	5.26751	0.413026
2.60648	2.3334	2.78268	0.958652
4.37125	3.71768	4.09997	0.838279
2.95747	2.83098	2.51735	0.471067
3.07463	2.84994	2.83906	0.246148
-2.20055	7.37133	-0.321983	1.68244
2.69279	2.24659	2.41217	1.321
2.06979	1.49491	2.68251	1.48983
2.51676	2.60317	2.33161	0.301069
2.62404	2.26927	2.27581	0.544456
2.80732	2.52605	2.3628	1.82092
1.48037	1.84963	2.51703	1.95296
3.93589	-4.95946	3.27494	0.954617
1.14878	0.233376	5.27765	0.534394
-0.860132	-1.67321	-2.18958	0.612131
2.23879	2.95659	2.70136	1.1662
1.66073	3.23195	-0.779816	1.96148
3.96237	3.63673	4.98194	1.47631
2.81814	2.51886	2.28011	1.73755
2.28249	1.90451	2.16873	1.18773
-0.283041	-2.83355	5.71396	0.955067
3.22901	6.23189	-1.22214	1.06336
3.35093	1.97095	2.63251	0.501248
4.82765	-0.773472	-0.385038	1.50284
2.32556	1.97441	2.68783	1.9276
1.22404	1.76666	-2.04933	0.43446
2.77579	2.16918	2.77211	0.958715
7.59911	-1.33556	5.80026	1.5413
2.61345	2.81129	2.43749	1.70265
2.06597	2.64306	1.99064	1.83382
2.78705	3.31553	2.84246	1.3447
6.8143	4.76698	4.45809	0.00123263
-3.98821	6.31095	0.995806	0.998952
2.70253	2.47109	1.91595	0.141074
4.11445	0.184243	-1.08395	0.324224
2.74707	2.94563	2.08973	1.22009
2.14826	2.45307	2.4969	0.603239
2.29754	2.72392	2.32201	1.67838
2.6373	1.84865	2.0161	0.349216
8.03253	1.34171	2.33873	1.91187
3.80477	3.53697	5.00437	0.464637
2.42983	2.83984	2.42435	1.64589
1.32349	-0.289799	3.64974	1.4176
1.77161	2.76308	2.2049	0.48677
2.33805	2.3977	2.24125	0.545224
1.90192	2.50363	2.5181	1.37944
2.67384	2.6495	2.58579	1.07382
2.63583	2.41352	2.8328	1.29982
4.64683	-1.47131	-1.93454	1.9704
5.81111	7.23506	0.793874	0.190399
3.11649	-0.47128	-2.64652	1.0274
1.76126	2.5099	2.21634	1.61955
3.29485	2.14432	1.85765	1.05531
7.85935	6.54977	6.53499	0.430426
3.50047	2.47339	2.57715	0.752387
5.95882	8.47357	6.39189	0.600892
3.81352	-2.84552	6.93988	0.627176
4.75432	3.64069	4.70867	0.262488
2.04838	2.64216	2.52496	1.19602
2.85363	2.27487	2.621	0.477392
2.50203	1.6368	2.61803	1.53948
-1.96106	2.33458	1.75077	1.00381
6.64303	1.09667	-1.83634	0.373357
-2.1567	-2.38367	5.67565	0.350512
2.58585	2.55933	2.49584	1.81188
-0.260296	0.980225	4.0116	1.5071
2.31486	2.32966	2.3908	0.892108
2.47284	2.50742	2.2841	1.57655
3.41011	3.16752	2.92622	1.86779
2.50895	2.50351	2.06559	1.00049
2.07919	2.03929	2.43958	0.524171
1.19787	12.9945	-8.65691	0.0612508
1.53061	1.73511	2.15952	1.62676
2.70716	2.38295	2.27137	1.86847
2.56896	2.44912	2.27767	1.48008
2.36106	1.9965	2.70411	1.85474
-3.72426	3.93381	-1.56361	1.90192
2.34331	2.47514	2.18152	1.81871
2.5249	2.08405	2.2448	1.65812
3.01174	2.96555	2.68497	0.518004
2.57457	2.63522	2.71406	0.717563
-4.27829	-1.07239	7.74636	0.851766
2.17835	2.13182	2.89148	0.471304
2.50205	1.75085	2.44698	0.508969
1.48973	1.0684	2.35034	0.81976
2.72966	2.34922	2.45785	1.86464
2.82132	2.22488	2.22663	0.213937
2.06081	2.53522	2.40605	1.26884
3.14152	2.21224	2.37472	0.374637
1.18214	5.40422	-2.53861	1.27094
1.51105	-1.6916	0.998324	1.39574
-1.55758	5.71986	-5.5085	0.507869
1.73428	2.86085	3.38862	0.759597
2.2586	2.30795	2.67621	1.21848
2.68468	2.20003	2.51147	1.14635
2.46257	3.29026	3.0733	0.223763
-2.51481	0.876287	3.3292	1.19639
3.78454	-0.0393313	5.16909	0.893085
2.55338	2.67337	3.20544	0.329774
5.8417	4.39671	4.62805	0.394763
2.60427	1.94841	2.48248	0.138039
1.94699	2.03853	0.681889	1.07881
2.68401	2.42767	2.98261	1.31473
1.97765	2.39965	2.59607	1.99435
2.52638	2.22452	1.8351	0.0159914
-0.357314	-2.57517	6.8274	1.34475
-0.332952	-3.36674	-0.476401	0.145543
2.25112	3.05505	2.37706	1.90057
5.98469	-1.74338	2.11377	0.808807
-1.93126	-0.508855	3.46153	1.39887
5.89561	6.13451	5.64731	1.13735
2.98858	2.53154	2.50543	1.7951
3.07809	6.47999	5.83861	0.350685
2.08437	1.18595	2.32466	1.84817
0.248636	-1.6435	1.09274	1.3095
1.59001	2.77474	2.47715	0.559557
3.22313	3.12741	4.06027	1.70196
2.41592	2.69793	2.21667	0.827858
-0.817446	-2.64915	3.99689	0.121912
6.97414	1.92521	-0.408082	0.455506
1.58928	1.70298	2.20563	1.39985
3.04427	2.16783	2.29124	0.366338
2.52634	1.48457	2.68678	1.7537
2.30634	2.22377	2.6301	0.00444717
4.05474	-3.62962	-3.76112	0.778388
2.86004	2.58452	2.9096	0.306366
2.27022	-3.22354	4.72914	0.688172
2.69606	2.51553	2.27762	0.0876878
3.70613	-1.13517	-3.62497	0.521662
2.4389	2.79376	2.70972	0.323067
-1.30424	7.9994	6.20534	1.75305
2.53992	1.72438	2.81547	1.58434
4.619	-4.5628	1.89392	1.00923
7.6374	3.1056	-4.28402	0.892784
-2.01253	-0.912525	1.24998	0.208775
5.02237	7.56106	3.76261	0.162555
2.44249	2.21548	2.4968	1.12599
3.35927	2.03372	2.29335	0.496846
5.66067	-2.173	2.27466	1.58581
-3.34308	7.92502	-1.33392	1.98747
1.89265	2.88168	2.46938	1.74242
2.77979	2.22581	2.34811	1.04227
5.43682	6.14993	-0.615468	0.145329
3.25135	2.04893	2.35811	1.6153
2.55098	2.43407	2.60161	1.85106
4.83773	5.56914	4.60939	0.70038
2.53641	2.70134	2.65601	1.63202
2.98572	2.26681	1.64273	0.0764914
4.2828	2.37104	3.99982	0.491059
9.23701	4.69432	0.0606439	0.984646
2.23892	2.52248	2.39414	1.61108
2.75604	2.2601	2.12443	1.66339
5.14136	1.25422	-4.27761	0.994284
6.49738	-1.91541	-3.40443	1.87421
6.08461	3.20931	-2.66756	1.06537
2.02398	2.94632	2.33489	0.426405
2.87564	2.93399	3.06382	0.670388
2.31244	2.58806	2.40542	0.0851834
2.60796	2.14801	2.09516	1.56706
1.89167	2.13255	3.29772	0.652835
1.98539	2.74259	2.92917	1.04836
2.38571	2.63223	2.52075	1.06745
6.04122	5.01369	2.46257	0.759828
2.91626	2.20451	1.76736	1.29644
7.74047	5.17221	-0.163222	1.65035
2.35807	2.90687	2.58807	1.78966
2.45822	2.40262	2.36815	0.629746
2.5557	2.93625	2.50409	1.24478
2.96801	2.10229	2.32311	1.93935
2.29842	2.73576	2.10771	1.59412
2.9735	2.84718	2.67848	1.19906
4.42872	-2.22836	3.01027	0.649748
2.45489	2.52282	2.46864	0.198366
8.40919	5.40131	3.0938	0.491069
2.87419	0.102574	4.42969	1.8219
0.291239	6.93524	-2.39217	1.26399
2.20191	2.46858	2.5203	1.60458
7.61983	2.61954	-1.32873	0.220072
2.97507	2.51405	2.30192	1.76404
2.66511	2.38721	2.50599	0.736694
2.69865	3.05165	2.18054	0.461162
3.46272	2.98533	2.41546	0.216971
5.00028	3.6059	2.96356	0.199743
4.1202	0.585718	-0.643761	1.80954
3.03716	1.9394	2.39872	1.04091
2.92805	2.54055	3.00154	0.226943
8.71066	4.15572	-3.65194	1.25826
6.99467	5.69012	3.03589	0.97172
2.65025	2.25291	2.13136	1.86818
-3.09042	7.43394	4.85576	0.120934
6.00607	3.84388	4.11484	0.9346
2.93627	2.75402	2.07154	1.69493
4.99224	2.58554	-0.931379	1.32867
6.4493	4.89005	-0.48808	0.936497
0.200579	-2.33863	2.13022	1.27169
0.844971	2.55692	4.21914	1.07001
2.59027	2.14998	2.44546	0.972836
2.1398	2.35345	2.52861	0.519565
2.37441	3.12774	2.11374	0.376931
-3.44608	6.97412	8.30014	1.65032
2.42471	1.76061	2.25132	1.1276
0.796805	2.09063	2.53395	1.48147
6.08182	5.11995	1.98827	0.032556
2.84382	2.03911	2.01095	1.56831
4.41404	2.20792	3.16575	0.734269
2.06076	2.39606	2.91719	0.211474
2.62601	2.54917	3.11836	0.248207
2.27805	2.23489	2.85298	1.26285
2.11857	2.05596	1.98026	0.2725
-1.69874	9.51807	-1.998	1.49332
1.30902	3.22331	2.3368	1.16197
1.37656	2.1972	2.78195	0.176557
2.99294	2.25564	2.55631	1.73332
-2.13612	8.34827	-1.51263	1.95568
-4.34539	6.91079	4.24591	1.77896
0.347963	0.797284	1.51986	0.661439
2.52061	2.39204	2.47277	0.39207
1.50297	9.04097	-1.6358	0.600186
3.09268	1.45418	2.49273	0.698726
5.28403	6.16804	5.73821	0.708936
-2.59518	-0.403544	4.6691	0.670175
2.24588	2.47913	3.22962	0.823428
2.42186	2.62954	2.94388	0.113716
2.55693	2.48901	2.78804	1.91211
3.47902	1.97314	2.47774	0.963227
2.92269	3.04241	2.53807	1.59203
2.97455	2.69063	2.40129	1.64057
2.93968	3.2328	2.62682	1.58185
-0.966174	0.901731	3.06039	0.902919
2.34585	2.65784	2.66682	0.0990661
2.3154	1.43123	2.03878	0.639794
1.85813	9.34572	2.73504	1.04936
6.03661	6.64949	3.55902	1.09403
2.43683	2.43764	2.3831	0.646511
2.73514	2.69703	2.68364	0.719568
6.08359	5.3709	4.84951	1.09501
-0.427188	6.99247	1.54527	0.607178
2.73136	2.29152	2.26229	1.13894
3.73662	3.14084	0.639955	0.0259267
3.3098	3.46898	7.56052	0.603994
2.94223	2.37092	2.44588	0.232388
6.73987	5.35213	4.7755	1.56544
2.47032	2.60968	2.42037	1.50376
1.15421	3.65182	3.20533	1.23094
2.18224	2.93188	2.61476	0.571178
6.99298	5.46907	2.18559	0.373962
3.32219	2.73031	1.97826	1.37035
2.14341	-1.70417	0.284235	1.00623
2.81495	2.39874	2.56316	1.22692
0.972045	5.61519	4.2009	1.41735
2.61278	2.73173	2.48924	1.08608
2.88592	2.44195	2.05964	0.803659
3.15198	2.99453	1.87283	0.437515
2.89521	2.73419	2.4129	0.162883
2.51424	2.58203	2.67767	0.393318
2.4054	3.05376	2.77931	1.24959
-0.561738	6.81078	6.50045	1.2364
2.38612	2.8715	2.40848	0.0391743
3.2582	2.48855	2.24706	0.0100449
2.3974	2.18032	2.12135	1.21128
0.738447	5.5302	-0.489598	0.296899
-0.557178	6.37675	6.26309	1.84732
-5.13951	1.29362	6.07182	0.358184
-4.12805	-1.95617	-1.87956	0.680538
6.74762	5.1477	4.09925	1.03402
2.69125	2.91747	2.57421	1.69941
5.3542	4.25706	-0.734352	1.24027
2.47849	2.25939	2.51772	1.23812
2.79721	2.37468	2.46087	1.9852
6.53927	0.0148735	-0.297126	0.232273
-0.203022	1.84392	8.62603	1.4884
-5.66147	5.46663	8.14676	1.99168
6.48022	6.54479	7.03104	1.63568
4.28405	0.182909	-0.0829772	0.8021
6.90956	-1.93256	3.61609	1.93804
0.373188	4.56137	-1.22539	0.279401
4.76535	4.96666	4.55607	1.1549
7.44164	0.782571	-1.44751	0.693781
9.48701	-3.40502	4.82949	1.8836
6.9318	7.21029	1.04306	0.45838
3.53633	3.03731	3.632	1.09357
1.25052	2.5393	2.16777	1.29719
2.08098	2.65501	2.93971	0.0413927
7.42133	7.45602	6.68634	1.02623
2.72289	3.4024	2.59449	1.82854
2.08001	-2.33094	5.86518	0.85278
2.66905	3.03808	1.52004	1.7218
-0.956159	0.458617	2.91332	1.49264
2.19868	2.64752	2.53161	0.512495
-4.03304	5.92553	-2.32203	0.177076
5.40517	5.10724	3.78496	0.851864
3.07324	3.14622	3.20187	0.578894
2.60996	1.99849	2.08538	1.80717
4.10808	-0.545625	4.0334	1.17345
1.93284	2.57649	2.27465	0.6899
1.89442	7.89135	5.37601	1.52063
0.0398308	6.64418	-0.664997	1.05305
2.5571	2.57238	2.32992	1.67054
2.84685	3.05774	2.42958	0.344058
-0.386237	6.9364	3.13555	1.11251
2.70604	2.1037	2.39973	0.0872308
3.05325	3.03931	2.64219	1.89441
-2.69985	0.189125	2.58985	0.983947
2.74543	2.68641	2.47047	0.581027
2.38282	2.19938	1.45911	0.786229
4.59132	3.993	4.69901	1.26824
2.10037	2.82967	2.44008	0.300645
1.92655	2.18883	1.8694	1.83937
-1.76936	6.16474	-0.398003	0.125779
-4.24164	4.74915	5.58154	0.888413
2.56134	2.09397	2.37929	0.574583
2.16611	2.72328	3.15984	0.906946
2.15487	2.11197	2.15734	1.29513
2.99309	2.42625	2.06496	1.96667
1.86286	2.54185	2.81941	0.508763
1.97032	2.5548	3.23854	0.576555
6.30393	6.71178	4.86666	1.92576
-2.48266	6.78346	3.38123	0.805231
2.48902	2.77042	2.38299	0.698358
3.21733	2.90069	2.86796	1.9781
2.26178	2.95775	2.36888	0.978991
3.12309	3.01246	2.77743	0.577524
2.60846	2.61409	2.34358	0.723195
1.9106	2.8263	2.83033	0.906757
-5.56687	5.51267	8.08542	1.17116
2.43707	2.48943	2.59675	0.0516172
3.00715	2.84715	2.8051	1.3967
2.05419	2.48403	1.4304	1.21674
3.37846	3.05336	3.20877	1.10218
2.24401	2.24274	2.36364	0.496909
2.70365	2.29837	2.91209	1.24782
6.45864	5.57344	4.92908	1.90955
2.76617	2.90718	2.52307	1.24654
2.16317	2.25925	2.79221	0.967019
7.4003	2.91549	5.13724	0.304927
2.5094	2.7447	1.95506	0.0571682
2.24822	2.13245	2.22969	0.871175
2.49276	2.60147	2.31448	1.21315
2.67722	2.75802	2.4362	1.80544
2.68005	2.27354	2.63727	1.62998
1.9796	1.8696	2.52521	0.236435
1.63131	1.74649	3.22851	0.266094
5.64925	-1.5668	5.17619	0.626219
1.63248	1.50198	2.44432	1.69223
-2.83939	2.7872	5.46741	0.66885
7.49923	-2.40438	-3.24056	0.286803
6.62687	5.61023	4.94549	1.62772
2.32646	2.62443	2.81748	0.561156
2.7353	2.49393	2.82656	0.455714
5.69291	5.64549	5.29652	0.531696
2.1394	2.3716	2.89497	0.8739
1.80492	2.83727	2.87955	1.19559
-2.37184	-1.84511	3.53719	0.365807
2.34743	2.93481	2.74648	1.58069
2.76227	2.79463	2.12288	1.04791
1.57553	2.36806	2.53832	1.15499
3.23641	3.13892	2.49113	0.909197
2.56194	2.79176	2.56309	1.97592
2.07187	3.09397	2.35799	1.01086
3.69452	-3.49947	2.23702	0.124146
9.00607	3.22548	5.49669	1.60648
2.77165	2.45946	2.17782	1.90672
-0.151064	5.2639	-1.07061	0.439486
2.44848	2.35099	2.24469	1.46198
3.15732	2.69318	2.31264	1.37805
2.8196	2.51008	2.29859	1.16305
6.69308	6.30295	5.41811	0.850993
2.71992	2.62399	2.71855	0.165196
3.2175	3.09115	2.75617	0.268563
3.22079	2.34096	2.33463	0.49507
1.5991	2.27803	2.87442	0.216101
1.09288	3.58244	0.980977	0.663939
-2.25872	4.57189	4.73629	1.27193
2.18155	2.73314	2.88482	0.272214
3.37429	2.07577	7.00856	1.21946
2.66804	1.8878	2.67813	1.4405
2.74708	2.48133	2.57301	0.171098
3.57992	0.204375	6.55023	1.46962
3.64222	2.96352	3.52575	0.707837
2.53339	2.33825	2.23761	1.86399
2.8153	2.04309	2.12047	1.27439
2.16052	1.85486	1.97799	0.409443
2.47444	2.5435	2.46887	1.16904
2.4241	2.39204	2.34036	0.331599
5.96132	7.84343	7.78721	0.285074
2.64343	2.49273	2.05386	1.2172
2.30045	2.27475	2.27408	0.89935
2.67955	2.59642	2.23925	0.217266
7.55307	3.39453	-2.17288	1.52028
2.38594	2.24028	2.3313	1.64993
2.30973	2.7189	2.28178	0.476236
2.24656	2.03274	2.04116	0.742065
2.739	2.30194	2.44754	1.95008
2.26553	2.17721	2.24737	1.24899
6.26378	7.02347	4.22651	1.02644
1.95775	1.72596	2.80394	1.09969
2.50036	2.46479	2.16626	0.281069
0.201602	5.69387	0.196227	1.48171
8.46353	4.85254	1.0294	0.680504
5.67959	10.113	0.946937	1.92564
5.97302	6.98407	1.80315	0.555707
4.18457	-0.580134	-4.46734	1.45378
5.13135	-4.16387	7.02998	0.524436
2.72717	2.37231	2.46514	1.67563
9.52658	6.59822	2.25638	0.232929
9.64455	-1.10881	0.908264	0.90213
2.40511	2.45881	2.76093	0.816187
2.79042	2.99311	1.52223	0.514668
3.36251	2.1664	2.52899	0.686451
3.73545	2.23617	3.36506	1.79586
-2.2324	0.842382	3.10667	1.6928
7.59173	3.02967	-4.6364	0.803674
2.56681	2.37211	2.46617	0.982337
1.91155	2.05765	2.48855	1.8505
2.55833	2.53617	2.96271	0.862177
2.29071	2.28075	2.53464	1.92722
5.47553	5.54162	5.59587	1.68661
2.66897	2.10176	2.67783	0.150388
-1.40895	0.347243	0.59933	1.71872
-1.49429	-2.67487	6.85223	1.93574
2.42707	2.74083	2.39069	1.74956
1.81215	2.8802	2.50528	0.734056
3.52641	3.70676	5.67324	0.741951
2.44954	2.28314	2.48916	1.70133
2.90212	2.15899	2.19716	0.742585
2.45861	2.89614	2.60201	1.41108
2.24354	2.95876	3.1778	0.420404
-0.863339	-2.01176	8.14506	0.484521
2.46068	1.61553	1.64148	1.52143
3.92705	-2.8382	6.59361	0.346415
5.11874	-2.63658	-1.35551	1.77616
2.37275	2.65629	2.44203	0.24509
1.95763	2.56156	2.71301	1.07711
-4.79894	0.502398	4.58726	0.409038
2.14096	2.89137	2.23143	0.564591
2.66323	2.01577	2.41478	0.481366
5.53016	-0.775024	2.91825	0.536578
-0.208993	0.0815048	3.76909	1.21823
7.57377	-1.3926	-1.95105	0.934789
2.40348	3.2242	2.21328	0.769266
-2.40669	5.58305	-1.69499	1.07314
2.86898	2.19566	1.88005	0.665011
2.6178	2.33576	2.55956	1.22271
1.2846	8.40498	0.240184	1.95702
2.36547	2.53622	2.28229	0.679246
1.42609	-2.33913	2.79201	0.0751479
2.65686	2.40735	2.17551	1.07684
-5.47618	6.4907	-2.63308	0.701054
6.09274	-1.72583	1.1464	0.405571
2.73114	2.02305	2.16125	1.97958
2.79231	2.72935	2.97031	1.06522
2.62003	2.30317	2.44312	0.140805
2.00671	2.03499	2.60006	0.578394
1.51804	1.67929	2.8238	0.24038
1.98534	2.76107	2.06887	0.973154
2.56097	2.09684	1.78072	0.210663
2.5725	2.40819	2.32372	0.882856
0.820362	2.06852	2.36786	0.272792
-3.47648	3.9893	2.50584	0.565898
-2.46407	0.216	2.69825	1.58433
0.56595	-3.64675	3.14671	0.768512
2.79008	3.05314	2.45491	1.85369
6.76869	7.16047	7.16333	0.333036
-1.6813	7.14614	6.37227	0.345271
2.27742	2.10138	2.49509	0.654244
2.4348	2.79022	2.42074	0.83375
1.55944	2.56844	3.12719	1.12637
8.25945	2.883	2.73967	0.501374
2.58896	2.86026	2.806	1.87739
1.19666	4.3606	0.93308	0.169426
3.27052	4.28616	4.87388	0.0943483
2.95189	2.30063	2.27281	1.00843
4.53178	-2.63402	-4.98262	1.05285
-0.330008	6.93725	-1.0614	1.91359
2.05588	2.0675	2.32037	1.48004
-1.635	0.168887	1.45398	1.0257
3.05716	2.22651	2.42892	0.313752
1.98144	2.50492	2.7708	0.134978
2.21966	1.99625	2.62387	0.251056
1.96381	2.5188	2.47599	0.237897
2.71798	2.19388	2.11451	0.0949976
0.817977	1.87651	2.72011	0.36662
4.041	-1.95788	3.01345	1.85617
2.55513	2.21515	2.39331	1.42325
6.56267	1.2616	0.737989	0.60947
3.95441	4.1726	4.44753	1.6112
2.49302	2.16705	2.96634	1.23762
2.67311	2.83678	2.55764	1.97941
6.81468	9.00025	3.93681	1.55577
-0.946234	4.42734	-1.6595	0.407178
2.41864	2.47632	2.72735	1.93071
2.90103	3.17262	2.44492	0.676521
3.22608	2.15307	2.42388	1.34929
1.71723	2.38682	3.41172	0.516977
2.29651	2.56274	1.97248	0.646935
2.33564	2.22783	2.20967	1.9884
2.14609	8.26639	-0.38313	1.93998
2.5611	2.18987	2.61201	1.91528
1.82977	2.69032	2.38343	0.832739
2.23659	2.56793	2.39936	0.685901
6.43056	7.43123	4.20806	1.60209
2.65333	2.92388	2.20643	1.8299
-3.18882	2.84906	8.1368	1.76294
2.1145	2.45734	2.66574	1.10016
2.55306	2.18564	2.37876	0.587697
2.52279	2.55529	2.45467	1.99766
3.18143	1.77294	2.72193	1.75354
0.593927	3.54245	3.12332	1.83987
-2.59452	4.45043	-1.43359	1.9606
2.53331	2.51886	2.27479	1.28876
2.62938	2.6562	2.84405	0.538466
2.50275	2.85649	2.36859	1.17448
8.93812	7.18332	-2.4503	0.860587
6.08465	4.9994	4.89487	0.0638905
6.15219	-4.745	-2.20249	0.163056
2.72066	5.33408	2.69934	1.16321
2.70958	2.55375	2.0411	0.201824
2.36515	2.76446	2.61379	0.440577
2.06556	2.49758	2.53507	0.552188
2.76395	2.59276	1.79477	1.44384
3.922	3.74888	1.34934	1.36253
2.69336	2.67384	2.3907	0.368111
2.08954	1.9025	2.10152	0.879622
2.42106	3.21896	2.58699	0.232225
2.14396	1.60775	2.5033	0.984858
2.74749	-1.68405	-5.28051	1.26261
6.16621	4.88557	5.08382	1.81222
2.59811	2.76167	2.50924	0.318602
2.58245	2.61438	2.63399	0.78429
2.59034	2.43702	2.2812	1.57449
3.3139	-3.7328	3.22213	1.85212
5.86483	7.79592	6.33727	0.196619
2.25304	2.72963	2.22071	1.74455
1.98458	2.23339	2.73487	0.90994
2.73888	2.44296	2.51115	0.0335407
8.28766	2.1099	3.96168	1.39373
-2.70754	6.94485	5.79347	0.261901
2.47704	1.35518	2.10933	1.49222
2.62021	2.60189	2.34155	1.23164
2.61135	2.77697	2.40587	0.451048
3.09257	3.20213	2.41821	0.390111
2.27896	2.76006	2.45164	0.228041
3.0786	2.91147	5.44842	0.388145
5.53142	5.77731	-2.25014	1.53917
2.06769	1.79126	2.12933	1.78782
2.27952	2.28644	2.825	0.304303
2.60373	2.16386	2.26284	0.715436
1.70857	1.82733	2.32886	0.000160766
2.02359	2.61514	2.54864	0.790604
3.70631	3.76367	4.164	0.589553
2.24775	2.55253	1.81867	1.71298
2.46761	3.06547	2.37008	0.540948
2.80786	2.05811	2.981	0.0097814
2.60439	1.82406	2.34405	0.618684
2.26277	2.85484	2.80192	0.28628
3.26787	1.18544	1.78445	0.388195
2.15462	2.35173	2.09741	0.427517
5.73819	4.16645	7.22757	0.0795727
-0.563389	1.8281	2.08447	1.37162
3.73021	3.57127	4.97323	1.47381
1.60371	1.84749	2.37263	0.788655
0.965286	0.226536	-2.29697	0.0833556
1.74134	3.18523	3.22853	0.461948
-0.582172	6.85209	6.71774	1.10475
-4.04225	2.61801	-2.32264	1.69982
2.31544	6.8781	1.65438	1.70406
2.18358	2.39345	2.31136	1.29844
2.62399	2.88645	2.76111	0.71462
-0.40735	3.95753	0.686331	1.07974
2.36064	2.87895	3.30394	1.70122
3.37457	2.77571	2.05722	0.894138
3.84215	1.84653	2.7488	1.52159
3.41426	0.861489	1.58958	1.26864
2.8229	2.09252	2.20187	0.624582
6.66927	5.73385	-0.42153	1.18944
2.47778	2.87876	2.73847	0.266196
3.03338	2.17665	2.73828	1.00462
4.33444	3.85286	3.92602	1.97002
4.39215	4.07557	3.54212	0.230556
3.11723	3.14169	2.79913	0.924567
5.25968	5.26572	3.86564	0.474673
2.45204	2.28812	2.79116	0.547154
2.40598	2.45344	1.87072	0.250875
2.23698	2.46527	2.44132	0.668665
2.38453	1.78846	2.14537	1.36594
0.0972153	2.89705	1.34257	0.413776
-2.20087	-0.215732	2.98143	1.13046
-3.90383	5.68502	1.46459	1.45736
-1.72617	4.19166	1.34303	1.34443
1.85405	1.61143	2.9829	0.628384
3.57195	-2.12374	3.49906	1.77112
-0.687078	2.61615	1.75601	0.31682
-0.424324	3.16603	0.59672	1.63136
4.72894	5.00802	3.79867	1.74034
2.0783	1.89599	2.52653	0.282004
2.49205	2.46217	2.94111	0.455996
3.01209	3.33757	2.5488	0.588172
2.3931	3.03404	2.59618	0.756245
-1.67032	3.82004	10.503	0.589031
2.46072	2.66938	2.16967	0.751474
2.52733	2.32143	2.59368	1.57243
3.07209	2.3068	2.66839	0.826162
2.31247	1.97011	2.77987	0.203374
1.96157	2.77368	2.33826	0.283443
3.21094	3.63449	1.64387	1.2216
6.2201	5.99311	-0.799234	1.47202
6.10998	8.50705	6.37093	1.67613
1.99081	1.96266	2.7368	0.552578
2.28276	2.67211	2.28855	1.16283
1.44256	2.39225	2.13905	0.355824
2.45506	2.41841	2.27985	0.730735
2.64969	2.66526	2.26903	0.463612
-1.70884	-0.0358881	-1.08644	1.83019
0.888767	-1.95372	-2.79968	0.157947
3.0207	-0.874104	2.13401	1.64063
6.57475	5.84796	5.01051	1.88566
2.27829	1.91751	2.17655	0.310507
2.14638	2.48884	2.6537	1.37733
5.74077	5.52802	4.84027	0.0793288
2.84878	2.61801	2.90406	0.122467
2.92807	9.6959	0.562864	0.981996
2.16877	2.08286	2.67591	0.0594915
2.47813	2.46195	2.14604	0.948263
1.97358	2.47967	2.95012	0.307808
3.72443	-3.04501	6.51478	1.96753
3.13182	2.59728	2.14123	1.05453
3.16108	1.38081	0.900577	0.954272
1.71985	1.98904	2.74919	1.5832
2.39514	2.1457	2.44083	1.79617
6.27189	-1.08211	-2.26096	0.902367
2.34848	2.15875	2.64957	1.91485
2.1684	1.71231	1.94017	1.66066
3.88681	2.56913	2.12681	1.48685
4.72658	3.54219	4.60664	0.635795
3.38154	1.92607	1.55154	1.00114
2.29795	1.97938	2.57985	1.25698
2.48211	3.0374	1.80362	1.98046
2.5185	2.652	2.31416	1.53382
6.50225	6.69044	-2.35319	1.91371
-3.74187	-1.70092	-1.58771	1.98496
3.58177	2.3754	2.65732	0.63793
6.09027	3.13458	3.3661	0.601592
2.34012	2.16431	3.19478	1.04044
2.95936	3.00834	2.47226	1.2268
2.81916	2.77528	2.44528	0.191253
6.96842	6.50022	-1.01115	0.723984
2.52775	2.71498	2.43781	0.241534
8.06574	5.11601	4.02206	1.35739
-1.56604	-0.314574	3.03268	1.59026
2.76653	2.89031	2.58328	1.3999
5.61809	-2.75783	6.71831	1.66343
1.95864	2.54158	2.6987	1.31823
4.51184	1.14796	-1.26332	0.347725
2.03792	2.07813	2.39568	1.01109
2.69217	3.03719	2.66331	1.25339
2.51386	2.70095	2.03589	1.33613
2.28213	1.82267	2.36209	0.888912
2.10856	2.82965	2.81176	0.00797862
2.93258	2.54747	2.32298	0.894474
2.63862	2.44438	2.39758	1.55526
5.78189	-1.57751	-5.26727	0.846683
2.28021	2.71264	3.14722	1.36506
2.64385	2.42784	2.68059	0.605584
2.52585	3.24968	2.42741	1.76694
2.16413	2.34943	2.72884	1.71047
1.27121	6.80893	0.398316	0.899175
-2.5263	-2.17735	3.29746	1.14074
-3.19899	2.16294	5.78092	0.610626
2.8182	2.83686	2.23892	0.685305
2.37846	1.71974	2.15474	0.257784
1.97347	2.5984	2.84007	1.01499
5.84673	5.36382	-5.41311	1.73338
2.88217	2.15641	1.92985	1.65953
2.48264	2.50788	2.91685	0.0562572
2.76669	2.5171	2.17856	0.503665
3.16147	1.77196	3.11499	0.0872571
2.48173	1.8558	2.34178	0.0656741
1.98348	2.80857	2.97045	0.312154
3.24707	3.22934	1.88927	1.38979
-3.87037	5.86463	0.135882	1.66509
2.52096	2.81142	3.43222	1.92928
-0.413975	1.47845	2.97287	0.281483
2.57909	2.28433	2.07896	0.594372
2.38613	2.21733	2.63557	1.56753
2.83285	2.09643	2.43662	0.35772
3.95177	0.920391	8.51725	1.76887
2.93818	1.83796	2.99497	1.13539
2.48059	6.11307	5.90438	1.65292
8.6565	4.12323	-1.08569	0.578171
3.26303	-1.84537	3.92731	0.244069
2.07825	2.83728	3.0706	1.8258
1.72583	2.66279	2.62592	0.0152801
3.3067	1.31453	1.94207	1.25138
2.30381	3.01736	2.07114	0.12667
2.55913	2.35318	2.61243	1.14597
1.91954	2.25001	2.46721	1.30959
7.93608	7.93141	1.59764	0.196032
2.6255	2.73225	3.21429	0.699079
3.02997	2.4172	1.9914	1.93646
6.35968	-0.443184	-0.420978	1.77288
2.0327	2.88713	2.33323	1.92791
-3.64093	4.57681	5.39497	0.407499
3.08948	2.40479	2.60682	0.684145
1.32387	10.9868	0.958256	1.56681
7.23696	3.46337	2.13978	0.682265
3.83035	1.51778	1.70548	1.02112
2.51708	2.94338	2.59914	0.280101
1.72856	2.9751	2.31511	0.769149
2.29276	2.33454	2.4697	0.601652
2.54175	2.32547	2.51476	1.34514
7.6671	8.76138	5.48996	1.44747
2.41846	2.25676	1.71864	1.64843
3.60734	4.05782	2.11019	0.533412
2.68321	2.48898	2.24184	0.461556
-3.09746	3.11116	4.93927	1.44268
2.30105	2.93896	2.58258	0.655452
3.1105	2.44582	2.54912	0.9936
2.56497	2.13671	2.49306	1.72882
2.88468	2.40126	2.29187	1.74386
2.02015	3.45733	2.64677	0.29556
2.46536	2.3039	2.25341	1.94776
2.62052	2.53814	2.58962	1.05329
2.58029	2.4547	2.15026	0.317014
2.30008	2.48893	2.60898	1.81748
0.767254	0.614115	7.87628	1.27723
2.54306	2.2926	2.38768	1.32471
-2.05764	1.32617	-3.08724	1.9089
7.30566	9.45228	6.07539	1.3406
2.04572	2.49603	2.22845	1.61888
2.95129	2.39919	2.60014	0.31254
2.69219	2.4325	2.48646	0.79427
1.62379	2.54889	1.6316	1.49264
1.98761	3.29672	2.06795	0.327419
5.42424	-1.50419	-3.02206	0.0904908
