3.09461	3.00733	2.31237	200
2.72432	2.48098	2.40576	1.59688
4.15925	3.91921	4.44045	1.53646
2.40629	2.09375	2.59307	1.25774
2.20258	3.33686	2.72056	1.83239
2.50717	2.58717	2.25802	1.21394
9.44013	10.4937	6.01277	1.60835
5.59793	5.61213	4.04633	0.217618
-0.670417	6.85824	6.81706	1.67822
1.36451	1.84353	0.605293	1.04857
2.27947	2.38344	2.79206	1.54272
3.70349	3.66007	2.60132	1.78306
4.02728	3.09458	2.38316	1.83805
5.7324	-2.58153	-4.46762	0.172112
3.16172	2.59631	2.58193	0.697786
3.50523	22.723	1.28111	0.126192
11.1949	-2.33983	-1.06698	1.70184
2.912	2.73881	2.88613	1.5205
2.28906	2.42961	2.7646	0.0785607
10.4256	-1.28986	1.61048	1.4419
-0.206543	2.15453	3.23741	0.708097
2.7341	2.55341	2.56654	1.76015
4.15952	3.37939	3.53531	1.78674
1.99004	1.60482	1.8058	1.17728
3.98719	2.07725	0.803191	1.84794
2.95144	2.5621	2.41245	1.82194
2.0026	1.60279	2.54943	1.84026
2.60694	3.27331	3.9837	0.863907
2.81265	2.92104	2.17842	0.614916
2.50676	1.68098	2.07466	0.552469
3.02836	3.48165	2.45217	1.81361
4.02911	6.54646	5.78077	1.52095
1.22275	0.745134	-2.40307	0.766377
3.34481	2.6845	2.09049	0.464523
-1.36907	-0.0321289	2.87793	1.4643
3.73042	-3.50981	3.29657	1.49014
7.79694	-3.30126	6.10342	1.04313
2.90443	0.267168	1.28516	1.46531
-0.470209	-1.17024	-0.0729938	1.51947
4.4076	5.03664	6.95387	0.156464
6.33356	5.55615	5.16238	1.63935
3.75102	2.83592	4.06821	0.315614
-1.46285	10.3114	-2.48607	0.250937
-1.86904	7.73961	-2.76507	0.144658
1.8618	0.908241	-7.97622	0.360745
4.27231	2.15797	2.27167	1.63939
2.88881	2.23995	2.77422	0.905152
2.52741	2.19913	2.60894	1.51459
2.37715	1.46721	1.60239	1.75523
-0.302565	-3.58759	1.83675	1.49561
-3.03755	-0.953771	-2.09813	1.66208
1.35775	-2.7197	0.660387	1.96719
-0.431771	6.3017	-2.15572	1.66002
2.78588	2.11095	2.08109	0.496088
1.5963	1.80118	3.13728	0.633734
10.0078	8.77688	3.89871	1.26614
2.68131	2.3126	2.72317	1.94293
2.48618	1.16148	0.156994	0.226561
3.58054	1.08669	2.48675	0.901835
2.5817	2.80534	3.55898	0.00646292
3.59043	0.911021	2.44981	0.467783
2.81099	2.82293	3.00037	0.609911
2.94339	1.85606	1.27959	0.0817286
3.16034	2.66038	1.70484	1.27528
3.37532	3.07768	2.25555	1.25432
-0.958352	8.41811	-1.55967	0.404426
3.12955	2.23024	2.71149	0.514531
-3.88142	-1.56834	3.79106	1.75477
2.65335	4.22913	2.46934	0.723202
1.77471	2.7991	3.37652	0.577556
6.2445	2.3635	4.63419	0.379502
-0.948788	4.12087	-1.71729	0.662958
2.47281	2.21759	2.66017	1.83786
-0.0970939	2.11721	3.43561	1.37157
3.07986	3.38124	2.76397	1.83255
2.98946	1.24149	1.23772	1.09608
8.31349	0.743721	-0.870021	1.74796
4.12297	5.85905	-0.971154	0.547822
-0.587735	2.86585	3.74908	1.69788
4.71999	4.53877	4.16586	1.36836
3.64821	2.701	3.07183	0.984843
1.74524	1.57794	2.38589	0.443931
1.01022	0.636371	1.83336	0.720885
10.8758	-1.01042	2.14617	1.24419
2.06152	2.08543	2.58397	0.669943
1.96679	2.56068	0.657505	0.517812
10.7891	6.16528	4.59018	1.29441
2.01663	2.87236	0.70652	0.182297
1.36985	2.21995	3.56182	0.530923
2.4837	2.67994	2.83487	0.314544
2.99879	2.58913	3.63523	0.415687
2.54923	2.70355	2.63985	0.788777
3.48408	1.31444	2.60193	1.27731
2.63658	1.93756	3.49977	0.272149
6.59064	3.40879	1.69636	1.54877
11.7228	3.35938	2.5427	1.44201
6.86528	-3.21779	2.28825	1.41582
1.40801	1.92335	1.78242	0.187839
1.99041	1.91819	1.52767	1.31424
-5.62953	4.61551	5.64142	0.106845
3.36288	3.05365	2.77085	0.88512
2.99129	2.39691	2.28287	1.0598
2.02845	3.50701	4.05699	1.77745
5.92998	2.43453	4.94794	1.05149
2.37922	1.37322	3.85485	1.65962
1.22997	4.56458	-1.99883	0.339299
1.08641	3.84952	4.0393	0.581657
3.35131	4.40395	3.2195	1.62982
-0.0470759	1.44517	0.0853629	1.55651
4.62263	3.58372	3.11852	0.442019
9.54701	1.25149	5.5148	1.34921
2.67464	2.24472	2.42919	0.802375
3.52653	2.43558	1.94327	0.771496
2.68416	3.85476	2.03787	0.0291587
2.31935	2.62892	2.83673	1.47482
1.42817	2.09105	2.93267	1.83918
5.02312	4.78706	5.17137	0.623901
2.25046	1.79729	2.37065	1.68782
3.44753	3.57418	2.17285	0.801418
2.96627	3.05975	2.98179	1.35562
6.50733	7.17678	5.92518	1.37144
2.93166	2.31984	2.42477	1.13566
6.84865	6.80254	6.43791	0.523141
5.28568	4.63635	2.86024	0.682709
1.59113	2.07967	2.18441	0.626459
1.89397	1.15769	1.42992	1.00692
-3.94211	-6.17689	1.4818	0.382223
3.88048	0.798387	3.34909	1.09479
3.33	3.43079	2.45152	1.85315
4.64573	3.84463	3.84008	1.10514
-0.515515	-4.71913	-4.94643	1.18899
-2.58107	2.98617	2.56163	0.649083
2.55701	3.07722	2.35183	1.51865
-0.243732	-0.388462	4.63439	1.20876
3.19541	2.64895	2.45444	1.73017
2.0386	1.79095	2.6202	1.22396
-0.349509	5.26322	2.25953	0.296684
-2.11492	3.77545	0.0517029	1.0363
1.99297	2.09949	2.60766	0.97962
-4.81171	4.5504	-2.31144	0.769317
3.45595	2.69858	1.72639	0.826156
3.67963	3.84023	4.3737	1.43519
3.15222	1.7631	2.38717	0.893485
5.10396	-2.55163	5.28131	0.148521
1.41384	1.83112	3.1781	0.439576
1.41101	2.17025	3.15004	0.925704
2.95107	1.72779	2.46588	1.89782
2.47465	1.59753	2.76565	1.07349
1.81303	2.19415	2.35949	0.932337
-3.02777	-0.238069	9.74252	0.916078
-5.12805	-4.07854	1.288	0.515171
-3.03318	4.27338	6.46779	0.804758
3.02116	2.65856	2.99544	0.382055
2.71411	2.69527	2.51303	1.83305
3.1299	2.39044	2.54457	0.219555
3.00907	2.40157	2.38281	1.18538
-3.4539	-3.68044	1.90985	1.12174
4.08538	4.10338	2.48289	0.687683
5.61329	-2.20952	-3.73789	1.54137
-5.17829	-0.790265	6.5623	0.895963
2.57164	2.45358	2.70269	1.93136
4.71496	4.65901	4.25739	0.732056
3.34483	2.2295	1.35793	0.545974
-5.46637	4.77527	-6.25651	1.24639
2.45837	2.99927	2.1264	0.564568
5.02216	3.50062	-0.531402	0.352478
10.5718	9.31997	3.07642	0.0277325
6.69317	6.30661	7.34968	1.29709
1.51355	4.28655	-1.69487	0.141114
3.44173	2.23466	1.76824	0.586355
2.97992	3.10378	2.44647	0.381418
2.77714	2.60936	2.68935	1.50677
8.61244	-4.42081	5.9067	1.0471
1.29982	2.06742	1.59174	0.655232
-2.13936	-0.183374	3.68392	0.100336
2.75932	2.08305	2.68509	1.36384
1.02767	2.23688	3.12352	0.595866
4.19802	2.12197	2.68523	0.106879
6.77524	8.13635	10.633	0.272341
-4.9485	4.04275	-2.08134	1.891
9.00421	-2.47321	-3.33737	0.513938
2.78198	2.19019	2.91591	0.952709
1.54225	3.74831	3.37033	1.1645
4.32067	2.85066	1.89766	1.26717
-3.19998	7.49188	-2.61477	0.695092
2.88404	2.3206	2.62084	0.614337
3.3525	3.32287	2.02103	0.538045
3.41651	3.30784	2.59429	1.51842
6.00648	-1.37738	2.80017	1.69025
3.11599	3.04913	2.35061	1.33592
3.7385	4.54474	3.44307	0.512456
2.9463	2.29901	2.33936	1.22282
0.250606	3.41439	1.82351	1.47349
1.63897	1.69447	1.39242	0.0477264
0.891712	2.21443	3.02728	1.41652
2.93295	2.49214	2.35356	0.156516
5.13416	3.20922	4.28008	0.0867894
4.89391	4.38621	0.27516	1.22248
2.1468	-4.90111	-3.20329	0.332188
0.647484	1.52009	2.7779	0.0139602
3.06688	2.66348	2.41295	1.84514
5.2803	-6.73071	2.39959	0.202961
1.63893	1.66684	2.85066	0.190086
3.57099	2.12708	2.54305	1.87543
-2.70737	7.16011	-0.848664	1.69055
3.15721	2.25583	1.93127	0.868796
1.33213	2.84925	1.21582	0.259952
8.08881	9.27453	4.47584	1.31976
1.44873	0.461564	-7.00301	0.421726
3.27707	2.34369	2.58021	1.88644
-8.09819	5.21103	4.9407	1.02987
1.6541	0.874847	2.96581	0.320324
1.14579	1.77426	2.92584	1.29957
7.17021	7.62888	4.01732	1.5605
-2.68167	-2.39694	1.56579	1.73439
8.44713	8.35183	9.25233	0.354266
1.90908	2.80612	1.84519	1.19238
3.00281	2.69227	2.48857	0.81323
-1.73075	2.35922	0.298599	0.443452
-3.11722	8.83617	10.0358	0.194981
2.44057	2.76573	2.55654	1.86836
2.25605	1.0388	2.09092	1.27041
2.56928	3.02672	2.35351	1.15763
-2.88536	2.28	-1.16989	1.19941
7.55315	6.28099	5.75019	1.55482
2.12866	2.12368	2.25622	1.33341
8.01955	7.98903	-1.30961	0.204467
-0.634306	0.530526	2.61043	0.575473
0.934691	2.67859	3.77881	1.01383
-4.26622	1.44854	5.35012	0.589203
2.08496	2.62262	1.3204	0.465696
2.83787	2.42836	3.22743	1.62599
3.02526	3.91058	2.25604	1.23516
2.45669	3.06971	2.118	0.153507
1.1793	1.84655	2.90235	0.719572
2.9432	2.59645	1.73815	0.201371
2.03901	4.48599	2.59115	0.208348
2.4676	2.98528	2.15103	0.733593
2.97333	6.58546	7.57727	0.13647
3.5438	1.40299	3.12931	1.3497
2.78466	2.96762	2.45774	0.448831
2.62005	2.76479	2.16588	0.25216
2.62296	2.1734	2.44081	0.384972
-2.01251	-0.269388	3.39303	0.369155
6.52514	-1.87327	9.75659	1.61723
1.82961	2.20181	2.52755	0.0894589
-4.85548	-1.71355	7.66796	1.72253
7.66324	3.88182	-3.78607	1.33582
3.52577	2.53992	2.66576	1.42381
2.38304	2.26655	2.61424	0.309421
0.923084	3.14965	2.35788	1.06503
3.0782	2.30183	2.48522	0.920135
-3.51426	-0.342627	2.02689	0.383261
1.13468	5.45211	1.66094	1.30617
3.91268	3.41706	2.45616	0.852823
9.80545	6.82541	4.71769	1.61871
1.33756	4.64273	3.65932	0.56856
-0.52667	2.56221	1.65786	1.70757
2.57006	2.4634	2.77074	0.280676
1.38282	1.6039	2.14939	1.93539
3.09359	0.979568	2.80758	1.60521
3.03779	2.74851	2.35707	1.06468
-3.93973	1.43765	-0.825356	0.177057
5.07817	5.16621	-0.421643	1.79904
6.62626	5.18257	4.88945	0.439707
3.47854	1.59806	1.36588	0.922978
2.75045	1.65853	1.32923	1.67107
3.05586	2.3694	2.43197	1.34512
6.68752	-2.43742	-4.67814	0.769018
9.67267	2.05791	2.32488	0.206487
-3.02999	-0.928299	4.41677	1.84281
-1.29	7.54065	-6.92015	1.93679
-2.28539	0.593471	2.80283	0.574379
3.09041	2.55936	1.65006	0.0729918
3.3015	1.86768	2.22641	0.570298
1.40038	1.8861	2.61382	1.24812
2.33753	3.69628	2.00701	1.99208
6.84815	-3.58147	5.66519	0.529248
2.39069	2.3491	2.41532	1.4594
1.84042	5.31887	3.51521	1.77902
4.84798	-2.68879	5.48253	1.2784
1.1332	1.93357	0.70302	1.74011
2.86904	2.45201	2.69131	1.65724
6.66155	6.28168	7.37638	1.72157
2.34979	2.33631	2.53478	1.81902
2.93527	3.66399	1.08442	0.375386
4.15559	3.04155	3.6203	1.25576
3.01798	3.13504	2.35628	0.757598
2.90694	3.42277	1.55637	1.30013
3.13561	3.9419	2.37938	1.79071
3.07489	2.32447	2.70068	0.928786
2.72794	4.54683	4.32851	0.668032
3.69865	2.99235	1.13629	0.049151
3.07509	2.84274	2.3688	0.770563
-8.05563	5.15427	4.91739	0.289892
13.0968	7.67268	-9.76988	0.493979
6.51984	5.30887	5.60729	1.68823
3.43397	1.82172	1.62009	0.9537
10.6782	6.13029	-4.32248	1.76145
2.85634	2.75295	2.07252	0.556009
0.54629	1.5587	2.61584	1.17307
0.973481	1.72044	2.9203	1.30752
-3.81313	-0.499663	-1.51758	0.779333
2.34883	2.78932	2.683	1.48035
3.37508	3.11559	2.17994	0.199259
0.469989	3.12861	4.7808	0.086758
2.45695	2.54234	2.10935	0.854591
3.39507	2.2629	1.13925	0.46513
-6.91584	5.75747	-5.38249	0.946091
2.87654	3.15074	1.92267	0.334482
3.04593	-4.45142	8.4632	0.582863
5.61426	6.72281	7.66935	0.224313
4.84665	4.49097	4.53413	1.35632
-0.135448	-0.785251	-1.08597	1.45369
2.79006	2.21693	2.59636	0.180259
2.6882	2.24483	2.52185	0.763205
-1.31219	6.92508	-1.46937	0.780101
-4.00023	-3.49322	-1.05377	1.41723
-4.18848	10.0644	3.61019	0.309853
6.15488	2.9847	3.8189	0.0700779
2.52911	2.12329	2.19957	1.17439
3.02579	2.44013	2.29012	1.14624
3.251	2.53576	1.76375	1.72975
2.91791	3.12572	2.41015	0.389895
6.9733	5.05108	-4.88322	0.120918
1.91868	2.94445	3.01931	1.97908
5.24948	-2.52913	2.23508	1.1285
3.30577	1.94063	1.51871	0.896645
3.59218	3.70726	3.02476	0.315109
3.0749	2.15629	2.5734	1.65523
2.14511	1.90894	3.11417	0.290746
0.697127	1.54761	3.46974	1.01523
4.76763	-1.84257	8.83663	0.245328
8.25737	9.64137	4.98037	0.648193
2.83654	-0.605993	4.14365	1.81409
2.3747	2.15864	2.56732	1.11729
3.02538	2.5991	2.26143	1.09472
2.32177	2.69491	2.60291	1.1164
3.26346	3.53407	3.51379	0.441357
6.89512	3.67069	-6.44324	0.0930253
2.03302	2.45223	2.34373	0.0736352
2.39614	3.34776	4.00284	1.47959
2.834	3.21744	3.39283	0.41256
3.9427	1.73123	3.62531	1.07406
3.14478	2.47368	2.25274	0.267096
3.5109	1.87252	2.64328	1.53761
3.82009	2.90886	2.64233	1.06651
2.27483	2.41301	2.05668	0.816834
2.81532	-1.35787	3.96722	1.29534
2.87541	0.566862	3.28709	1.13676
7.68223	3.9589	-3.94972	1.58462
2.00578	-0.887485	3.23549	0.859227
2.3696	2.80167	2.45205	1.89742
2.5059	2.36788	2.33021	0.799847
5.3922	4.52681	4.17283	0.178859
2.65648	2.04227	2.68654	0.877848
11.6857	1.04351	4.38575	0.584415
2.55573	2.8306	2.02922	1.60928
2.87925	2.57531	2.25211	1.08977
10.616	0.815334	-2.40329	0.391076
2.70311	2.31008	2.81658	0.426244
2.83332	2.47623	2.47048	0.885577
2.70032	2.7753	2.51954	1.98706
4.32706	3.35464	4.60279	0.642093
3.17276	3.02771	2.43429	1.44475
2.53724	2.73301	2.6043	1.00296
7.6055	7.62544	6.01925	0.567834
8.28212	5.13443	5.14214	0.780578
2.72034	2.31339	2.53311	0.70218
2.8339	1.43893	3.29722	0.108428
4.03816	2.29331	1.97199	1.64368
3.43042	4.73365	4.31277	0.658617
-0.925	-6.00026	3.87865	1.9847
1.73903	2.15195	3.03911	0.678142
-2.14937	-1.27919	2.73928	1.50587
2.79788	2.73884	2.25824	0.239168
3.36006	2.33829	2.54007	0.423209
2.94349	2.39954	2.45369	1.45154
3.06372	2.69231	2.32942	1.89362
-6.34863	-1.23359	8.5922	1.58599
1.8049	3.62091	0.879605	1.35326
3.35346	5.59653	2.59934	1.21836
2.12052	2.31505	2.52294	0.760869
3.24335	2.75439	2.51737	0.934548
0.765523	1.65681	2.57785	0.430132
9.3132	-1.91742	-2.44793	1.65179
2.81388	1.36651	2.08382	0.104021
10.7808	4.01462	-2.58975	1.25119
1.9907	2.26678	2.43438	0.566277
-0.354514	5.86173	0.119418	1.45781
-1.5411	6.36223	6.75113	1.39548
-6.94275	-4.84174	4.37265	0.0234906
3.14678	3.58291	2.6387	1.63059
2.49786	2.51367	2.65278	0.0936946
0.760424	8.38873	4.16057	1.6701
1.81034	2.16324	2.70268	1.6787
3.18738	2.58626	2.72681	0.967485
5.45731	3.902	6.91111	0.0748127
1.51559	3.9761	3.02476	0.0580213
-5.18449	-4.19126	5.52892	1.02277
-3.82155	5.07509	5.9114	1.06529
3.1832	3.08017	2.73426	0.182628
2.05217	0.82278	3.20136	1.68896
2.00691	3.44048	2.50601	0.392855
2.44424	2.27455	2.11501	0.461355
0.890317	1.83365	2.87786	0.180736
10.8428	3.21146	6.99803	0.292271
4.01078	3.30308	2.74796	1.2949
4.46338	3.80206	2.37913	1.72584
-0.178572	-3.14013	0.292907	0.667664
1.66972	-4.91117	8.08264	0.120311
2.35667	1.30401	2.48883	0.834979
2.95623	2.84556	2.69889	0.979195
2.26885	3.06458	2.56504	0.0887322
2.12972	3.10807	2.48946	1.64575
3.16793	2.22115	1.8405	0.574362
1.15592	0.185189	2.87391	1.56859
-4.60571	8.40001	9.90343	1.69591
1.40107	6.16652	-0.0654566	0.505069
4.2277	1.34928	0.919725	1.65411
3.67898	4.4376	4.21047	1.86203
6.05732	-6.31625	0.673088	0.307846
-6.31056	7.66009	0.351083	0.910883
2.84979	2.95758	2.14294	1.69226
2.55793	2.025	-1.89614	1.01511
4.55378	2.95774	2.90587	1.96396
4.05162	3.03256	4.75207	0.407156
4.938	-2.23225	3.26403	1.05951
1.75121	0.144697	1.29204	0.914341
1.14935	2.05472	3.01325	1.67974
3.09413	2.95041	2.34677	1.23187
7.21355	5.97537	6.4866	0.265115
1.33951	1.97157	-0.00210276	1.85541
-3.7672	-0.756442	-0.0447859	1.77206
7.74429	7.16783	5.39995	1.37509
9.07743	4.4815	10.0654	0.542936
2.7868	2.62043	2.42288	1.42287
1.13931	1.91932	2.80122	1.43249
3.48828	3.08138	2.59718	1.92527
-2.64898	-4.98001	6.95785	1.63039
1.53033	2.71144	2.42853	1.45555
2.59337	2.48863	2.14572	1.98033
2.37342	3.79223	2.05758	1.69105
-8.28669	-3.44237	5.86347	0.582376
-1.30288	-4.85388	3.55537	1.37459
3.97468	5.73954	2.16629	0.225976
3.39995	-0.797337	0.839129	0.570159
2.50336	1.68402	2.06907	0.833412
3.03562	-3.94884	-0.0167367	1.27411
2.58864	2.08571	2.24758	0.585111
-1.03575	1.43942	1.16753	0.570729
8.74246	4.41624	-4.06333	1.54603
0.766839	2.54752	2.94717	0.572149
2.61625	-0.324113	4.57906	1.06727
2.09121	1.20791	1.90808	0.259085
2.35031	2.06798	2.2118	1.10327
-5.18856	4.11708	6.21924	0.515877
3.06361	3.0143	1.96722	1.82145
1.82806	-0.537565	2.28832	0.641544
-0.835802	-6.70739	4.01284	0.0887237
3.06766	2.73219	2.57717	0.969839
2.4018	0.311854	0.846024	0.0350396
6.53074	-4.21473	7.79078	1.69938
2.9048	2.18841	2.62218	1.03687
4.03399	4.20023	3.0308	1.66612
2.56384	2.58807	2.25937	1.0535
3.03534	-0.935314	-6.26399	1.91819
-6.19752	-0.345484	3.88713	0.128683
1.22654	2.27733	2.78883	1.82671
1.90312	1.18319	1.99917	0.535157
9.47471	5.94887	4.57876	0.322706
0.892374	2.08597	3.38063	0.310578
7.48279	6.11252	3.53126	1.02905
2.77278	2.41577	2.82113	1.59695
1.11049	2.01119	3.40077	0.769078
1.4025	3.24695	3.14985	0.651036
3.32063	-5.60714	6.60342	0.316632
3.10458	1.86171	1.72773	1.94209
3.13966	3.6022	1.02602	0.0378658
6.52571	-4.5858	2.1763	0.340736
8.90287	2.48676	-5.74826	0.102763
-0.139711	-7.05983	-0.415622	1.13346
3.84102	2.59597	1.95486	0.890157
1.40417	2.90282	2.19814	0.926756
2.04987	2.87974	2.70021	1.9285
7.59389	5.90635	5.55633	0.853807
2.91893	2.63488	2.14944	1.30503
2.08853	-0.373942	0.290434	0.296471
-3.15388	6.8384	4.90998	1.35468
4.96469	6.11816	4.95633	1.69782
2.04376	3.12927	3.19532	0.0507099
1.18949	0.429335	6.1242	1.98755
6.26383	8.36575	-1.39541	0.506552
8.12664	-3.37349	-4.85648	1.49754
3.01059	0.898261	4.04792	1.6818
1.32154	11.1124	-2.5572	1.05741
2.66703	2.22532	2.505	1.93176
3.5711	4.38418	3.40336	1.79025
-1.32943	9.80114	-1.94036	0.481875
3.56913	2.81638	1.13622	0.494861
2.89875	2.58083	2.26166	1.35531
4.29341	3.15314	2.20998	0.0941316
3.66296	2.81781	1.76417	0.105954
5.36134	-1.08758	-1.79951	1.56761
4.09281	2.01288	2.50903	0.608151
-6.28876	12.4402	28.9347	1.7666
-0.293735	1.87852	1.06409	1.69328
0.0589047	0.110266	2.73327	0.0970635
-2.96272	0.769276	-1.36502	1.27547
-6.63202	2.86459	0.531373	0.165135
-1.35555	-2.88678	8.72175	0.0643678
2.01828	1.56444	2.59713	1.03142
2.65514	2.67108	2.41956	1.4856
6.794	6.40816	6.46896	1.60687
3.12724	2.33471	2.56522	1.33512
2.57863	3.05214	2.02506	1.32193
4.61548	2.49732	2.37639	0.229188
4.46698	1.17826	3.15076	1.15041
3.61253	2.90485	2.25508	0.0122439
0.846158	2.02648	2.54725	1.10978
2.94203	2.4362	1.99798	0.238448
9.43656	-6.26732	-3.40604	0.998555
-8.21306	-1.18214	5.64228	1.56683
2.86499	2.13906	2.10964	1.31163
2.99835	2.41291	1.98856	1.84019
4.01497	1.34096	4.47917	0.565669
3.42656	3.0262	2.7593	0.700415
7.67199	-1.35196	0.897692	1.03024
6.68405	4.45373	-3.09649	1.02605
4.92643	7.06109	1.09836	1.60142
7.44428	4.17108	-5.17197	0.893243
4.16391	3.57869	5.50555	0.774545
2.76421	2.37521	2.64283	0.996305
2.62738	0.616903	1.63717	0.281368
0.269329	3.36869	1.51971	0.862815
2.25484	4.78844	2.31825	0.0662963
2.16853	2.37049	2.4423	1.45071
1.18194	2.04192	3.06709	0.535223
-4.27968	6.43313	-4.49398	1.59936
6.91618	-5.17063	2.29479	1.82052
2.57596	1.95867	2.08575	1.05984
3.57088	2.60787	1.32301	0.404653
8.73448	4.48117	-4.11879	0.28016
1.29213	8.25296	-1.8975	0.312513
2.03488	3.32579	1.16734	0.598014
3.86344	3.15309	2.37591	0.0309688
-0.0312738	1.12225	4.52864	1.31308
1.30938	5.8655	5.24215	1.57405
5.75095	4.42327	4.18221	1.58682
11.1025	-2.35472	-0.274467	0.847923
2.37385	2.56839	2.26517	1.41304
-6.91271	2.34476	9.24312	0.741729
2.75039	2.67469	3.06528	1.46909
4.86961	4.65246	3.06747	1.33984
2.61337	2.4259	2.70745	1.22972
3.06493	4.47104	2.53191	0.127465
-3.56093	-5.75085	-3.04739	0.0661813
3.12628	2.58061	1.43876	1.71084
2.94848	2.71938	1.55017	1.38416
1.56127	2.57085	3.04439	0.430067
2.97931	2.42243	2.83336	0.642343
1.25324	-3.11072	1.52633	0.973297
3.7494	3.85606	4.49824	1.66419
2.36473	2.05596	3.21005	0.158561
5.82607	-3.57504	1.81183	1.85721
3.12486	3.29355	2.29847	0.176401
3.25403	3.03863	2.25374	0.697763
3.22593	2.46722	2.89385	1.87958
2.09787	3.1245	2.74072	1.09071
9.11391	7.4219	5.9726	0.955773
2.3807	2.47287	2.70898	1.56081
3.93183	1.92842	2.00241	1.71826
-0.660013	0.843671	-3.82778	1.12926
2.85278	2.60031	2.41837	0.264
3.19549	2.12033	1.86053	1.3768
4.61848	2.66774	-0.597748	1.70478
1.03259	2.37573	3.44571	1.54276
3.46684	2.96697	5.26325	1.42161
3.05577	2.71617	2.35442	0.400336
2.58804	2.23727	1.03999	1.44768
2.55246	0.784014	2.86806	1.72888
10.1968	2.24312	3.6525	0.673005
3.15681	2.20846	3.37904	1.30151
3.72617	3.23191	2.9895	0.160811
3.51255	4.18857	2.71884	1.36691
10.2164	3.30389	6.62596	1.78782
-5.37983	-4.64835	6.00415	0.850721
10.0018	7.63708	6.12698	1.11867
2.86869	2.37569	2.12599	0.838381
3.26581	3.00149	2.00513	1.50676
2.8716	2.31416	4.06039	0.839319
2.61829	2.93666	2.6874	1.95187
2.68963	2.9891	1.68811	0.277651
7.72762	5.81816	5.76939	0.226415
2.12052	4.47922	7.73503	0.350992
2.48164	2.41292	0.821584	0.561186
-0.306279	0.899586	2.11873	1.0088
1.04803	0.689235	2.54122	0.952733
2.77777	2.25183	2.59786	1.33952
3.86973	2.42827	2.94478	0.754754
3.71273	1.96506	2.46707	0.401694
3.00247	3.00971	2.34414	0.595697
2.55558	4.07696	2.24994	1.91188
-2.72664	-0.144483	3.0739	1.33164
-3.48744	0.497946	4.60037	1.89122
2.67936	-5.08543	7.16126	1.25573
1.91442	1.99688	1.60111	1.31822
-6.40609	-2.10715	4.86958	0.924067
3.45563	2.89627	1.42232	1.21424
5.40917	-2.88015	-8.57288	1.55476
3.06838	2.74155	2.20195	0.739891
-2.34042	-3.96849	8.20508	1.90655
2.29641	3.46281	4.11919	0.595911
2.30183	2.45943	2.55245	1.4478
0.290985	2.19061	3.73535	0.705897
0.917889	1.66512	2.93083	0.830301
-8.15294	4.06658	11.154	0.147648
2.77405	2.30313	2.87358	0.568708
1.81225	1.76488	2.68477	1.7841
6.40176	1.98452	4.18419	0.921071
1.85604	-2.2336	-1.5859	1.06009
2.24548	0.758659	2.03783	1.40784
1.24845	3.76116	1.98541	0.149011
2.12618	-2.39861	-4.92938	0.0573096
2.82918	2.76665	1.94696	1.60902
5.837	-9.67731	9.88365	1.48946
3.75968	2.90263	2.10827	0.185152
3.07972	2.45986	2.93437	0.65857
4.99218	5.01201	5.05673	0.582755
-2.33041	5.61078	-1.53803	1.80732
-5.19672	6.29976	-3.45566	1.61339
3.52783	1.39741	3.14493	0.547462
-3.14931	-3.48766	6.98334	0.837849
2.51466	1.94358	1.67362	0.859427
3.06586	2.99413	2.54834	0.686994
1.25643	4.98876	2.97196	1.01772
0.561333	2.57823	3.08422	0.765831
0.637392	2.25426	2.23644	0.791234
2.07961	2.86031	0.892947	1.54345
-6.7508	5.69998	6.85581	1.42464
-1.80133	6.31538	6.76605	1.73399
6.74061	9.15391	5.53847	0.402134
1.1074	2.77151	3.04265	0.755776
-0.853072	7.35517	-0.749884	0.562802
1.07719	1.85516	2.81276	0.789683
2.80337	3.62448	3.25034	0.66046
10.3147	-0.956871	1.92689	1.89641
2.07203	3.19146	3.11775	0.0118207
5.64976	-0.553876	-0.976507	1.1238
8.90197	9.84509	-2.58089	0.364024
1.82293	1.81508	3.13716	1.76601
-2.07134	8.59072	0.414892	0.548671
1.63597	2.24398	2.73969	1.23233
2.97103	2.68169	1.72795	1.99051
7.80863	7.71675	-2.02626	0.96566
1.06614	2.06546	2.93707	0.933711
1.36866	3.66759	4.49105	0.964852
2.70783	2.77999	2.35696	1.03972
6.39247	5.41302	-0.334003	1.24827
-0.821529	3.38418	-0.740896	1.60925
3.03607	2.28396	2.36113	0.351209
7.99344	8.92776	4.9013	0.959375
-3.0462	11.656	-3.31002	1.22256
2.22899	1.89223	1.98426	0.228109
-5.52533	3.82598	2.29646	0.688311
-0.780668	7.10239	-0.500117	1.99575
3.4655	3.39684	2.55294	0.312488
-1.52041	-1.61958	1.26199	0.460278
1.11361	2.80561	3.08036	0.230828
2.72307	2.79852	2.78535	0.328724
3.28526	2.98584	2.6038	0.818434
5.00653	-2.27696	-6.97767	1.64356
0.360123	5.46273	11.4594	1.71857
8.28873	5.21749	-0.00946346	1.73185
5.37938	6.29823	3.84783	0.261959
-1.7079	-0.232152	4.90892	0.175564
3.0443	2.94524	2.12476	0.227061
2.83751	-2.53504	5.33838	0.0687606
3.84346	2.65336	1.98102	0.729587
-3.65392	2.74466	7.41687	1.73595
2.87329	1.03407	0.0518282	0.93458
1.62569	3.95548	3.63798	1.35857
2.57809	3.66476	3.26607	0.126486
8.78924	6.29005	4.81426	1.40624
1.09214	2.65411	1.51958	0.563422
4.97941	4.89277	5.44924	1.01687
2.56815	3.72795	4.41676	0.110773
-1.95686	10.1267	-6.80072	1.62635
0.803985	1.67814	2.13846	1.58953
3.20173	3.03193	2.38355	0.597277
4.34726	2.2078	2.70901	0.614993
3.24027	2.98349	2.6075	0.787897
3.32738	2.80367	2.58103	0.0392891
-2.2462	-0.604102	-2.66919	0.139777
4.22192	4.61923	2.7104	0.955992
-2.73463	0.50565	2.68073	1.74682
3.46209	3.18888	2.35387	1.86862
9.14626	7.50342	9.55312	0.308787
2.31979	3.31009	3.84287	1.76448
-2.4027	4.57126	1.85252	1.94973
10.4486	-1.31192	1.60168	0.443174
1.74088	2.42069	2.12194	1.39008
2.49876	3.81069	1.54626	0.770002
3.12675	2.59469	2.45733	0.329308
10.1131	-9.95061	9.7276	0.442341
4.18144	1.56317	1.40769	0.990709
2.23614	1.58	3.21546	0.0689747
8.68499	-1.26271	3.3583	1.21947
-7.45388	5.22551	-2.98208	1.09848
-5.95252	4.95704	9.92344	0.90069
2.50869	3.34337	1.95707	0.00987587
4.22991	2.79195	3.47102	1.83474
9.55616	10.8966	6.41977	0.178322
4.7224	-0.554349	-6.78457	1.05445
3.12137	1.9207	1.83172	1.32304
2.84663	2.1957	2.29678	0.443072
-4.97943	4.59054	-2.22778	0.202753
5.46056	2.85547	3.53347	1.52985
0.7286	1.1986	3.22779	0.62777
3.3873	3.1234	2.62823	1.00235
2.61905	-0.467035	1.4495	1.61698
0.868505	2.13168	2.762	0.470906
7.33308	-2.17306	-3.64777	1.50572
-3.92941	9.39918	-0.612886	0.0868292
3.06147	1.54035	1.73007	0.992356
-0.909033	2.62352	10.1777	0.385173
4.522	4.81374	5.01449	1.12881
-3.28099	-6.15452	5.24198	0.35686
6.98378	-5.7203	0.326166	1.98283
3.87934	2.49793	1.54131	1.93545
2.96558	1.94776	1.73125	1.37708
3.40846	2.97544	1.77593	1.12573
4.94535	-2.2122	3.26778	0.400758
2.86674	1.77321	1.47864	1.31368
1.20661	-8.38322	10.3863	0.643052
1.97365	2.26658	2.55498	1.48936
2.28415	3.88008	6.42988	1.54701
-2.31717	1.00395	-4.66205	0.0591141
1.738	3.10275	2.41456	0.757717
8.90438	0.547948	2.47764	1.19392
4.68179	1.95388	0.671818	1.80013
1.94008	2.46235	2.56185	1.34404
4.0842	-6.6623	1.65269	1.4538
-12.338	6.57381	-10.4232	0.0154321
1.92749	7.94743	-5.32635	1.57976
7.26344	-0.819205	-0.921329	0.514847
3.02274	3.1602	2.9461	0.282131
3.71945	3.27042	2.94267	0.628793
2.8445	2.70593	2.32249	1.79937
3.04169	3.27041	2.50413	1.6308
3.57695	6.22136	7.01017	1.22899
5.52521	2.93471	3.4959	0.0782701
3.69493	1.98068	1.15677	0.784358
2.51907	3.69445	1.87941	1.82028
8.05668	6.58923	6.02465	0.347158
2.81136	2.84416	2.43412	0.88533
2.69493	1.96889	2.46919	0.100509
3.9889	2.10972	2.87089	0.0466463
2.26192	2.3176	2.26478	1.07615
2.60162	2.46455	2.20206	1.28678
-0.995435	8.8538	-2.13382	1.17868
2.61125	2.89726	2.38959	0.481323
1.7746	2.99492	2.15706	1.6699
1.81029	3.63949	2.18201	1.32902
2.92186	3.29782	2.67821	0.156917
1.93299	3.71077	3.05143	0.0266812
1.60281	2.33221	2.57318	0.820444
-4.54729	10.3451	5.53464	1.32618
-3.66463	-0.718099	3.49193	1.17904
-3.02293	-1.13901	1.03814	1.49083
2.36458	1.95828	2.22409	1.28504
5.01133	-4.02804	6.86279	1.50259
-3.26559	1.04902	-1.4647	0.0239364
-3.62542	-5.26013	4.65946	1.1812
-1.60183	0.710615	0.102932	1.34153
3.69284	2.42358	1.91367	0.48039
2.64923	2.70832	2.6991	1.83596
3.27593	3.20711	1.99493	1.2816
3.29904	3.64163	2.76022	0.101933
3.06607	1.52252	2.04781	1.15936
2.70134	1.61566	3.02621	0.428746
-1.77583	2.66034	6.8675	0.469372
8.00066	-4.71975	-0.782821	1.79805
-0.283581	2.19886	3.9174	0.00771657
-1.05923	1.85474	2.69591	0.327592
2.15905	1.82138	2.26708	1.06633
2.52524	2.33009	2.37417	1.86145
2.64838	2.94281	3.2992	0.580846
7.09679	7.28334	5.32936	1.16392
3.5615	1.84118	1.74612	1.82537
3.85606	3.2485	2.30817	1.95161
1.5069	0.514841	2.53237	1.57401
0.999256	2.48506	2.60324	1.09742
-3.43327	-0.809678	1.00718	0.631442
0.250648	3.03524	2.40166	1.04317
0.988039	-2.32299	-3.55461	0.141617
1.37839	1.96999	2.64656	1.1558
2.79896	2.61434	2.59484	1.48429
2.9084	1.2884	1.38933	0.305834
2.98795	3.57691	2.78417	0.346177
0.77302	1.77216	2.73223	0.171704
1.3045	3.24089	2.34556	0.978848
0.769277	0.800712	3.57654	1.04415
2.58175	3.54388	3.60644	0.527518
7.874	6.1994	2.33018	1.53277
1.94234	2.22323	3.52208	1.81315
3.05141	3.3785	2.82964	1.7755
-3.65276	0.90367	4.84897	1.04643
4.10569	1.87545	2.40277	1.07249
-2.25986	9.88863	9.40792	0.111958
0.813801	1.06857	2.66397	0.127047
2.33079	5.46859	10.4716	1.999
4.32897	2.87932	1.39806	0.263307
1.46957	0.840916	2.32253	0.271411
-0.776906	10.2057	8.7624	0.84999
9.4264	5.9958	-0.933645	1.97453
3.12345	2.76688	2.01946	0.906451
3.1538	2.87308	2.6871	0.453161
1.6239	1.55309	0.653721	0.891066
2.3622	2.51704	2.40846	1.34957
0.193358	5.16279	0.355319	0.575008
0.416012	1.18154	4.59779	1.97247
2.18482	2.27122	2.13524	0.0790421
-2.20848	-0.0298457	2.23066	0.795748
3.35925	1.44022	2.28127	0.969283
1.52432	2.09714	2.36004	1.37062
7.16706	7.51994	5.60541	1.41152
3.02007	1.91605	2.53293	0.810077
0.577222	1.74535	3.00139	0.544266
9.19422	7.4862	7.87871	1.94807
-5.03624	-11.921	-2.88052	0.186732
6.02413	4.90004	-0.144205	1.89152
2.89735	3.62927	6.37541	1.38019
2.26572	1.48977	1.83998	0.300416
2.52652	2.2833	2.52174	1.52332
9.3996	10.5825	6.04962	1.73784
2.50947	2.50057	2.19091	0.910289
3.33397	2.25378	1.40221	1.07481
2.5203	2.60633	2.15467	0.196115
3.10166	9.87612	7.27353	0.147432
2.99112	3.141	2.46523	0.333996
-0.215776	2.12828	1.66191	1.51758
3.17127	3.2345	2.42212	1.45517
2.90633	2.62267	2.28255	1.66636
2.3718	2.50878	2.40761	1.04277
4.50332	-4.30965	2.01837	0.411986
1.93405	2.03115	2.86113	1.28666
2.41575	2.55789	2.35229	0.551865
1.2079	2.64314	1.71388	0.875856
0.890334	2.46543	2.12787	0.531078
-1.91807	-2.58245	2.48371	0.685995
2.59118	2.52923	2.1883	1.90143
2.39419	2.47598	2.05114	0.928318
3.15169	3.31335	2.15697	0.684524
11.7167	1.23193	0.414935	0.0640763
2.72243	2.31908	2.64851	0.288312
3.48004	3.96059	2.51879	1.60715
4.5296	3.31876	3.9975	0.888699
-5.00653	3.9501	-1.88888	1.80059
-3.51046	0.958407	-3.70149	1.9581
3.57136	1.78591	1.23071	1.22009
-2.11313	11.1931	-4.29843	0.148916
8.09637	-5.26152	0.494004	0.819269
0.87714	1.44647	2.69451	1.64808
2.53275	3.37965	3.03437	1.35281
2.52489	2.5274	2.02699	0.821301
2.10292	4.49107	1.76249	0.821672
3.53596	0.423416	7.09045	0.599325
2.45407	2.03139	2.0325	0.678115
-2.91373	-4.15863	7.00325	0.0680525
3.84591	3.09849	2.85293	0.880917
-3.5372	3.27723	8.66152	0.199694
4.34659	-1.83649	-5.25422	0.096008
1.86071	1.59289	0.510902	0.695629
1.8453	2.28724	2.25069	1.35349
-2.80249	7.73813	-1.12192	0.833219
-0.0350738	0.801848	-1.10831	1.8562
-3.32912	9.61375	-1.58061	1.0961
2.94887	2.53976	0.517572	1.24734
1.01764	2.74135	2.16515	1.07313
1.59071	1.98301	3.04455	1.46794
10.7292	2.79879	4.86002	0.403797
-3.14099	-1.97784	-0.864736	1.48874
-5.13111	-4.20427	5.5964	1.94122
-0.11028	0.853162	1.19597	0.978597
5.92506	-6.36433	2.46114	1.55005
2.97222	2.67794	5.02597	1.33971
8.064	6.9379	6.07026	0.847963
2.08715	2.68133	2.56756	0.0375487
2.80098	2.06379	2.28365	1.29407
4.45285	6.05186	5.67084	0.138276
-2.66967	-0.951446	4.34334	1.39107
3.87434	0.178889	4.90027	1.10973
3.21444	3.66947	3.86937	0.13182
1.76933	6.6808	0.0193724	1.05378
-1.66859	0.275026	0.0471925	0.945593
2.7869	3.08746	2.46283	1.13478
3.16378	2.88892	2.80663	0.857441
3.27568	2.96868	2.18009	1.53186
2.87108	2.44244	2.25056	1.2545
2.52287	4.35874	3.47969	0.550704
2.77574	2.51922	3.03044	0.233016
7.54145	2.74961	-1.8235	0.182805
2.62838	1.7369	1.07781	1.50479
2.89507	3.10475	2.47591	0.103302
1.80517	1.00413	2.00173	1.15915
5.66325	-4.25512	9.67282	0.596495
3.45765	4.7005	3.35303	1.98379
-6.33567	2.09154	7.21038	0.643468
3.27629	3.14832	2.33035	1.72043
-2.71867	8.15235	-1.09304	1.40951
2.49116	2.09637	2.44575	0.758022
2.78985	2.21324	3.09451	0.679204
9.79797	-0.861876	-2.11	0.902349
2.50392	2.45471	2.37082	0.810195
2.94808	2.433	2.64403	1.0498
-3.30649	-2.62479	0.515002	0.804307
3.00494	2.82186	4.9968	1.91659
0.365244	0.888231	2.97157	0.0848613
2.6156	2.5483	2.28963	0.602797
3.15705	3.25568	2.92542	0.416555
2.449	2.30194	2.20697	1.3048
2.46457	2.099	2.4846	1.79299
1.54719	1.65541	3.11989	1.73265
3.1327	1.82149	4.24871	0.782976
2.98778	2.22649	2.62653	1.83882
2.18796	3.96529	1.72058	0.949303
2.79162	2.92891	3.64418	0.0603349
2.19976	2.02401	2.04775	1.99705
0.358184	-0.585445	-3.11029	1.60416
3.73645	3.29444	2.3758	0.781132
8.64406	7.12829	6.69785	0.563294
2.87053	2.58239	2.97693	1.88177
8.39451	6.41559	-3.68121	1.60213
3.82172	0.280557	6.00005	0.337555
10.3094	6.0037	5.85232	0.881626
2.40581	2.10053	1.45772	0.892089
5.28906	3.05358	3.53822	1.28412
-7.46879	-1.43511	3.70131	1.92319
3.31334	4.58061	4.75745	0.909297
2.6487	2.69166	2.54928	1.74223
1.50516	-0.949105	4.75125	1.95008
12.2249	-5.85127	5.76905	0.566784
1.09112	11.576	-2.53454	0.936955
-0.0704069	8.64458	-9.30015	0.230881
5.14985	1.48235	5.25232	0.104977
6.93686	-6.13605	1.79685	0.352013
2.17378	2.31968	2.52772	1.78906
11.1373	3.59802	-5.22246	0.225995
3.20965	2.44884	5.67296	0.719967
3.75596	2.72905	2.67024	0.770755
2.71355	2.72185	1.21768	0.709542
3.25791	2.62795	2.35995	1.56986
-1.37626	7.30937	-1.25069	0.0807366
2.62999	-1.25018	7.35004	0.194955
11.616	-1.51389	0.266598	0.565065
0.807665	2.7887	9.75203	0.310465
3.17186	2.26233	2.22139	1.16239
-1.95657	10.1439	-6.82477	0.580083
6.54885	1.44956	-0.553123	0.114593
-7.16547	3.55914	-3.48098	1.03966
0.431398	-6.49965	7.5478	0.721141
5.30595	3.37855	2.23552	1.27995
3.40346	3.13087	3.294	0.993636
2.41404	1.62006	1.47848	0.806381
1.23955	11.651	2.01806	1.03405
5.08914	-0.00393276	-0.474033	1.70406
4.48086	2.43357	2.73875	0.720384
1.25255	3.32712	2.27642	1.81928
3.82164	2.77093	1.92281	1.92468
-2.58538	-7.5787	28.6843	1.68078
2.71731	2.50702	1.79983	0.772052
0.835635	0.971101	1.24557	1.28891
9.70114	-1.46791	2.7355	0.964768
1.87139	6.36754	3.27628	0.991899
2.83214	2.93618	1.79865	1.97466
4.33826	-3.39409	1.70982	0.852992
-1.22789	4.75394	6.05049	0.786335
-4.30048	0.324553	5.64967	0.147498
2.98812	2.65631	2.4099	0.71765
1.0043	2.37745	1.72426	1.4331
8.11143	10.4096	9.65891	1.49431
1.18969	2.28978	2.43619	1.10749
1.57786	2.3561	1.95761	1.54478
1.61084	1.14702	3.17862	0.0235762
4.46777	3.35497	2.4398	1.00132
3.36993	1.8899	5.57898	0.189696
4.91138	3.0642	5.44016	1.5386
3.12359	2.86401	2.32143	0.611539
4.09354	2.90105	2.6665	1.51007
2.99957	2.79455	5.01079	1.99045
6.47717	1.22423	-6.57032	0.461379
9.41441	1.4455	5.26471	1.78624
3.04564	2.14397	2.41442	0.266209
2.57678	3.03892	1.93819	0.990448
2.81245	3.74254	2.61435	0.571085
2.55482	4.40861	4.26193	1.5206
2.69521	2.57399	2.93225	1.30657
0.768057	-2.10237	-3.95015	0.671103
3.25572	1.8235	1.8017	1.92371
5.63175	0.0941153	0.604361	1.87371
1.45492	2.10207	2.86497	1.48419
-0.849229	1.44896	1.61216	0.438606
-3.84829	-4.82507	-2.88986	0.236235
8.49643	13.6442	-0.611672	1.37475
12.0693	13.0025	13.1228	1.36133
11.2039	-2.7164	3.88262	1.78363
2.96584	2.73518	2.52743	1.57586
2.14748	2.58685	2.41497	1.69466
4.89052	2.15453	2.42879	0.348659
4.47574	-1.77438	9.64282	0.144389
2.74208	1.49086	0.757698	1.16163
-3.3209	5.06812	6.56736	1.47006
2.63696	2.26117	2.60302	1.36067
5.05909	26.8251	-7.6959	0.00666445
2.12717	3.34473	3.31162	0.811111
4.89898	4.25394	4.29595	0.183729
2.91886	1.0543	1.69738	0.806894
1.34094	-1.12345	3.67994	1.99531
2.81653	2.52188	2.74357	1.10588
2.51354	0.340714	2.15386	0.394322
1.22043	2.0677	0.667362	0.107102
7.37411	8.30817	4.96653	0.299927
2.93012	1.43967	3.02905	0.0198959
1.18813	1.92416	2.89695	200
2.49789	1.84059	1.1651	1.34996
-0.333226	9.8139	6.31718	0.639552
2.2714	3.5446	2.7603	1.17227
10.9256	-7.56847	5.9334	1.90941
3.85401	3.86918	3.43397	0.396166
7.10465	4.92983	11.6251	0.532602
2.92622	2.51531	2.16332	0.708986
3.88034	-0.886063	8.46944	1.0417
-4.95668	6.14635	4.45504	0.861806
2.7077	1.57217	1.08583	1.72418
0.846037	1.45401	2.9705	0.0966972
-7.74834	-4.97019	8.61914	1.41315
4.67877	8.70644	0.712585	0.29013
3.77926	7.65659	6.16592	1.32659
5.16477	-3.99476	2.22495	1.24294
2.74314	2.19182	1.72763	1.1592
3.62851	2.77931	2.13014	1.36548
2.83729	2.96173	2.48714	0.88148
0.331858	1.96769	3.78944	1.58661
0.82936	2.11067	3.34458	1.18944
3.14892	1.35488	4.26513	1.66268
1.38616	1.80088	3.12569	0.051283
0.891741	1.92072	2.68219	1.55639
0.355345	0.104381	5.16393	1.48627
1.69354	2.22115	2.55983	1.48001
8.22092	-3.22085	5.81374	1.91755
3.25457	3.94056	3.92891	1.08828
7.4982	6.30878	5.76379	1.61807
2.80791	2.42836	2.25254	0.434663
8.96267	8.99014	10.7903	0.0171461
3.48457	3.59728	2.75502	1.08416
2.98874	3.80613	2.08159	1.61423
3.07098	2.44036	2.4969	1.28468
2.9789	2.57912	1.20696	1.29114
-5.39314	3.45666	2.17841	1.11934
1.86564	1.91642	2.64367	0.523311
5.02203	2.94391	3.97032	0.474021
2.98827	-1.13889	2.74666	1.58303
1.5977	1.71935	1.1691	0.583137
3.51271	2.89818	2.83216	1.37954
2.6729	2.66184	2.65468	0.0233852
4.57265	3.70732	2.84981	1.54272
2.46313	2.84702	3.46751	1.78314
4.38159	-2.3409	0.301538	0.765534
3.21796	1.11901	2.86003	1.7058
2.97344	2.76986	2.47123	1.93244
-5.28588	4.4663	12.1366	0.149241
3.00277	3.35204	2.23153	1.85341
6.54306	4.54405	0.307488	0.751875
6.22565	5.08346	6.13032	0.632266
2.77425	2.44365	2.48935	1.23638
7.67466	9.90561	5.17635	1.77377
-0.229218	1.27912	2.13039	0.69464
3.90955	3.32593	3.15064	0.767611
2.45324	2.11256	2.45105	1.91803
2.87956	2.39465	2.06238	1.86014
2.45949	2.92341	2.23425	0.698052
2.85302	2.53409	3.03604	1.72485
-1.1521	-2.64269	9.20829	0.219421
2.66978	3.49817	2.04574	0.453881
3.34224	3.4835	2.85827	1.1768
6.82072	-6.63697	-1.12851	0.96557
2.99235	2.47661	2.35564	0.773856
-1.58295	7.74357	7.73871	1.94551
1.7786	3.34755	3.85747	1.14287
9.49914	-2.84701	0.0816491	0.0159179
-8.30508	-3.43665	5.88308	0.187193
3.72769	3.8101	5.84935	0.996702
-7.06765	1.09141	6.6054	1.94245
1.76727	1.71441	2.46324	0.483452
4.17247	2.6477	0.581992	0.286069
12.243	-2.05911	3.63064	0.749971
2.96919	2.2243	2.49988	1.28997
2.90911	-0.764708	15.5335	0.568618
2.22914	3.15015	2.99471	1.38159
2.8645	2.12893	2.09819	1.47105
1.82994	2.569	2.37847	0.751674
3.1055	2.46491	2.47863	1.64889
8.24712	10.2351	2.20965	0.559828
7.25091	4.10018	-3.12464	1.52107
3.06505	2.37575	2.7366	1.89069
-4.96412	10.6324	5.67784	0.552685
4.6516	4.77781	1.88924	1.4279
2.69086	2.50879	2.46434	1.79848
-2.12363	0.428273	2.955	1.53407
2.60047	1.52785	3.8888	0.747122
3.71993	3.6418	2.35483	0.661455
3.89108	1.09988	1.06492	0.326115
-0.333688	2.78304	-0.932313	1.78257
-4.57029	3.95604	2.13465	0.768632
-2.10805	9.24958	1.81254	0.503218
2.9977	3.12749	1.58787	1.44645
3.0786	2.72115	2.4631	0.0418909
3.19024	3.10309	2.24802	0.91484
-6.02783	1.58566	-5.20994	0.565822
1.7606	2.29365	2.3754	0.532096
1.42678	2.0149	2.9875	1.86287
4.21372	7.41848	2.11013	1.67606
3.25111	3.25744	2.62096	1.50154
-1.13699	7.77457	1.56656	1.33143
2.78441	3.27663	2.30649	1.96995
4.09014	3.18038	4.78535	1.37336
9.00226	8.92894	1.76386	0.971009
2.76566	2.5929	2.17415	0.972297
-3.82389	-3.20902	6.28764	1.72469
3.2598	3.04248	1.84129	1.38714
3.76681	2.66922	1.3336	0.218221
3.81141	-1.50332	-7.21669	1.39384
1.37002	2.1346	2.22714	1.85717
0.913084	2.95117	2.02856	1.3436
0.821035	6.19899	13.4627	0.929578
4.05178	-3.72491	-2.97127	1.94067
3.29314	2.50842	1.32973	0.103185
1.07122	2.11812	3.1695	0.498432
3.04988	2.26674	2.26681	0.707169
7.36123	6.51241	3.4611	1.98089
1.17305	1.63646	3.08359	0.274585
2.8014	2.53581	2.50242	0.42304
9.95579	4.60348	-5.95553	0.239115
1.99546	1.86172	2.50582	1.38601
2.41881	3.25806	3.85993	0.19526
2.6364	2.67777	2.86297	1.55744
2.38302	1.89676	2.76139	1.57425
-3.87777	7.54645	-3.34793	0.865928
-2.74151	15.5896	6.91544	1.54378
4.94375	-1.48529	4.86221	0.700084
2.78951	2.77389	2.96567	0.442029
-0.129639	4.07161	0.605273	0.565467
2.78935	2.60948	2.73899	1.87543
2.68597	2.67519	2.46706	1.65532
2.4771	2.45692	2.51541	0.541414
3.16753	2.9075	2.11911	1.8935
1.32032	1.65529	2.26898	0.639692
4.73965	6.64769	5.08885	1.99807
6.80277	5.79849	4.72905	1.29745
-5.77982	9.23265	-5.71967	0.362111
3.97627	2.96498	2.67644	1.88215
1.23495	-2.04852	-4.61099	0.942829
1.27147	8.74767	0.677182	1.43098
-0.412843	1.18707	0.64111	1.72963
2.99694	2.3618	2.68391	0.746002
4.86422	-2.78567	7.76383	0.889364
-2.40083	0.315089	7.29773	1.38603
-4.90866	5.01311	0.683909	1.03768
3.05974	2.50746	1.19961	0.751449
-0.801584	8.08857	-2.81706	1.02398
1.71457	1.68256	1.60598	0.776038
6.34168	-3.70561	7.40839	1.50955
3.51085	3.38407	4.37788	0.707032
4.55227	0.933785	1.42652	0.572153
7.84192	-6.25189	-1.11889	1.63608
-0.418548	2.04862	8.31728	0.506335
3.14038	2.51223	2.66243	1.34812
4.42162	3.37059	3.7937	1.27519
6.89631	8.52472	4.60214	0.200688
5.63041	3.38554	2.56185	1.1477
-0.19562	-0.658239	0.161725	0.0159602
2.89837	2.1985	2.6356	1.14919
-0.348545	1.66283	1.431	1.06729
4.42576	1.10324	-8.44091	1.94466
2.8707	0.261151	7.78749	1.10349
-3.76445	-1.01309	5.11075	1.91406
4.45493	5.44267	5.9008	1.09845
2.50042	2.44498	2.22023	0.418676
-4.2372	2.50216	14.6762	0.756179
3.73952	3.35771	3.47056	0.786355
3.33844	3.44967	2.81421	1.82169
2.52473	-4.12153	-0.989846	1.2023
6.35229	5.59876	6.0381	0.042167
2.66075	1.56872	1.27777	1.21593
-1.67287	1.44209	3.3168	0.101178
4.66233	0.584811	2.40862	1.68672
2.95797	3.13537	2.65704	0.213413
-1.38025	7.78221	7.50166	1.54629
4.13131	3.29463	2.07117	1.18859
1.31637	2.2348	2.70771	0.539391
4.37258	3.96025	4.35942	0.91742
2.33225	3.33032	3.1445	0.495531
1.28113	2.75394	1.89185	0.504692
2.8557	2.3816	2.35801	1.66964
5.94212	10.7742	-2.81511	0.0482931
2.86677	2.60626	1.94153	0.0214783
3.17525	3.10916	2.61804	0.0169374
5.722	-2.06239	10.1596	0.290313
-0.592188	1.56841	2.28722	1.67878
0.566095	3.22072	1.90768	0.284413
1.74234	0.0131191	4.58622	0.797035
3.05776	3.18096	2.41274	1.95863
-7.48361	9.51163	3.9769	0.597388
1.09195	1.81227	2.99188	0.968789
2.90525	2.21086	2.69896	0.660951
3.61421	2.67838	1.74472	1.72751
3.98848	0.857806	0.787716	0.355608
3.85521	1.73998	2.85322	1.28887
4.42837	-5.09701	2.06393	0.239187
9.59085	8.32788	6.67961	0.0244587
-2.65568	-0.244711	1.58563	0.134863
2.68731	2.29408	2.4586	0.370332
3.13945	2.97471	0.882039	0.499524
-3.93598	0.752692	5.83158	0.311374
3.1104	-1.9418	5.60083	1.64162
2.84506	2.86493	2.2481	1.56551
2.72654	1.90784	1.28611	1.14577
2.33185	3.03159	2.4455	0.471306
7.27331	-4.74912	8.94239	0.0135259
2.8157	2.70149	2.56482	0.102434
5.0656	3.36729	4.20775	1.43063
2.79784	1.96701	3.36548	1.53924
4.03356	4.0349	0.549279	1.6762
1.57427	2.42873	0.702546	0.452123
2.87706	2.76555	2.89703	0.696759
3.03617	2.36481	2.02192	1.25618
0.299703	0.82472	2.5951	1.59299
-2.50266	-1.09814	0.020528	1.28325
-0.377595	0.607976	2.18122	0.466394
3.14853	2.115	3.10775	1.58866
3.63643	2.72195	2.24769	0.580873
2.28164	3.05921	1.8239	0.425618
2.87865	1.07386	1.34246	0.601869
-3.84742	7.6464	-3.39137	1.95921
3.21959	2.96028	2.3823	1.54873
3.10391	2.68987	2.28069	1.85001
-0.0885026	0.480855	2.89727	0.671367
4.33743	8.36506	7.72253	0.866638
2.71858	2.52815	2.26835	0.806382
1.94575	2.69623	1.64637	1.58441
1.01181	0.795512	1.91231	0.51041
7.18811	5.9436	4.75852	0.709493
-5.83967	5.05614	9.84196	1.95338
2.46012	1.6403	2.19431	0.814447
2.11932	0.361101	2.66939	0.637829
2.78768	3.54164	1.92086	1.95037
2.80876	2.47582	2.06948	1.30218
2.84545	2.36923	2.59414	0.543881
-0.14233	-10.9005	-8.94363	0.987951
3.58785	2.58613	2.66666	0.289256
-7.13428	-0.0584533	5.26061	0.815182
-1.61318	3.32597	0.984606	1.68194
4.18891	2.78468	4.2123	0.607678
2.17833	2.42165	1.48916	0.132021
3.00053	2.70712	2.28639	0.208701
4.05773	1.59123	2.75568	1.6467
0.869111	1.16405	2.1461	0.510839
-5.22714	4.76364	5.718	0.876524
2.9262	2.41419	2.64112	1.33363
2.78214	2.5948	2.62793	1.2546
0.645945	1.20381	3.08743	1.29807
3.19569	1.85157	1.74868	1.9358
2.64335	2.24341	2.11024	1.0387
1.49618	1.89232	2.94132	0.578738
1.56589	2.9947	2.61031	0.0347444
0.399015	3.57849	-0.608363	1.93989
2.82193	2.91651	2.47503	0.0211708
-1.07464	7.17135	7.66603	0.36109
2.64794	2.49152	2.683	0.78402
3.33314	3.07557	2.19087	1.29352
1.94112	1.68298	2.52379	1.13863
2.21144	1.8554	0.0673401	0.46536
0.705818	1.55408	1.44404	1.98979
2.94883	2.33264	2.14242	1.62902
2.62447	5.34393	1.92531	1.93866
6.38442	2.97359	1.16635	1.11673
5.03357	-4.35054	-4.30197	1.6224
2.97664	2.12553	2.72434	1.0017
5.0346	2.2101	1.82462	1.24629
7.18469	-4.01728	-5.63775	0.603414
8.79065	5.82332	4.76999	1.36124
2.71714	2.63918	2.34027	1.63747
3.20743	2.65429	3.23567	1.21837
-6.71112	1.14078	5.66441	1.63043
3.59956	3.06838	2.63857	0.882941
-3.56856	8.67669	-1.04724	0.341296
-1.85189	2.12605	-5.27152	1.68264
3.03754	2.77458	2.85887	0.547275
0.936834	-1.63304	5.92405	1.13412
2.77904	2.26832	2.46969	1.12822
2.40021	2.79844	2.43151	1.10564
6.30861	4.82928	5.38185	0.0583893
2.87794	2.69509	2.95061	1.77395
7.18081	8.73737	4.5505	1.57453
1.05291	1.58732	3.36322	0.733576
2.93931	2.0669	2.57888	0.513059
4.08298	2.68044	2.4915	1.82462
6.84229	6.19411	6.65962	1.62738
4.70949	4.57991	0.676448	0.990091
-3.94795	5.07575	7.13212	0.898682
2.35071	2.73763	0.757374	1.61564
3.27518	1.8307	-0.0630823	1.66671
9.8198	7.75039	6.10027	1.49279
-3.70946	-3.97082	6.18166	0.413026
2.77197	0.919064	3.36565	0.958652
4.26879	3.09756	4.14152	0.838279
3.51161	3.62742	2.58675	0.471067
7.14439	6.83633	-0.31378	0.246148
-3.58416	8.66474	-1.04924	1.68244
2.69178	2.57976	2.45975	1.321
0.633678	0.578621	2.91759	1.48983
2.43656	1.83771	1.05928	0.301069
2.1987	2.77311	2.78848	0.544456
2.80181	2.52375	2.40082	1.82092
0.944865	2.32886	3.498	1.95296
4.34848	-7.1902	3.42621	0.954617
1.02834	-0.195619	5.3176	0.534394
-1.96598	-2.87401	-3.42677	0.612131
1.9474	3.95109	3.17464	1.1662
1.53644	3.16457	-0.856379	1.96148
3.54781	3.0203	5.32534	1.47631
2.4743	2.31747	2.48414	1.73755
2.10654	-0.28739	2.52471	1.18773
-1.21182	-4.43657	6.63767	0.955067
3.44255	7.00531	-1.97061	1.06336
1.56685	3.4307	1.95352	0.501248
5.37093	-1.46189	-1.04564	1.50284
1.69924	1.51387	2.86	1.9276
0.961119	1.5963	-3.28495	0.43446
3.88114	2.82603	3.93233	0.958715
9.17935	-2.54114	6.76478	1.5413
2.64303	2.13542	2.50387	1.70265
1.51772	1.88742	2.29667	1.83382
3.66118	3.97522	3.49227	1.3447
8.07898	5.02432	4.3825	0.00123263
-5.93391	7.28271	0.61997	0.998952
2.99446	2.65168	2.80505	0.141074
4.46573	-0.131174	-1.79911	0.324224
2.45195	1.50982	3.16438	1.22009
3.19779	2.64167	2.50132	0.603239
2.46814	5.37233	2.13307	1.67838
2.63907	1.17928	2.20945	0.349216
9.48593	1.0685	2.22497	1.91187
3.15185	2.89909	5.266	0.464637
3.14296	1.86715	2.59482	1.64589
1.06709	-0.930886	4.12367	1.4176
0.792114	2.47254	2.2555	0.48677
3.17164	3.3406	3.204	0.545224
-0.13417	1.34338	2.17375	1.37944
1.16941	2.00544	2.70217	1.07382
2.72373	2.51091	1.98961	1.29982
5.26313	-2.62418	-3.2183	1.9704
6.60463	8.30798	0.436537	0.190399
3.22977	-1.20135	-4.00065	1.0274
0.175517	1.60333	2.24275	1.61955
3.31443	2.0209	1.67451	1.05531
9.65712	7.52674	7.72564	0.430426
1.92586	3.02052	2.26591	0.752387
7.33001	10.2755	7.5161	0.600892
4.1403	-4.40367	8.1214	0.627176
4.75465	2.91272	5.06999	0.262488
0.320328	2.68449	1.72713	1.19602
2.04092	0.937075	1.26799	0.477392
2.18424	1.67878	1.97462	1.53948
-3.03338	2.41209	1.73272	1.00381
7.73139	0.696054	-2.92707	0.373357
-3.4888	-3.63361	6.5642	0.350512
3.43362	1.36027	1.82956	1.81188
-0.477515	0.988849	3.95697	1.5071
3.90221	2.70028	0.96779	0.892108
2.67013	2.46106	2.61075	1.57655
5.09174	3.68366	2.71462	1.86779
1.60247	2.63649	3.85908	1.00049
2.36693	4.51917	3.00461	0.524171
-0.34486	17.7255	-15.4407	0.0612508
2.86665	2.79904	2.92399	1.62676
2.73716	2.86747	2.50429	1.86847
2.75956	2.55742	2.67966	1.48008
0.883949	1.6752	2.15822	1.85474
-5.47432	4.20176	-2.56185	1.90192
2.90117	2.32727	2.7336	1.81871
3.56337	3.5989	2.5066	1.65812
3.16554	2.91235	2.32781	0.518004
1.93362	0.78454	3.11449	0.717563
-6.32436	-2.08954	9.18355	0.851766
0.330557	1.47896	3.10328	0.471304
1.79675	1.44144	2.24315	0.508969
2.53117	2.41318	2.06962	0.81976
2.78233	2.66043	2.61667	1.86464
2.58962	2.68801	2.70396	0.213937
2.34158	3.60252	3.47476	1.26884
2.62587	2.33229	2.01907	0.374637
0.645893	6.12849	-3.87344	1.27094
1.21304	-2.95686	0.756215	1.39574
-2.86485	6.66573	-7.85924	0.507869
1.92666	2.95009	3.02015	0.759597
1.26984	2.8826	2.14839	1.21848
2.798	2.90585	2.24027	1.14635
3.36533	3.22376	2.91769	0.223763
-3.53017	0.218091	3.38264	1.19639
3.90875	-0.277592	5.3162	0.893085
2.83004	2.52894	2.16699	0.329774
6.26824	5.01039	5.11447	0.394763
1.08894	3.85335	2.76403	0.138039
1.92235	2.22757	2.05666	1.07881
2.63266	3.43622	3.12834	1.31473
1.52861	2.21905	2.63033	1.99435
2.82855	1.62544	2.4934	0.0159914
-1.12127	-3.966	7.98288	1.34475
-1.09125	-4.85302	-1.23222	0.145543
2.09729	3.14866	2.748	1.90057
6.75644	-2.74375	1.87702	0.808807
-2.83362	-1.04607	3.75301	1.39887
6.78961	6.63606	6.51906	1.13735
4.09232	3.91863	2.71905	1.7951
2.39081	7.6609	6.65003	0.350685
1.17786	-0.139359	1.58535	1.84817
-0.335389	-2.69419	0.718545	1.3095
3.39945	2.21822	2.3947	0.559557
4.59578	4.29441	6.19514	1.70196
2.78034	2.21343	2.62404	0.827858
-1.85781	-4.13576	4.59331	0.121912
7.88803	1.7896	-0.984294	0.455506
-0.603004	1.3989	1.78253	1.39985
2.86232	1.28423	2.27754	0.366338
2.37952	2.36727	2.28531	1.7537
0.899843	-0.092375	2.97214	0.00444717
4.4864	-5.46678	-5.69794	0.778388
1.93979	1.96651	1.41809	0.306366
2.18869	-4.55384	5.20112	0.688172
3.14577	1.70963	2.77395	0.0876878
3.89343	-2.11078	-5.33908	0.521662
3.89862	3.41366	2.36007	0.323067
-2.39781	9.58616	7.29822	1.75305
1.82293	1.54559	2.17327	1.58434
5.21317	-6.62277	1.61003	1.00923
9.10301	3.32609	-6.24858	0.892784
-2.95849	-1.5777	1.03292	0.208775
5.84461	8.81498	4.07933	0.162555
3.17517	2.99271	2.39652	1.12599
4.13032	1.85135	2.51863	0.496846
6.38006	-3.309	2.1592	1.58581
-5.05692	9.52327	-2.55538	1.98747
2.14084	2.36656	2.60936	1.74242
2.6438	2.57426	2.68676	1.04227
6.12165	6.91987	-1.32973	0.145329
4.288	1.53978	1.84354	1.6153
2.80539	2.58632	2.32664	1.85106
4.82815	6.13105	5.08249	0.70038
0.790304	2.4431	2.36568	1.63202
2.98431	2.7782	2.43742	0.0764914
8.30896	2.46978	7.69646	0.491059
23.7461	9.38017	-5.51158	0.984646
1.07599	0.457417	2.37479	1.61108
3.39561	2.01198	1.78868	1.66339
5.8462	0.982739	-6.11629	0.994284
7.76421	-3.32448	-5.2131	1.87421
7.08271	3.55208	-4.03103	1.06537
1.3089	2.95104	2.56705	0.426405
2.85079	2.52682	2.43903	0.670388
2.37983	3.19938	4.13657	0.0851834
2.5751	2.8785	2.96368	1.56706
2.44741	2.51617	3.27967	0.652835
1.54487	2.50295	3.92567	1.04836
3.3551	2.43583	2.2787	1.06745
6.5534	5.4675	2.43995	0.759828
2.90716	2.45125	1.92723	1.29644
9.4345	6.00437	-0.966347	1.65035
3.9453	3.23402	2.48794	1.78966
3.10996	2.47659	2.36115	0.629746
3.04178	3.99943	2.16583	1.24478
3.83419	2.15606	2.26087	1.93935
3.33435	2.83282	2.46431	1.59412
2.25762	1.62975	1.80918	1.19906
4.73738	-3.19455	2.98487	0.649748
3.23013	2.20307	2.23221	0.198366
10.3033	6.32252	3.51419	0.491069
0.801017	-28.4938	20.8916	1.8219
-0.268544	8.02472	-3.68977	1.26399
2.8722	2.41686	2.49843	1.60458
8.80806	2.59194	-2.31858	0.220072
3.40062	2.94211	2.03198	1.76404
4.76127	2.98998	2.99015	0.736694
3.78303	3.04836	2.33498	0.461162
2.83748	2.79755	1.93215	0.216971
4.92126	3.64591	3.04045	0.199743
8.08353	-3.86624	-8.0331	1.80954
2.98901	1.9035	2.26071	1.04091
3.6631	3.4971	2.67891	0.226943
10.5982	4.6793	-5.50913	1.25826
8.04284	6.35369	3.45874	0.97172
2.41796	2.26048	0.966095	1.86818
-4.74387	8.86756	5.56433	0.120934
6.37344	4.27893	4.29552	0.9346
2.56241	2.33121	2.84085	1.69493
5.21478	2.54619	-1.52984	1.32867
7.31308	5.61832	-1.047	0.936497
-0.439679	-3.29008	1.91893	1.27169
1.22391	2.2986	3.33958	1.07001
2.9416	2.9506	2.31044	0.972836
1.53232	2.19314	2.56538	0.519565
2.2393	4.00608	2.19175	0.376931
-5.23589	8.23978	9.95614	1.65032
1.37183	1.59732	2.31962	1.1276
2.63774	1.93412	2.91172	1.48147
6.93151	5.50235	0.791184	0.032556
2.40687	1.85416	2.13336	1.56831
3.33145	2.59277	2.55049	0.734269
1.69302	1.33436	3.21936	0.211474
3.10158	3.23914	4.01645	0.248207
1.58889	1.50554	2.47443	1.26285
3.51194	3.12994	2.92825	0.2725
-3.16749	11.6702	-3.351	1.49332
-0.834074	4.2168	2.57149	1.16197
1.126	1.19167	2.41561	0.176557
2.36174	2.66444	2.22966	1.73332
-3.6004	10.0413	-2.60595	1.95568
-6.44848	8.14252	4.62937	1.77896
0.674314	0.790227	1.11886	0.661439
2.81323	2.58302	2.38778	0.39207
1.25491	10.8939	-2.72295	0.600186
3.99798	1.89928	3.15469	0.698726
5.715	7.15444	6.4878	0.708936
-3.72079	-1.06987	5.0928	0.670175
1.36497	2.27073	4.0628	0.823428
3.03259	2.55991	2.11873	0.113716
3.1735	2.71476	1.51086	1.91211
3.97458	1.95217	2.13181	0.963227
-3.6484	4.20645	10.0333	1.59203
3.0279	3.54737	1.98225	1.64057
2.52174	1.29126	2.11329	1.58185
-8.05092	-2.44691	4.08774	0.902919
2.89224	3.3527	3.56845	0.0990661
1.69198	0.628394	1.86058	0.639794
1.75503	11.1669	2.63106	1.04936
6.79713	7.65194	4.06593	1.09403
3.27494	2.25107	2.58811	0.646511
3.73428	3.47444	4.20578	0.719568
6.96624	5.73443	5.46498	1.09501
-1.05889	7.88582	1.2868	0.607178
2.436	2.86938	2.84039	1.13894
3.36769	2.95171	1.49404	0.0259267
3.78902	3.54628	8.704	0.603994
2.24558	2.76187	2.40834	0.232388
7.50012	6.32141	5.62852	1.56544
2.89684	2.31173	2.56315	1.50376
2.02094	2.63238	2.66012	1.23094
3.06323	2.0829	2.35216	0.571178
7.87869	6.24635	2.34998	0.373962
4.51018	3.10601	2.12291	1.37035
2.11271	-2.75749	-0.201059	1.00623
2.53953	2.60169	2.33468	1.22692
-0.64705	6.12351	4.07034	1.41735
3.11488	1.8613	2.26061	1.08608
3.21968	2.19042	1.55566	0.803659
1.80513	1.68601	3.33714	0.437515
2.42772	2.2121	2.59902	0.162883
2.84466	2.41426	2.23288	0.393318
2.04417	2.50052	2.29406	1.24959
-1.37378	7.80677	7.64009	1.2364
2.44917	3.32978	3.63917	0.0391743
3.59714	3.05152	1.63133	0.0100449
2.90634	2.81853	2.81402	1.21128
0.317179	6.08963	-0.966639	0.296899
-1.40821	7.29269	7.12294	1.84732
-7.48705	1.04679	7.04164	0.358184
-5.97813	-3.31571	-3.13603	0.680538
7.77792	5.89315	4.93654	1.03402
2.67305	3.15547	3.30191	1.69941
6.10644	4.63109	-1.39867	1.24027
3.81046	3.07315	2.1623	1.23812
2.07327	0.71937	1.79843	1.9852
7.46164	-0.604457	-0.916111	0.232273
-0.970951	1.52876	10.4259	1.4884
-8.09049	6.34043	9.84433	1.99168
7.54127	7.85885	8.09834	1.63568
4.32116	-0.346626	-0.341008	0.8021
8.15292	-3.30651	3.82394	1.93804
-0.0558113	4.94653	-1.80719	0.279401
4.75982	5.11815	5.2019	1.1549
8.61909	0.198944	-2.46744	0.693781
11.7928	-5.34186	5.55502	1.8836
8.22652	8.56776	0.767829	0.45838
2.57306	1.96447	2.53744	1.09357
0.0783074	0.589438	1.26703	1.29719
1.0996	1.64534	2.99781	0.0413927
8.76495	8.91602	7.98868	1.02623
3.11755	4.83499	3.52433	1.82854
1.92813	-3.44437	6.56136	0.85278
2.9906	3.80007	0.802136	1.7218
-1.29982	-0.0100597	2.88349	1.49264
1.23107	1.9257	3.10634	0.512495
-5.88004	6.90219	-3.76149	0.177076
5.85853	5.19785	4.29245	0.851864
3.91942	3.10053	3.78778	0.578894
4.08211	1.32027	0.560167	1.80717
4.46768	-0.842097	3.95515	1.17345
1.96322	1.64811	2.8581	0.6899
0.71328	9.64845	5.91144	1.52063
-0.364106	7.64754	-1.70224	1.05305
3.74192	2.68876	1.27127	1.67054
3.36873	3.14367	2.43019	0.344058
-0.970414	7.8197	3.26284	1.11251
2.47208	3.12003	2.44111	0.0872308
5.83716	4.21683	6.51692	1.89441
-3.74825	-0.722153	2.30899	0.983947
2.58272	2.18821	2.29647	0.581027
2.00436	1.79387	0.240153	0.786229
4.62274	3.74325	5.04071	1.26824
1.33334	4.96606	1.78441	0.300645
1.40077	2.72969	1.82441	1.83937
-3.12883	7.41361	-1.20962	0.125779
-6.37559	5.53188	6.54083	0.888413
3.20163	3.11264	2.43741	0.574583
1.02987	2.46906	3.27978	0.906946
1.69982	2.34453	3.15735	1.29513
3.03193	2.65438	2.41044	1.96667
2.85958	1.33601	1.44243	0.508763
2.70306	2.12128	1.92128	0.576555
7.28239	7.53001	5.80559	1.92576
-3.75294	7.82412	3.55874	0.805231
2.96522	2.18067	2.45787	0.698358
3.65046	4.49466	2.61697	1.9781
3.16452	2.05157	2.45591	0.978991
8.17169	6.99829	0.0867383	0.577524
3.89738	2.90929	2.14284	0.723195
2.04531	2.46267	3.10823	0.906757
-8.17942	6.33322	9.84978	1.17116
1.83622	0.509124	2.86636	0.0516172
-3.96191	-6.66544	4.44526	1.3967
1.34384	1.96701	0.0252805	1.21674
1.96114	2.44206	1.97856	1.10218
1.34367	2.09999	3.03917	0.496909
2.68632	2.71738	1.92211	1.24782
7.20133	6.31614	5.6775	1.90955
4.46079	-0.96756	4.99948	1.24654
0.99574	1.83752	3.03218	0.967019
8.6832	3.07542	5.75078	0.304927
2.94331	3.17216	2.70063	0.0571682
2.30391	2.13031	3.70038	0.871175
2.94713	2.30339	2.65031	1.21315
2.65804	2.19026	2.48198	1.80544
2.28048	1.68408	1.44777	1.62998
1.56315	1.74916	2.68338	0.236435
0.422221	1.89537	2.92902	0.266094
6.46067	-2.58488	5.81744	0.626219
-0.236704	0.625367	3.22778	1.69223
-4.26583	2.96082	6.19143	0.66885
8.93402	-3.79929	-4.898	0.286803
7.68594	6.33377	5.6811	1.62772
2.06479	3.88537	3.57582	0.561156
2.60636	2.54441	2.00452	0.455714
6.14195	6.46351	6.18652	0.531696
1.32329	2.05718	2.18764	0.8739
0.976174	3.32751	2.65012	1.19559
-3.61848	-2.84886	3.89012	0.365807
2.98522	2.90626	3.35048	1.58069
3.09153	2.72181	2.8314	1.04791
-0.479612	0.884792	2.11322	1.15499
3.23516	2.80142	3.18662	0.909197
2.4085	2.12438	2.49586	1.97592
2.31372	3.0782	2.73176	1.01086
3.98832	-4.86392	2.10457	0.124146
10.9515	3.46876	6.2936	1.60648
2.88824	2.76292	2.79876	1.90672
-0.667826	5.78013	-1.78484	0.439486
2.98527	2.68963	2.39225	1.46198
3.54717	3.3568	2.67029	1.37805
2.36588	2.463	2.50867	1.16305
8.02076	7.42812	6.17836	0.850993
2.75948	2.2399	1.83716	0.165196
2.9577	2.93791	2.28441	0.268563
3.41275	3.58745	3.35101	0.49507
0.664681	1.0963	2.05118	0.216101
1.49382	3.11838	1.56433	0.663939
-3.68927	5.12774	5.3887	1.27193
2.66207	3.47433	3.53166	0.272214
4.97249	1.17763	17.2554	1.21946
2.36758	3.9488	2.07623	1.4405
5.43155	2.70915	1.72366	0.171098
3.67557	-0.264039	7.32932	1.46962
2.13553	3.12838	2.50252	0.707837
2.98926	2.58507	2.46112	1.86399
3.37732	1.0857	1.36896	1.27439
1.55569	1.28892	1.47369	0.409443
3.71951	2.58195	1.64505	1.16904
2.56006	3.02179	2.67509	0.331599
7.17992	9.53169	9.34545	0.285074
2.70391	2.55729	2.85984	1.2172
3.78856	2.61748	2.68295	0.89935
2.56031	2.10961	2.75657	0.217266
8.84983	3.75874	-3.35508	1.52028
3.85457	2.13431	1.04584	1.64993
-0.0127916	3.34595	2.4414	0.476236
2.35354	2.26129	2.94965	0.742065
2.78303	2.64302	2.63585	1.95008
2.99846	2.53117	2.65268	1.24899
7.39906	8.12309	4.53031	1.02644
1.81364	2.31782	2.87482	1.09969
2.11814	3.79875	0.213963	0.281069
-0.180949	6.16864	-0.234333	1.48171
10.0837	5.52253	0.738325	0.680504
6.55904	12.2836	0.552599	1.92564
6.89905	8.13791	1.82985	0.555707
7.64652	-5.92914	-17.1284	1.45378
5.87322	-6.1386	8.34799	0.524436
4.13587	4.07038	2.42725	1.67563
11.7929	7.84794	2.36114	0.232929
11.812	-2.16723	0.544331	0.90213
3.62842	2.35188	1.40097	0.816187
3.25157	3.94088	0.38433	0.514668
4.37891	2.56294	3.13655	0.686451
7.94139	2.60722	5.95969	1.79586
-3.06889	0.212627	3.0372	1.6928
9.00051	3.30593	-6.69222	0.803674
3.1075	3.17875	2.21951	0.982337
1.54842	2.06491	2.80588	1.8505
2.89711	2.42002	1.7764	0.862177
2.68366	4.14874	4.20835	1.92722
6.52863	6.08317	6.05052	1.68661
2.41191	1.76909	1.65498	0.150388
-2.22175	-0.215496	0.124932	1.71872
-2.56861	-4.1022	7.93704	1.93574
2.97857	2.27977	2.34883	1.74956
2.08341	2.89337	1.84653	0.734056
3.11037	3.34173	6.30748	0.741951
3.15787	2.86486	2.32167	1.70133
2.54104	2.6889	2.87183	0.742585
2.22224	3.16313	2.69802	1.41108
3.14473	2.88159	3.01218	0.420404
-1.85073	-3.31959	9.72562	0.484521
2.23885	0.391056	0.759325	1.52143
4.30245	-4.55458	7.82	0.346415
5.7663	-3.91762	-2.44612	1.77616
3.56597	1.30478	2.16362	0.24509
1.66447	1.67988	2.41098	1.07711
-6.97863	-0.000828408	5.30261	0.409038
2.76242	2.1364	2.73788	0.564591
3.21679	0.880076	2.44688	0.481366
6.02396	-1.37157	2.83991	0.536578
-0.516195	-0.133304	3.61995	1.21823
9.01364	-2.44795	-3.38511	0.934789
1.99813	3.2575	1.41882	0.769266
-3.76809	6.32891	-2.78861	1.07314
3.67626	1.00713	0.851891	0.665011
3.24595	2.80082	3.78413	1.22271
0.958976	10.0352	-0.340461	1.95702
4.1099	2.76867	1.92652	0.679246
1.1555	-3.86025	3.03711	0.0751479
2.60152	2.55507	2.81521	1.07684
-7.90123	7.66875	-4.17382	0.701054
6.90912	-2.68114	0.879834	0.405571
2.80436	1.90883	1.72627	1.97958
3.44988	2.96903	3.84763	1.06522
2.56518	2.83128	2.47747	0.140805
1.18122	1.8065	3.35136	0.578394
0.117154	1.63843	2.62656	0.24038
2.53321	2.65997	2.6099	0.973154
2.775	1.11117	1.50359	0.210663
2.81177	2.70253	2.5866	0.882856
-2.15042	1.08257	2.71151	0.272792
-5.11652	4.22368	2.58215	0.565898
-3.5105	-0.447846	2.57574	1.58433
0.0356573	-5.38461	3.24955	0.768512
3.16868	3.40768	2.89484	1.85369
7.99803	8.75452	8.41359	0.333036
-2.72563	8.37871	7.39558	0.345271
2.7741	2.57853	2.42733	0.654244
3.02611	1.95673	2.38438	0.83375
2.18011	2.1648	2.19642	1.12637
9.62191	2.96033	2.87625	0.501374
3.00203	2.57673	2.33786	1.87739
1.34504	4.13583	1.23613	0.169426
2.71121	4.0706	4.99048	0.0943483
2.6696	3.07544	2.55137	1.00843
5.15365	-4.18806	-7.33516	1.05285
-1.05154	7.93185	-2.02396	1.91359
1.16859	2.07043	2.96995	1.48004
-2.53527	-0.395985	1.2693	1.0257
2.36701	2.63187	2.45025	0.313752
0.771927	0.609368	1.72475	0.134978
0.661325	2.03552	2.69234	0.251056
3.68163	2.47475	2.4805	0.237897
1.95537	2.57891	0.930037	0.0949976
1.53038	1.63695	3.60071	0.36662
4.17704	-2.757	3.18296	1.85617
2.6299	2.997	2.37367	1.42325
7.30055	1.14374	0.501205	0.60947
3.4736	4.31793	4.46776	1.6112
2.40426	2.14106	2.14891	1.23762
2.72254	2.17178	2.44793	1.97941
8.27755	11.0018	4.35055	1.55577
-2.08518	5.0494	-2.98317	0.407178
2.68025	1.28906	4.26325	1.93071
3.54957	2.86547	2.20937	0.676521
5.50866	1.6356	2.34575	1.34929
2.08193	1.70174	2.42327	0.516977
2.83467	2.5318	2.8311	0.646935
3.44967	4.41145	3.18322	1.9884
2.11888	9.79531	-1.06706	1.93998
2.70667	1.10026	0.908086	1.91528
1.53685	2.07553	2.54723	0.832739
2.86241	2.22889	2.47067	0.685901
7.44247	8.4199	4.77755	1.60209
2.76102	1.98353	2.78083	1.8299
-4.98708	3.03255	9.82358	1.76294
3.11326	2.30595	1.60922	1.10016
2.98501	2.7593	2.65214	0.587697
2.81519	2.39597	2.59005	1.99766
2.61888	2.7742	2.21893	1.75354
1.2373	2.83519	2.75281	1.83987
-4.0585	4.8463	-2.47089	1.9606
3.14423	2.80455	2.5599	1.28876
2.8742	3.03134	2.60447	0.538466
4.43494	2.92849	2.59657	1.17448
10.8568	8.61291	-3.92218	0.860587
6.7488	5.23792	5.55573	0.0638905
7.29702	-6.89562	-3.62245	0.163056
2.77386	6.24428	2.6851	1.16321
2.67686	2.48935	2.68725	0.201824
2.87313	2.38987	2.21929	0.440577
4.11089	2.14339	1.95122	0.552188
3.01465	2.68511	2.81684	1.44384
3.55711	3.3786	1.88899	1.36253
2.608	2.34321	2.59054	0.368111
1.50789	1.87124	1.99168	0.879622
3.91999	4.17479	2.93744	0.232225
3.34299	3.34742	2.38392	0.984858
2.68982	-2.99966	-7.8612	1.26261
6.68218	5.73777	5.95923	1.81222
2.65755	2.17429	2.39919	0.318602
4.65164	3.99896	1.05281	0.78429
2.99597	2.78943	2.61502	1.57449
3.532	-5.33947	3.36334	1.85212
7.04435	9.30696	7.45728	0.196619
2.99914	2.22053	2.63333	1.74455
0.193861	1.74987	3.1129	0.90994
2.13468	2.24886	2.41104	0.0335407
9.87933	2.12312	4.32204	1.39373
-4.32024	8.25031	6.73742	0.261901
3.37452	1.94062	2.32968	1.49222
2.71475	2.3609	2.47143	1.23164
2.88598	2.04294	2.48036	0.451048
3.7714	3.39899	3.4968	0.390111
3.22091	2.88067	2.61738	0.228041
3.29002	3.02475	6.60405	0.388145
6.37379	6.64036	-3.47838	1.53917
3.56584	3.6124	2.52009	1.78782
1.98937	2.64283	2.33235	0.304303
2.37109	2.6986	2.81351	0.715436
1.05759	2.09881	3.1142	0.000160766
0.183872	3.17944	2.4544	0.790604
3.97371	4.23051	5.15842	0.589553
2.90573	2.60584	1.71337	1.71298
3.16466	1.58831	2.36356	0.540948
3.62189	0.973445	2.51896	0.0097814
2.43993	4.3447	2.60964	0.618684
3.29427	2.13356	2.05814	0.28628
4.64603	1.95042	2.71426	0.388195
2.81777	2.02481	2.90329	0.427517
6.63466	4.72664	8.38538	0.0795727
-0.716024	1.78996	2.21576	1.37162
3.45861	3.7955	4.64909	1.47381
-0.155275	2.41658	3.13657	0.788655
0.521654	-0.45229	-3.56012	0.0833556
3.2461	1.93162	1.94347	0.461948
-1.39493	7.79148	7.70082	1.10475
-6.0523	2.56879	-3.67104	1.69982
2.14439	8.03952	1.55835	1.70406
3.09719	3.14791	1.91401	1.29844
2.01971	1.63506	2.46535	0.71462
-0.7149	3.9529	0.599599	1.07974
2.64955	3.28325	4.29667	1.70122
5.00896	3.57459	1.96448	0.894138
2.10248	2.76291	2.37608	1.52159
4.98322	-1.79675	-0.211597	1.26864
3.35562	1.20224	2.79561	0.624582
7.91448	6.58686	-1.20276	1.18944
3.2115	3.39411	4.07478	0.266196
3.91739	2.85828	2.74481	1.00462
3.95177	4.2058	3.38153	1.97002
4.4074	3.38498	3.40942	0.230556
3.15584	2.76621	2.27765	0.924567
5.57716	5.43479	4.28138	0.474673
2.16629	3.37941	2.76484	0.547154
2.52225	3.15714	0.626574	0.250875
1.6478	0.73278	2.03043	0.668665
2.64394	1.66518	2.01211	1.36594
-5.66161	4.25223	-1.06298	0.413776
-3.11514	-0.966576	2.95598	1.13046
-5.58925	6.51745	1.09443	1.45736
-2.46527	4.45639	1.21301	1.34443
2.48146	2.66942	3.27736	0.628384
3.77364	-2.99867	3.6581	1.77112
-0.552837	2.63755	1.63798	0.31682
-0.669008	3.0181	0.570091	1.63136
4.86922	4.93329	4.16591	1.74034
3.24607	1.25864	2.68499	0.282004
2.23061	1.48897	3.59578	0.455996
4.08396	3.85465	3.26007	0.588172
3.15767	2.24093	2.34378	0.756245
-2.9794	4.14482	12.8565	0.589031
2.8402	2.22222	2.74103	0.751474
2.58328	0.66658	1.40357	1.57243
4.1993	2.39741	2.83879	0.826162
3.5316	2.75977	1.24831	0.203374
1.64794	2.60917	2.8612	0.283443
2.3006	2.69295	0.643612	1.2216
7.43793	7.06428	-1.80701	1.47202
7.28436	10.2419	7.55484	1.67613
2.52492	2.69455	1.8477	0.552578
2.61217	3.34946	2.5618	1.16283
2.47371	1.7625	2.96772	0.355824
3.67386	2.64956	2.90576	0.730735
2.64967	2.30748	2.28698	0.463612
-3.01086	-0.956084	-2.15864	1.83019
0.474782	-3.12405	-4.31354	0.157947
2.92302	-0.901988	2.25703	1.64063
7.29566	6.67972	5.67389	1.88566
2.47802	2.2551	2.66368	0.310507
2.42548	2.0182	2.03287	1.37733
6.3233	6.57687	5.09213	0.0793288
3.13518	2.50683	2.17516	0.122467
3.02689	11.8284	0.0828746	0.981996
3.1558	3.15329	2.06493	0.0594915
1.34629	1.99868	3.18372	0.948263
1.22218	3.13066	3.86911	0.307808
4.10096	-4.59852	7.58422	1.96753
3.54338	3.53811	1.58567	1.05453
2.71725	2.0027	1.95827	0.954272
2.03815	2.52569	2.76981	1.5832
3.98031	2.73867	2.44579	1.79617
7.31841	-2.14023	-3.66663	0.902367
1.70872	0.539353	2.96948	1.91485
2.66812	2.51632	2.67677	1.66066
5.73538	2.78226	1.16862	1.48685
4.76228	2.93322	5.1607	0.635795
4.5865	1.05054	0.302743	1.00114
1.29512	1.9617	2.97799	1.25698
2.54776	2.65897	1.9949	1.98046
2.93046	2.3112	2.66725	1.53382
7.59543	7.75293	-3.69088	1.91371
-5.50676	-2.94458	-2.77913	1.98496
4.15113	2.53611	3.23179	0.63793
6.25852	3.20108	3.68307	0.601592
2.39843	1.87884	3.29147	1.04044
3.49667	2.49422	1.9006	1.2268
2.75483	2.42333	2.47418	0.191253
8.45792	7.75358	-2.14841	0.723984
2.59976	2.55218	2.27163	0.241534
9.49631	5.94235	4.57458	1.35739
-2.62515	-0.852773	3.30176	1.59026
3.03495	2.71562	2.32964	1.3999
6.57752	-4.27895	7.90154	1.66343
2.49461	3.69622	2.75782	1.31823
5.09132	0.445967	-2.28538	0.347725
-0.190822	2.51033	2.77661	1.01109
3.91559	3.16332	2.37527	1.25339
3.69383	2.78575	1.79705	1.33613
2.998	3.38805	2.56061	0.888912
0.686222	1.8126	2.48372	0.00797862
3.24625	3.28534	2.29643	0.894474
4.24785	2.65595	1.69708	1.55526
6.80052	-2.79961	-7.61685	0.846683
1.87714	3.05004	3.62141	1.36506
2.52886	2.26146	2.1456	0.605584
3.53821	2.38496	2.50916	1.76694
2.90233	2.44579	2.20194	1.71047
1.05247	7.67542	0.0782376	0.899175
-3.81994	-3.33209	3.58146	1.14074
-4.8698	1.91113	6.69693	0.610626
2.73996	2.5205	2.64148	0.685305
3.07522	1.2445	2.1045	0.257784
1.59851	4.06924	3.54161	1.01499
12.7031	11.2285	-21.2253	1.73338
3.40112	2.4944	1.70649	1.65953
3.23497	2.04843	1.85369	0.0562572
2.60614	2.54548	2.79338	0.503665
4.21527	1.13869	3.20989	0.0872571
3.17183	3.87536	2.65684	0.0656741
3.50691	2.4427	1.62086	0.312154
3.91034	4.24507	1.71007	1.38979
-5.7889	6.8602	-0.59941	1.66509
2.96253	3.57297	4.61574	1.92928
-0.929414	1.32765	3.22975	0.281483
2.01473	2.26539	2.10303	0.594372
4.66336	1.57067	3.90251	1.56753
2.64178	2.73518	2.45088	0.35772
4.25742	0.541234	10.2615	1.76887
3.30956	1.85552	3.63335	1.13539
1.52346	7.00832	6.67793	1.65292
10.3297	4.43893	-2.0621	0.578171
3.30055	-2.57746	4.05737	0.244069
1.81484	3.44738	4.06036	1.8258
3.82521	2.22063	2.03291	0.0152801
4.7269	-0.659527	1.29169	1.25138
2.46296	2.99102	2.32772	0.12667
3.08641	2.76324	2.26128	1.14597
1.66285	2.33949	2.75012	1.30959
9.63315	9.57848	1.46355	0.196032
2.91007	3.27659	1.85487	0.699079
1.98076	2.75322	2.61216	1.93646
7.3104	-1.08694	-1.05945	1.77288
1.44615	1.84225	2.68283	1.92791
-5.51034	5.052	6.15439	0.407499
2.14977	2.80754	2.11302	0.684145
0.969578	13.6462	0.528012	1.56681
8.4548	3.98453	2.2713	0.682265
2.5861	2.15795	2.53194	1.02112
2.97528	2.13847	2.37709	0.280101
2.67586	3.0597	2.31765	0.769149
0.773992	1.6396	1.96852	0.601652
2.90108	2.7761	2.20447	1.34514
9.35375	10.5466	6.36304	1.44747
2.29852	1.44134	1.76942	1.64843
2.82748	2.78152	2.56352	0.533412
3.35244	3.52439	2.06341	0.461556
-4.48195	3.21596	5.37971	1.44268
3.32448	3.39789	2.03178	0.655452
3.09342	3.68135	2.41382	0.9936
3.235	2.98708	2.19764	1.72882
2.73411	1.89248	2.62361	1.74386
1.89877	5.39223	3.23532	0.29556
2.97304	2.746	2.49342	1.94776
2.71094	2.31204	2.3417	1.05329
3.02725	2.85713	2.79656	0.317014
3.62206	2.76385	1.88689	1.81748
0.344186	0.0534504	9.09204	1.27723
2.74666	2.92839	2.4484	1.32471
-3.26597	0.863678	-4.64457	1.9089
8.94517	11.6125	7.22525	1.3406
2.64262	2.23147	2.76254	1.61888
2.36869	2.62227	2.41396	0.31254
2.7315	2.43116	2.51748	0.79427
0.233148	2.04267	0.208975	1.49264
2.80779	2.29797	2.71896	0.327419
6.27198	-2.59773	-4.47862	0.0904908
