2.80548	2.63349	2.32846	200
3.03701	2.67875	2.14741	1.59688
4.97928	4.98995	5.9183	1.53646
2.68811	3.50826	2.27483	1.25774
2.67911	4.0219	2.3711	1.83239
3.01182	2.3352	2.12615	1.21394
11.0241	12.3696	6.87165	1.60835
5.8361	5.60135	4.3615	0.217618
-1.20359	7.54365	7.63237	1.67822
1.30084	1.90238	0.46185	1.04857
2.64667	2.43963	2.50528	1.54272
3.73898	3.39264	1.79785	1.78306
4.20027	2.32245	1.59683	1.83805
6.3522	-3.60445	-5.9104	0.172112
3.32587	2.58078	2.77132	0.697786
3.45693	31.4917	0.303787	0.126192
13.1437	-3.40035	-1.81662	1.70184
3.10345	5.10109	2.42724	1.5205
3.15187	2.67659	2.72065	0.0785607
12.0803	-2.01052	1.54199	1.4419
-1.20439	2.30236	4.09123	0.708097
2.80091	2.8011	2.63141	1.76015
5.50007	3.80967	4.20454	1.78674
1.9414	2.3224	2.3466	1.17728
4.47642	2.16891	0.407949	1.84794
2.53506	2.55051	2.29163	1.82194
1.5441	1.50795	1.91968	1.84026
2.84908	3.54356	4.25125	0.863907
2.61482	2.88435	2.29465	0.614916
3.35283	3.52183	2.7398	0.552469
2.5671	1.90077	2.25578	1.81361
3.83044	7.19809	6.12339	1.52095
1.03045	0.492923	-3.09384	0.766377
2.35928	1.77834	1.70885	0.464523
-1.5074	-0.368946	2.83751	1.4643
3.84238	-4.39522	3.32998	1.49014
8.9588	-4.56864	6.7754	1.04313
3.02622	-0.993362	0.807212	1.46531
-2.66513	-3.30798	-1.39086	1.51947
4.29458	5.17955	7.71476	0.156464
7.22078	5.88275	5.29435	1.63935
4.17884	2.9331	4.52335	0.315614
-2.39646	12.0469	-3.54836	0.250937
-2.91108	9.0129	-3.97974	0.144658
1.63754	0.61383	-10.271	0.360745
4.27993	2.31958	2.23451	1.63939
2.89115	2.82065	1.73868	0.905152
2.80682	3.18918	2.49839	1.51459
2.55911	2.151	1.69506	1.75523
-0.734891	-4.45444	1.66007	1.49561
-4.22542	-1.80027	-3.11248	1.66208
1.19852	-3.61149	0.383893	1.96719
-0.933979	6.8587	-3.03712	1.66002
3.22912	3.2765	2.27434	0.496088
1.24771	2.35616	2.57177	0.633734
11.6063	10.0843	4.24114	1.26614
3.01697	2.62392	1.83385	1.94293
2.59714	0.55471	-0.821781	0.226561
3.79472	1.46441	2.5755	0.901835
3.22711	2.80562	3.50367	0.00646292
3.62093	0.981803	2.00854	0.467783
2.57182	2.45709	1.94324	0.609911
2.94191	1.78474	1.71645	0.0817286
3.10742	3.24873	2.35323	1.27528
4.95564	3.08721	1.27248	1.25432
-1.73518	9.50925	-2.27584	0.404426
-1.31944	5.55346	2.19063	0.514531
-4.97113	-2.43062	3.8887	1.75477
3.38275	4.2234	2.5388	0.723202
1.80359	2.39678	2.82785	0.577556
8.25992	2.55313	5.69446	0.379502
-1.6147	4.34921	-2.43675	0.662958
1.77964	2.77078	1.95499	1.83786
0.698361	2.26892	2.86411	1.37157
3.62761	3.67939	1.45665	1.83255
2.86281	0.902585	0.312909	1.09608
9.34105	0.465182	-1.39126	1.74796
5.24816	8.13284	-3.03107	0.547822
-2.17925	2.82808	4.29802	1.69788
5.77585	5.54014	4.7258	1.36836
2.85396	2.73941	2.10192	0.984843
1.40958	1.14868	3.19554	0.443931
1.87647	1.16007	1.84688	0.720885
12.6323	-1.78326	2.1342	1.24419
2.51135	2.84469	2.0739	0.669943
1.71492	2.20119	0.493034	0.517812
12.5917	7.02215	5.06649	1.29441
2.06691	3.08083	0.417677	0.182297
1.52868	2.44933	2.60051	0.530923
3.2464	2.35857	2.23128	0.314544
3.35484	2.94774	3.27627	0.415687
3.34723	2.11244	2.0109	0.788777
3.41121	1.1445	2.63751	1.27731
2.54761	1.40566	4.63224	0.272149
6.70262	3.36875	1.78595	1.54877
13.6901	3.49694	2.67056	1.44201
7.4583	-4.27809	2.35994	1.41582
2.07609	2.23999	2.13081	0.187839
1.42644	1.51202	0.257141	1.31424
-7.3328	5.01311	6.31734	0.106845
2.50089	2.30954	2.18106	0.88512
2.55979	2.58098	2.07432	1.0598
1.52233	3.35156	4.10267	1.77745
7.7819	2.50456	6.40928	1.05149
2.17022	1.22807	4.04972	1.65962
0.908129	4.93012	-2.86215	0.339299
0.668007	11.2668	8.40705	0.581657
2.48614	3.84453	2.61356	1.62982
-1.54561	0.562809	-1.14459	1.55651
5.66544	4.06361	2.7098	0.442019
10.909	1.13753	6.06717	1.34921
3.42464	2.84686	2.31251	0.802375
2.5031	2.91869	2.7657	0.771496
2.94289	3.12878	2.54751	0.0291587
3.30061	2.53698	2.33266	1.47482
1.33815	2.63091	2.63442	1.83918
6.39804	6.38608	6.65555	0.623901
2.82168	2.84789	2.24262	1.68782
2.81772	3.18689	1.24097	0.801418
2.29169	1.55132	2.01614	1.35562
7.35564	8.38413	6.54744	1.37144
2.8315	2.65523	2.92167	1.13566
7.92364	7.75156	6.88084	0.523141
6.82787	5.92854	2.77873	0.682709
3.18603	2.55248	3.27587	0.626459
1.68612	-0.0850981	0.892672	1.00692
-5.42702	-8.14727	1.28067	0.382223
3.32126	1.68273	3.10945	1.09479
2.05182	3.47003	2.39956	1.85315
5.30466	4.767	4.03295	1.10514
-1.2268	-6.42644	-6.66447	1.18899
-3.33965	3.10859	2.70997	0.649083
2.67267	2.14457	2.08422	1.51865
-1.80835	-2.12569	6.24627	1.20876
2.78527	2.38634	2.76082	1.73017
2.2594	2.14523	2.37064	1.22396
-1.64862	6.73421	2.20002	0.296684
-2.74956	3.89857	-0.0440287	1.0363
0.515959	1.90654	2.86196	0.97962
-6.34613	4.87257	-3.24812	0.769317
4.42795	3.18171	1.94981	0.826156
3.24928	3.07534	4.31348	1.43519
2.86528	2.8359	2.77688	0.893485
5.4764	-3.32397	5.67466	0.148521
0.812642	2.03108	3.37106	0.439576
0.941405	2.10381	2.65824	0.925704
2.75662	3.64641	2.25325	1.89782
2.58848	2.55156	2.09495	1.07349
1.55875	2.49557	2.23039	0.932337
-4.26749	-0.792532	11.294	0.916078
-6.73892	-5.39372	1.02915	0.515171
-3.98515	4.68502	7.0646	0.804758
2.89204	2.99131	2.55293	0.382055
2.89392	2.52842	2.48078	1.83305
2.86066	2.56266	1.97277	0.219555
2.709	3.09778	2.45797	1.18538
-4.60521	-4.83675	1.69184	1.12174
5.56501	5.35876	2.09135	0.687683
6.19923	-3.11236	-4.97576	1.54137
-6.88307	-1.50047	7.37367	0.895963
1.46617	4.17127	1.02246	1.93136
6.13313	5.86861	4.96061	0.732056
3.28186	2.66021	1.92479	0.545974
-7.35029	5.28192	-8.29047	1.24639
2.65529	2.67222	2.96748	0.564568
4.99512	3.4372	-0.584263	0.352478
12.4555	10.9259	3.39076	0.0277325
7.32628	6.8432	8.29487	1.29709
1.4778	4.39765	-1.98223	0.141114
2.73992	2.84381	2.46839	0.586355
3.0492	2.42166	2.26034	0.381418
2.65414	2.23232	2.33361	1.50677
9.992	-6.03077	6.61497	1.0471
1.3187	1.74789	2.20986	0.655232
-2.67402	-0.472967	3.68742	0.100336
3.0618	3.16246	1.97673	1.36384
1.32842	2.09969	3.14007	0.595866
4.73699	2.25322	3.10592	0.106879
7.83195	9.50551	12.4905	0.272341
-6.50347	4.31402	-2.97539	1.891
10.4155	-3.47546	-4.74661	0.513938
4.33138	3.4	2.3535	0.952709
2.54726	3.00314	2.33331	1.1645
5.03249	3.39337	2.15198	1.26717
-4.47917	8.49128	-3.58031	0.695092
2.93386	3.14176	2.77564	0.614337
2.43339	1.94622	2.33758	0.538045
2.72812	2.0466	2.06588	1.51842
6.36421	-1.86813	2.64698	1.69025
2.46006	1.8854	2.2894	1.33592
3.71773	5.03411	3.43621	0.512456
3.57716	2.42375	2.27313	1.22282
-0.650145	3.39994	1.87146	1.47349
0.787652	1.46689	-0.0923208	0.0477264
1.29361	2.71189	2.58448	1.41652
2.87092	2.49991	2.42564	0.156516
4.58014	3.41566	4.2416	0.0867894
4.90834	4.18147	0.334769	1.22248
1.98796	-6.56272	-4.4716	0.332188
0.821274	1.7566	3.44877	0.0139602
2.89038	2.41713	2.58931	1.84514
5.8778	-8.8506	2.46264	0.202961
1.83989	2.04962	3.00858	0.190086
4.96116	3.14573	2.61003	1.87543
-3.64826	8.04709	-1.48023	1.69055
2.5294	2.99675	2.17925	0.868796
1.23396	2.74016	1.28709	0.259952
9.26871	10.6545	4.92442	1.31976
1.14292	0.0702448	-9.01045	0.421726
2.23873	2.76225	2.42272	1.88644
-10.487	5.78015	5.46352	1.02987
0.752284	1.2606	3.06367	0.320324
1.74827	2.56212	2.75095	1.29957
8.07357	8.47882	4.30126	1.5605
-3.54903	-3.17094	1.41965	1.73439
9.74907	9.66219	10.556	0.354266
2.15324	2.86317	1.68655	1.19238
2.66346	2.29419	2.52101	0.81323
-2.03569	2.316	0.220077	0.443452
-4.45456	10.2054	11.6277	0.194981
3.2966	2.27181	1.95306	1.86836
1.77085	1.00861	2.30972	1.27041
3.12824	2.5156	2.28666	1.15763
-3.70757	2.17942	-1.70136	1.19941
8.25686	7.23919	6.58022	1.55482
3.38243	2.88299	2.43442	1.33341
9.17031	9.03794	-2.07474	0.204467
-0.318979	0.352277	2.51655	0.575473
0.580471	2.64025	4.57056	1.01383
-5.41959	1.2694	5.80657	0.589203
2.33021	2.20288	1.84009	0.465696
2.95754	2.43062	1.47562	1.62599
3.72403	4.03304	2.37095	1.23516
2.68366	2.34084	1.76131	0.153507
1.47877	2.15323	2.83354	0.719572
2.54154	2.18376	2.61494	0.201371
2.14179	3.26864	2.97252	0.208348
2.99406	2.09694	2.79922	0.733593
3.49001	9.10744	10.5776	0.13647
3.56642	0.157226	3.10833	1.3497
2.53396	2.08427	1.76588	0.448831
3.17943	2.51776	2.51561	0.25216
2.33125	4.50265	1.57476	0.384972
-2.5976	-0.619601	3.1634	0.369155
7.36337	-2.80806	11.3058	1.61723
2.56793	2.60563	2.27683	0.0894589
-6.55737	-2.62645	8.77297	1.72253
8.73394	4.11562	-4.9616	1.33582
3.01302	3.06665	2.59813	1.42381
2.45963	2.57044	2.09648	0.309421
-0.355767	3.19416	2.05956	1.06503
2.16013	2.9856	2.33419	0.920135
-4.42401	-0.904282	1.92139	0.383261
1.26723	5.17389	1.57794	1.30617
4.25676	2.12371	2.08941	0.852823
11.263	7.76986	5.13924	1.61871
0.951535	6.01708	4.25379	0.56856
-0.577733	3.33401	2.09226	1.70757
3.09325	3.15785	1.83643	0.280676
1.01282	2.28975	3.01607	1.93539
2.55588	2.67194	2.27406	1.60521
2.61939	2.33749	2.67989	1.06468
-5.28916	1.22048	-1.45977	0.177057
5.48607	5.42405	-0.660484	1.79904
7.32231	5.25877	5.27385	0.439707
4.73596	1.76966	1.14514	0.922978
2.85422	2.28108	1.91176	1.67107
2.8351	2.52046	2.48691	1.34512
7.48298	-3.47704	-6.28651	0.769018
11.1259	2.06538	2.39863	0.206487
-4.08276	-1.41433	4.58944	1.84281
-2.15717	8.70823	-9.10143	1.93679
-2.69105	0.0509237	2.55459	0.574379
2.6902	2.63986	2.68282	0.0729918
3.34731	1.72664	2.31431	0.570298
1.29698	2.17263	2.65395	1.24812
2.06962	3.62365	1.45131	1.99208
7.66772	-4.70201	6.20493	0.529248
3.43887	2.43928	2.1041	1.4594
1.87614	7.39084	4.1558	1.77902
5.20664	-3.53829	5.91278	1.2784
0.528596	1.50179	0.35802	1.74011
2.92417	2.3183	2.11897	1.65724
7.27698	6.83948	8.29652	1.72157
3.49549	2.61705	2.00422	1.81902
3.22813	3.43914	1.11537	0.375386
4.23597	2.88554	4.20907	1.25576
2.6616	2.6869	2.46776	0.757598
3.66043	3.19846	2.40203	1.30013
2.96057	3.37855	1.65386	1.79071
2.87258	2.75954	2.23171	0.928786
3.0792	5.26821	5.02369	0.668032
3.5849	3.00221	1.70801	0.049151
2.60829	2.54631	1.92291	0.770563
-10.5211	5.63184	5.41333	0.289892
20.2879	11.1643	-18.2048	0.493979
6.87128	5.90221	6.25476	1.68823
2.87501	2.25798	1.81729	0.9537
12.5346	6.96968	-5.8666	1.76145
2.69443	2.69799	1.98873	0.556009
0.580267	1.45385	3.63409	1.17307
0.868243	1.74864	3.42818	1.30752
-5.06649	-1.13829	-2.30462	0.779333
2.82852	2.46124	2.4691	1.48035
2.80119	2.29865	1.60421	0.199259
-0.42511	3.55574	5.95422	0.086758
3.06659	2.49976	2.06275	0.854591
3.42332	2.51944	0.984789	0.46513
-9.07642	6.46585	-7.14304	0.946091
3.71077	3.888	2.71083	0.334482
3.28985	-9.11713	12.5268	0.582863
5.98763	7.4934	8.70471	0.224313
6.32631	5.80429	5.73744	1.35632
-0.616957	-1.069	-1.4141	1.45369
3.19401	2.42651	2.26589	0.180259
2.71295	3.14735	2.28497	0.763205
-1.99447	7.75099	-2.06767	0.780101
-5.40309	-4.72202	-1.87286	1.41723
-5.78665	11.8818	3.83151	0.309853
6.09173	3.18847	3.75092	0.0700779
3.00107	3.13746	2.84203	1.17439
2.44704	3.1641	2.53216	1.14624
2.74982	2.90753	1.99629	1.72975
2.64448	1.60493	1.80635	0.389895
7.8699	5.4725	-6.38013	0.120918
3.4425	2.52524	2.59821	1.97908
5.53951	-3.2688	2.08047	1.1285
2.64025	2.90707	2.67447	0.896645
3.02324	3.15196	3.34341	0.315109
2.3359	2.53004	2.43224	1.65523
2.06861	1.8582	3.75242	0.290746
0.14853	2.04881	3.889	1.01523
5.15449	-2.69812	10.1484	0.245328
9.64597	11.0599	5.5098	0.648193
2.55625	-0.414102	4.219	1.81409
2.84617	3.05645	2.26755	1.11729
2.74876	3.23699	0.712363	1.09472
2.64434	1.30898	1.61289	1.1164
4.15414	5.01696	3.38883	0.441357
7.93013	3.86228	-8.50466	0.0930253
3.01963	2.52018	2.31188	0.0736352
2.38063	3.60356	4.19908	1.47959
2.97751	2.99652	2.09864	0.41256
5.57108	1.71918	4.19027	1.07406
1.83757	2.13517	2.68735	0.267096
2.51035	2.98441	2.22899	1.53761
4.39603	2.23223	2.22895	1.06651
3.32128	2.81068	2.691	0.816834
2.76246	-1.42776	3.98758	1.29534
2.96214	-0.500248	3.4967	1.13676
8.71603	4.38686	-5.31814	1.58462
1.87973	-0.709789	3.00643	0.859227
3.30068	1.73193	2.12117	1.89742
3.35172	2.46711	2.03579	0.799847
6.70403	5.41054	5.0366	0.178859
2.62194	2.62103	1.94536	0.877848
13.8211	0.794309	4.76507	0.584415
3.26494	2.40917	2.64346	1.60928
2.84208	2.22494	2.27691	1.08977
12.4389	0.457092	-3.49029	0.391076
3.29797	2.28962	1.85814	0.426244
2.70741	2.99174	0.931942	0.885577
2.50214	2.32914	2.2666	1.98706
3.79406	2.85572	4.3414	0.642093
2.42418	2.00511	2.25376	1.44475
2.94237	2.80551	2.13102	1.00296
8.49689	8.46954	6.67513	0.567834
9.16435	5.79519	5.80476	0.780578
3.37066	2.58815	2.89756	0.70218
3.49826	1.52543	3.31016	0.108428
3.51803	2.65465	2.49833	1.64368
3.0296	4.20201	4.48115	0.658617
-1.64386	-7.83432	4.08233	1.9847
1.48886	2.31577	3.19001	0.678142
-4.79905	-3.39843	2.92436	1.50587
2.74236	2.3536	2.67211	0.239168
1.93934	2.4198	2.29863	0.423209
2.81555	2.45056	2.13354	1.45154
2.78743	2.21382	2.52036	1.89362
-8.30733	-2.06054	9.86985	1.58599
1.50931	4.08702	0.204099	1.35326
4.22086	7.45355	2.681	1.21836
3.24649	3.24038	2.51969	0.760869
2.44619	2.4394	2.69517	0.934548
0.609926	2.48486	2.77005	0.430132
10.7624	-2.86643	-3.49117	1.65179
2.12802	2.03309	2.20412	0.104021
12.6723	4.34361	-3.74774	1.25119
3.13727	2.04779	2.50783	0.566277
-0.742009	6.11017	-0.215705	1.45781
-2.18322	7.09182	7.51698	1.39548
-9.02533	-6.46264	4.74545	0.0234906
2.40197	3.0582	2.12498	1.63059
3.28277	3.34996	2.52838	0.0936946
0.517093	9.27146	4.40341	1.6701
2.56038	2.40636	2.61795	1.6787
2.42591	2.63861	2.23459	0.967485
5.95533	4.20441	7.52771	0.0748127
1.65235	4.349	3.27021	0.0580213
-6.88911	-5.72069	6.29414	1.02277
-4.97053	5.52706	6.43812	1.06529
2.68778	2.7253	2.25039	0.182628
1.26387	0.294862	2.77678	1.68896
2.87309	2.07991	2.1842	0.392855
3.53185	2.43367	2.3839	0.461355
1.81687	2.57438	2.52629	0.180736
12.8746	3.35749	7.9495	0.292271
4.78733	2.64152	2.04403	1.2949
5.0942	4.53329	1.9137	1.72584
-0.709259	-4.25546	-0.0844558	0.667664
1.47383	-6.42113	9.17693	0.120311
1.97882	2.37064	2.16987	0.834979
2.56968	2.72002	2.17079	0.979195
3.17795	3.37803	2.33886	0.0887322
2.91896	2.78132	2.75296	1.64575
2.25682	2.67431	2.61053	0.574362
0.775274	-0.906465	3.62627	1.56859
-6.33219	9.65556	11.4786	1.69591
1.27162	6.42651	-0.189353	0.505069
5.47032	0.56608	-0.115318	1.65411
3.20046	3.80059	4.05266	1.86203
6.85793	-8.21313	0.329152	0.307846
-8.24802	8.7574	-0.0721455	0.910883
2.91905	2.70428	2.43316	1.69226
2.44964	2.03878	-2.09155	1.01511
4.94094	2.52175	2.43554	1.96396
3.55277	2.67503	4.53487	0.407156
5.20382	-2.75921	3.1924	1.05951
0.822632	-0.800698	1.09526	0.914341
2.19338	2.59067	2.58289	1.67974
2.86871	2.63959	2.24298	1.23187
8.01885	6.3507	7.33006	0.265115
0.846927	1.51021	-0.918012	1.85541
-5.19648	-1.52057	-0.539315	1.77206
8.52289	8.03291	5.99313	1.37509
10.6171	4.96449	11.7642	0.542936
2.70971	2.12783	2.27646	1.42287
2.05394	2.14073	2.68986	1.43249
2.37602	2.62678	2.26896	1.92527
-3.84463	-6.63874	7.94554	1.63039
0.99549	2.09045	2.92716	1.45555
2.68863	2.45861	2.22848	1.98033
3.08841	3.56329	1.88715	1.69105
-10.902	-4.84686	6.67447	0.582376
-2.12909	-6.29374	3.71441	1.37459
5.92395	12.7829	1.46225	0.225976
3.36696	-0.658279	0.766652	0.570159
3.38267	3.52552	2.7167	0.833412
3.2312	-5.15121	-0.615796	1.27411
3.35757	2.94692	2.34433	0.585111
-0.898597	1.079	1.04782	0.570729
9.97564	4.75277	-5.42032	1.54603
0.919872	1.69837	2.99117	0.572149
2.54935	-0.244593	4.37601	1.06727
1.89134	1.55576	1.24327	0.259085
2.89144	3.3432	2.27685	1.10327
-6.67824	4.48522	6.88188	0.515877
3.11703	2.48701	3.07998	1.82145
1.75918	0.0171296	2.18707	0.641544
-1.52724	-8.74259	4.32657	0.0887237
2.17045	1.9705	2.4624	0.969839
2.29813	1.07258	1.0518	0.0350396
7.4496	-5.70766	8.95091	1.69938
2.85216	3.07322	2.10361	1.03687
4.63302	4.8154	2.53416	1.66612
3.13285	2.44948	2.8508	1.0535
3.10767	-1.71348	-8.26111	1.91819
-8.09959	-0.906397	4.14544	0.128683
1.83343	2.07462	2.5513	1.82671
1.26707	1.35776	1.78105	0.535157
10.8344	6.75823	5.1261	0.322706
1.3273	2.49685	2.90331	0.310578
10.4601	8.33874	4.24675	1.02905
2.68881	3.26992	2.43762	1.59695
1.49635	2.07347	2.56707	0.769078
1.52705	2.61597	3.02318	0.651036
3.47169	-7.3233	7.46312	0.316632
2.82154	3.09201	2.56164	1.94209
3.9534	4.07689	0.73167	0.0378658
7.33815	-5.9074	2.04739	0.340736
10.2413	2.45979	-7.54197	0.102763
-0.706447	-9.1897	-1.03645	1.13346
2.77873	2.9315	2.54227	0.890157
1.10069	2.25124	2.91846	0.926756
1.59376	4.30453	2.85035	1.9285
8.58224	6.75825	6.52597	0.853807
2.80755	2.52756	2.16254	1.30503
2.09125	-0.252063	0.492337	0.296471
-4.20854	7.56047	5.34784	1.35468
4.92491	6.53296	5.43528	1.69782
2.73933	2.71319	2.6409	0.0507099
0.381474	-0.786983	8.00096	1.98755
7.15218	9.68244	-2.2567	0.506552
9.30611	-4.65038	-6.52921	1.49754
2.94348	1.30263	3.04793	1.6818
1.00866	12.9766	-3.67748	1.05741
3.06405	2.28172	2.06686	1.93176
4.18292	4.77613	3.38179	1.79025
-2.15895	11.2881	-2.82479	0.481875
4.4199	2.71294	0.837539	0.494861
2.74704	2.43634	2.50408	1.35531
4.41995	3.93335	2.31975	0.0941316
3.89937	3.20778	2.26978	0.105954
5.73214	-1.59929	-2.5037	1.56761
3.90054	2.39428	2.57901	0.608151
-12.1978	19.1655	46.7185	1.7666
-2.15955	2.04966	0.406959	1.69328
0.342758	0.27364	2.52242	0.0970635
-9.85059	-1.10066	-7.9913	1.27547
-14.6375	2.75964	-1.3689	0.165135
-2.16583	-4.07199	9.94542	0.0643678
2.25561	1.52465	2.42788	1.03142
2.73878	2.54856	2.52225	1.4856
7.35514	7.14948	7.1737	1.60687
2.29559	2.84572	2.23448	1.33512
3.38912	1.3024	1.77579	1.32193
4.49312	2.87633	2.24748	0.229188
5.16042	0.0499858	3.1303	1.15041
2.62322	2.77002	2.83391	0.0122439
1.34989	2.0266	3.43858	1.10978
2.64515	1.65206	1.94413	0.238448
11.0509	-8.24116	-4.7487	0.998555
-10.6196	-1.99484	6.26812	1.56683
3.22437	3.04362	2.51297	1.31163
3.27013	2.39722	3.08714	1.84019
4.94407	0.819972	5.57521	0.565669
2.52811	1.66529	1.69325	0.700415
8.60851	-1.95895	0.702547	1.03024
7.49314	4.74724	-4.10358	1.02605
5.27599	7.58389	0.872185	1.60142
8.52419	4.47376	-6.75516	0.893243
4.32099	3.82476	5.55547	0.774545
2.52784	2.78766	2.02491	0.996305
2.50047	0.365011	1.73594	0.281368
0.965542	2.87141	1.76746	0.862815
2.68773	3.7265	2.51608	0.0662963
3.09468	5.42125	1.77711	1.45071
2.42552	1.94063	2.7529	0.535223
-5.79783	7.27276	-5.92991	1.59936
7.80812	-6.80019	2.18568	1.82052
1.9538	3.30951	3.16342	1.05984
5.85923	3.5089	0.815798	0.404653
9.92066	4.82805	-5.3783	0.28016
0.32463	11.9549	-4.69045	0.312513
1.90711	4.01013	0.726964	0.598014
3.83128	2.64398	1.54478	0.0309688
0.263684	0.880554	4.27504	1.31308
0.3707	6.12225	5.33373	1.57405
5.79663	4.90884	4.01702	1.58682
13.2056	-3.50228	-0.913864	0.847923
3.40732	2.41812	3.40153	1.41304
-12.6661	2.39186	13.5781	0.741729
2.79103	2.45782	1.62681	1.46909
4.47184	4.33017	3.3345	1.33984
3.13781	3.05784	2.32166	1.22972
4.04251	5.21506	2.62436	0.127465
-4.94571	-7.54655	-4.314	0.0661813
2.5668	2.59602	2.78917	1.71084
2.80144	2.57057	2.58673	1.38416
2.78425	1.65021	1.97097	0.430067
2.17252	2.38638	2.6066	0.642343
1.04999	-4.09103	1.35902	0.973297
3.22281	3.24919	4.43698	1.66419
2.41136	3.23949	1.60668	0.158561
6.39619	-4.64989	1.70004	1.85721
2.93777	2.14783	2.36596	0.176401
2.91066	1.95639	2.44001	0.697763
2.37219	2.52439	1.96522	1.87958
3.09	2.53424	2.17521	1.09071
10.407	8.394	6.89112	0.955773
4.30545	3.34221	1.77882	1.56081
5.33037	2.52071	1.42375	1.71826
-1.39727	0.454401	-5.27485	1.12926
2.86065	2.40771	2.37437	0.264
3.11461	2.66835	2.4081	1.3768
4.55699	2.57453	-0.49865	1.70478
-0.562999	1.30229	3.37912	1.54276
3.12397	2.47833	5.20479	1.42161
2.68609	2.37451	2.61912	0.400336
2.81959	2.16539	1.04618	1.44768
2.41158	2.35005	2.23614	1.72888
11.653	2.33553	4.01545	0.673005
3.04696	2.77687	1.99384	1.30151
3.72662	2.4811	2.14711	0.160811
3.90551	4.32757	2.06603	1.36691
11.8991	3.51523	7.5629	1.78782
-7.15632	-6.13931	6.70634	0.850721
11.5703	8.81502	6.9633	1.11867
2.84149	2.65133	3.11503	0.838381
2.73926	1.98691	2.19578	1.50676
2.75648	2.4189	2.10064	0.839319
2.48873	2.27663	1.93111	1.95187
2.93022	2.25586	2.9625	0.277651
8.63698	6.32494	6.22011	0.226415
2.192	4.65024	8.39902	0.350992
2.56706	2.29752	0.854455	0.561186
-1.89004	0.512632	2.30298	1.0088
0.322351	0.662582	2.50624	0.952733
2.86934	3.26364	1.96765	1.33952
3.41298	3.22082	2.30476	0.754754
2.64589	2.90137	2.36327	0.401694
3.45747	1.7828	2.58712	0.595697
3.32816	4.79019	2.10102	1.91188
-3.45933	-0.557226	3.0109	1.33164
-4.49664	0.286063	4.77545	1.89122
3.26484	-10.8852	10.9398	1.25573
1.35725	1.60704	0.0713443	1.31822
-8.53276	-3.10217	5.35672	0.924067
4.29382	3.11664	1.61173	1.21424
6.07276	-4.18433	-11.2879	1.55476
2.97844	2.65914	2.42174	0.739891
-3.53533	-5.31955	9.36567	1.90655
2.55122	3.71755	4.69496	0.595911
3.0175	3.13118	2.99443	1.4478
1.34566	2.02904	2.77327	0.705897
-0.0667085	2.57288	2.45284	0.830301
-10.7108	4.4594	13.1717	0.147648
3.31758	3.78215	2.78826	0.568708
1.70006	2.31131	2.93556	1.7841
6.55266	2.24334	4.48474	0.921071
1.74429	-3.0315	-2.22467	1.06009
2.20494	2.38295	2.22382	1.40784
1.20324	3.84262	1.9164	0.149011
1.94583	-3.35063	-6.55135	0.0573096
2.69531	1.84529	2.55373	1.60902
6.62504	-12.5483	11.5763	1.48946
2.87404	2.21053	1.67543	0.185152
1.36011	3.06016	-2.358	0.65857
8.32055	7.85161	7.22481	0.582755
-3.47611	6.32996	-2.4427	1.80732
-6.83797	7.09158	-4.71463	1.61339
3.55582	0.200842	3.20404	0.547462
-4.53597	-4.90526	8.00757	0.837849
2.98306	2.83723	2.5943	0.859427
2.68441	2.38791	2.42451	0.686994
0.965653	6.80097	3.21808	1.01772
0.174639	1.98073	2.97756	0.765831
0.686032	1.77571	2.84196	0.791234
2.04482	2.81603	0.654441	1.54345
-8.91758	6.36721	7.83044	1.42464
-2.65919	6.99075	7.5219	1.73399
7.81294	10.5484	6.18219	0.402134
1.41883	4.08467	3.17627	0.755776
-1.3882	8.11881	-1.26872	0.562802
1.44326	1.85729	2.81267	0.789683
3.21987	3.10956	2.64154	0.66046
11.977	-1.66453	1.70895	1.89641
3.26424	2.01005	2.29247	0.0118207
6.08066	-0.861711	-1.45722	1.1238
10.3541	11.4941	-3.73206	0.364024
0.83783	1.89864	2.99757	1.76601
-2.92014	9.7561	-0.112003	0.548671
2.44414	2.39255	2.63989	1.23233
2.36869	2.20348	3.11598	1.99051
8.97044	8.7024	-2.90138	0.96566
1.49276	2.31363	2.71317	0.933711
0.987785	4.39189	5.39131	0.964852
2.73682	2.38292	2.66449	1.03972
6.86489	5.58636	-1.73184	1.24827
-3.02858	4.64117	-3.79616	1.60925
2.32304	2.52607	1.97213	0.351209
9.28089	10.1824	5.34182	0.959375
-4.5071	13.7629	-4.69477	1.22256
2.62474	2.72273	2.69037	0.228109
-7.20353	3.99722	2.30425	0.688311
-1.34021	7.75798	-1.00667	1.99575
3.54975	3.11375	1.4723	0.312488
-2.00529	-2.18993	1.13179	0.460278
0.37513	3.25538	3.19679	0.230828
2.96956	2.59608	2.14088	0.328724
2.60934	2.46813	2.4332	0.818434
5.52009	-3.30279	-9.17145	1.64356
-0.0891471	6.12698	13.537	1.71857
9.26604	5.57693	-0.424288	1.73185
5.56532	6.59118	4.20197	0.261959
-2.36934	-0.572804	5.24038	0.175564
-4.57217	2.94641	9.10698	0.227061
2.86023	-3.17537	5.68023	0.0687606
3.26858	2.43823	1.15254	0.729587
-4.9334	2.87502	8.34159	1.73595
2.74826	0.227556	-1.03536	0.93458
1.56974	4.35646	4.03999	1.35857
2.93475	2.11928	1.9631	0.126486
9.85178	7.00129	5.38114	1.40624
0.530273	1.94993	1.12851	0.563422
4.89332	4.98644	6.04387	1.01687
2.94432	4.55856	5.51437	0.110773
-3.01343	11.8892	-8.92402	1.62635
0.51327	1.51954	2.48217	1.58953
2.18054	2.27115	2.31615	0.597277
5.02228	2.83533	2.66071	0.614993
2.95895	2.68064	2.36712	0.787897
2.70663	2.08728	2.25532	0.0392891
-3.2331	-1.32452	-3.6984	0.139777
5.1279	5.74476	2.246	0.955992
-3.32719	0.0392675	2.70022	1.74682
1.96681	2.71082	2.52501	1.86862
10.7372	8.80884	11.1044	0.308787
2.49519	3.73741	4.10278	1.76448
-4.75642	4.64935	1.04482	1.94973
12.0962	-1.98087	1.54395	0.443174
2.20628	2.96531	2.62063	1.39008
3.06695	3.85184	1.3967	0.770002
2.7998	2.29415	2.48324	0.329308
12.0288	-13.0679	11.5221	0.442341
3.24937	0.885097	0.798369	0.990709
2.24781	3.03686	2.36578	0.0689747
9.80784	-1.99571	3.38003	1.21947
-9.75339	5.77159	-4.19801	1.09848
-7.9211	5.48787	11.36	0.90069
2.99012	2.72201	2.67786	0.00987587
5.34145	3.60556	3.42492	1.83474
11.2748	12.7798	7.21417	0.178322
6.23101	-2.48126	-12.8014	1.05445
2.99464	2.87489	2.06698	1.32304
2.71505	3.10642	3.56835	0.443072
-6.5328	4.79651	-3.20245	0.202753
4.87754	2.98782	3.57328	1.52985
0.712667	1.3053	4.11223	0.62777
2.20369	2.19449	2.01241	1.00235
2.41393	-1.77243	1.09032	1.61698
1.50267	1.2623	2.73845	0.470906
8.37498	-3.2148	-5.01521	1.50572
-5.38892	10.7672	-1.29433	0.0868292
2.97906	3.24889	2.95146	0.992356
-2.18116	3.10903	14.4017	0.385173
4.39611	4.71778	5.11553	1.12881
-4.58792	-8.14254	5.82181	0.35686
7.92999	-7.55227	-0.0967147	1.98283
3.80633	3.05891	2.04188	1.93545
3.84901	2.76322	2.09474	1.37708
2.42269	2.45027	2.86098	1.12573
5.20008	-2.77982	3.18925	0.400758
3.00501	2.54234	2.27991	1.31368
0.87759	-10.9038	12.1804	0.643052
3.01874	2.45735	2.90061	1.48936
2.1622	4.60773	8.58446	1.54701
-3.41118	0.690269	-6.20338	0.0591141
1.91996	3.77693	2.12105	0.757717
9.92514	0.211977	2.56757	1.19392
4.16548	1.83336	1.12947	1.80013
1.59312	2.69531	2.94009	1.34404
4.41511	-8.784	1.53207	1.4538
-22.13	9.33191	-19.0156	0.0154321
1.82161	9.09751	-6.95387	1.57976
7.95073	-1.46852	-1.49457	0.514847
2.63175	2.34294	1.84173	0.282131
3.91097	2.71909	2.07994	0.628793
2.65204	2.17097	2.32117	1.79937
3.00309	2.06763	2.63997	1.6308
4.39391	8.53063	9.61384	1.22899
4.85835	2.92919	3.50345	0.0782701
3.57877	2.03385	1.04549	0.784358
3.3966	3.31118	2.21203	1.82028
9.10932	7.38087	6.77228	0.347158
2.83097	2.39618	2.67986	0.88533
2.71732	3.3847	1.9784	0.100509
4.70042	2.71962	3.37731	0.0466463
6.94862	4.17217	8.59446	1.07615
3.29288	2.89401	2.46599	1.28678
-1.64567	10.1174	-3.06574	1.17868
2.66374	1.73229	2.94528	0.481323
2.6657	2.34185	2.53859	1.6699
1.1606	5.07394	2.1723	1.32902
2.90358	2.17303	2.43772	0.156917
1.88144	4.15336	3.3578	0.0266812
1.37837	2.05807	2.70723	0.820444
-6.28492	12.2666	6.26252	1.32618
-4.66812	-1.35139	3.53055	1.17904
-3.88961	-1.66147	0.805121	1.49083
3.03381	2.93194	2.46961	1.28504
5.52082	-5.35885	7.73422	1.50259
-4.30187	0.654933	-2.1023	0.0239364
-5.07623	-6.92375	5.05429	1.1812
-2.32711	0.823745	0.11771	1.34153
4.30251	3.37028	2.10291	0.48039
2.57086	2.62395	2.22993	1.83596
2.44773	2.08393	2.58541	1.2816
3.89093	2.84278	2.67774	0.101933
2.8321	2.44829	2.57572	1.15936
5.77688	1.59491	2.96406	0.428746
-4.20561	2.85377	9.49793	0.469372
9.14355	-6.24138	-1.44968	1.79805
0.222962	1.91995	3.50022	0.00771657
-1.35451	1.7865	2.87273	0.327592
2.39737	3.07862	2.60318	1.06633
3.36967	2.59788	2.37134	1.86145
2.75499	2.03621	1.44874	0.580846
8.01607	8.21869	5.53383	1.16392
3.24627	1.98274	1.8236	1.82537
2.87747	3.13154	2.39019	1.95161
1.65382	1.39925	2.70625	1.57401
0.563864	3.01645	2.44864	1.09742
-4.3676	-1.28062	0.632028	0.631442
-1.10078	2.62934	2.03941	1.04317
0.569261	-3.20077	-4.74274	0.141617
1.71033	2.16495	2.55592	1.1558
2.4519	2.33453	2.36505	1.48429
2.26318	1.36854	1.20228	0.305834
3.35132	2.18201	2.44134	0.346177
1.01096	1.71267	3.43289	0.171704
0.847776	3.58733	2.05177	0.978848
-0.237513	0.346003	3.48635	1.04415
2.87711	4.2595	3.69784	0.527518
8.65269	6.8298	2.47973	1.53277
1.28722	2.08059	2.79574	1.81315
3.01355	4.0314	2.24895	1.7755
-4.94988	0.58729	5.24593	1.04643
4.43375	2.6139	2.51328	1.07249
-3.44158	11.6035	11.0176	0.111958
-0.0156008	1.19328	2.1061	0.127047
2.36956	6.04652	12.0077	1.999
4.25438	2.84417	1.42548	0.263307
2.26562	2.1457	2.29131	0.271411
-1.56116	11.8739	10.0935	0.84999
11.0438	6.79879	-1.71293	1.97453
2.56402	2.71061	3.01044	0.906451
1.82202	2.06196	2.86912	0.453161
1.05695	0.96283	-0.163804	0.891066
4.98163	4.26307	1.35375	1.34957
0.181119	5.26967	0.2981	0.575008
0.421492	1.45374	4.13865	1.97247
3.42884	2.75384	2.50064	0.0790421
-2.65502	-0.576975	2.2316	0.795748
4.13763	0.985351	1.93983	0.969283
0.969197	2.04889	3.0297	1.37062
7.92505	8.63922	6.00123	1.41152
2.74948	2.85003	2.93396	0.810077
1.06912	1.20313	2.72196	0.544266
10.7641	8.40422	9.01733	1.94807
-12.3671	-27.3824	-9.02011	0.186732
6.35931	4.93782	-1.47066	1.89152
3.10322	4.15162	8.47248	1.38019
2.10015	2.42232	1.56949	0.300416
2.90982	3.0141	2.21699	1.52332
10.9841	12.3961	6.98117	1.73784
2.44214	3.81229	3.3337	0.910289
2.70186	2.59634	2.5173	1.07481
2.52428	2.90225	2.4145	0.196115
3.2922	11.3879	8.22786	0.147432
2.67725	2.37642	2.46681	0.333996
-1.80715	2.50098	1.52074	1.51758
2.98372	2.13078	2.09515	1.45517
2.37016	2.26674	2.34289	1.66636
5.13261	1.82717	6.50834	1.04277
4.83059	-5.57199	1.85798	0.411986
1.86834	2.33525	2.90561	1.28666
2.9277	2.96078	2.4955	0.551865
1.01078	1.75241	2.38089	0.875856
0.189755	2.15876	2.02743	0.531078
-2.84272	-3.68241	2.56136	0.685995
4.5163	3.29692	3.29766	1.90143
3.09795	2.98658	2.40393	0.928318
2.99592	2.08433	2.81768	0.684524
13.7966	1.01238	0.0159707	0.0640763
2.85241	2.67699	2.69024	0.288312
4.06819	3.58152	3.06156	1.60715
5.66835	3.89534	4.91348	0.888699
-6.65217	4.25652	-2.76961	1.80059
-4.81275	0.655291	-4.9564	1.9581
3.9105	2.15103	1.34307	1.22009
-3.20053	13.1878	-5.81194	0.148916
9.3565	-7.06214	-0.0467011	0.819269
0.220437	1.58928	3.53346	1.64808
3.20045	2.9299	2.31397	1.35281
3.10098	2.65939	2.156	0.821301
2.35654	5.51974	1.39419	0.821672
3.74626	0.0592289	7.47279	0.599325
3.72749	2.91972	2.52937	0.678115
-4.02744	-5.49354	7.92086	0.0680525
3.43948	2.17309	1.90334	0.880917
-4.85895	3.54206	9.86337	0.199694
4.69871	-2.77834	-6.86826	0.096008
1.48896	1.24832	-0.0108975	0.695629
2.72775	2.99808	2.68261	1.35349
-3.98911	8.92325	-1.88717	0.833219
-0.40159	0.532766	-1.40506	1.8562
-4.68713	11.107	-2.50987	1.0961
2.95376	2.2804	0.305366	1.24734
0.950377	2.13425	2.8808	1.07313
1.18837	2.10314	3.53783	1.46794
12.5089	2.82474	5.37503	0.403797
-4.46629	-2.82168	-1.2698	1.48874
-6.94037	-5.70312	6.23375	1.94122
0.154669	0.932915	1.39342	0.978597
6.72122	-8.35872	2.36446	1.55005
2.50482	2.24371	4.64943	1.33971
8.9125	7.85377	6.78873	0.847963
2.99275	2.43409	1.91733	0.0375487
2.65643	2.91256	2.38598	1.29407
4.36839	6.62473	5.96676	0.138276
-3.59197	-1.46504	4.61467	1.39107
3.87557	0.216509	4.69025	1.10973
4.00975	4.14362	3.94603	0.13182
1.39927	9.44056	-1.40454	1.05378
-2.28893	-0.156058	-0.282679	0.945593
2.91716	2.22715	2.25819	1.13478
2.41404	2.61187	2.1732	0.857441
3.01351	2.72902	2.28377	1.53186
3.30468	2.35125	2.40405	1.2545
2.06773	4.5671	3.40685	0.550704
2.87262	2.73452	2.2099	0.233016
8.29124	2.74113	-2.57756	0.182805
2.44384	1.95834	0.964711	1.50479
3.61948	3.07987	1.73928	0.103302
0.942547	1.45746	2.1102	1.15915
6.35509	-5.83834	11.312	0.596495
4.55958	5.97637	3.56329	1.98379
-8.32745	1.89421	8.08301	0.643468
2.44198	2.33812	2.67889	1.72043
-3.71757	9.2382	-1.82183	1.40951
3.31713	2.84909	2.38812	0.758022
2.6583	2.81841	1.87585	0.679204
11.3218	-1.56408	-3.02648	0.902349
3.11698	2.68288	2.72843	0.810195
2.76331	2.98633	2.10851	1.0498
-4.3929	-3.55584	0.166026	0.804307
2.44441	2.10599	4.62633	1.91659
-0.772932	0.996466	3.0365	0.0848613
3.33206	2.97392	2.60603	0.602797
2.45331	1.77211	1.91063	0.416555
3.30614	2.61718	2.97829	1.3048
3.72627	3.07712	2.1113	1.79299
1.9127	2.02575	2.23779	1.73265
2.35893	1.22999	3.41265	0.782976
3.29267	2.70635	3.15245	1.83882
2.2946	5.29088	1.249	0.949303
3.30984	2.93218	2.31055	0.0603349
1.71433	1.46057	0.664843	1.99705
-0.0361243	-1.20817	-4.13766	1.60416
4.36773	2.91547	1.68254	0.781132
9.85485	8.30178	7.41656	0.563294
2.61782	2.42967	1.76227	1.88177
9.86353	7.31447	-5.14799	1.60213
3.86461	0.136262	6.19213	0.337555
11.984	6.89586	6.51565	0.881626
2.08072	1.31354	1.32433	0.892089
4.76656	3.07746	3.3634	1.28412
-9.85099	-2.30454	3.93184	1.92319
2.86737	4.33492	4.54757	0.909297
2.5	2.25161	2.10472	1.74223
1.42933	-3.5657	6.63067	1.95008
14.5837	-7.88342	6.50697	0.566784
0.862934	13.5715	-3.5852	0.936955
-0.685551	10.1032	-12.1237	0.230881
5.04935	1.45143	5.37946	0.104977
7.94914	-8.14965	1.50769	0.352013
2.5861	3.45317	3.5974	1.78906
13.0377	3.8095	-6.98913	0.225995
2.72061	1.90761	5.69769	0.719967
2.11885	2.41724	2.21299	0.770755
3.01253	2.94602	2.2607	0.709542
2.43864	2.35503	2.58815	1.56986
-2.01459	8.16969	-1.86988	0.0807366
2.58034	-1.81387	8.1081	0.194955
13.6898	-2.4309	-0.190332	0.565065
0.530054	2.92471	11.0564	0.310465
2.53165	2.53285	2.63013	1.16239
-3.02346	11.8469	-8.97483	0.580083
8.99997	1.09303	-2.06162	0.114593
-9.39359	3.72646	-4.75327	1.03966
-0.794544	-12.1816	10.814	0.721141
6.93473	3.91927	2.5133	1.27995
2.6588	2.48956	2.09586	0.993636
2.49305	2.44582	2.19775	0.806381
0.988832	13.5706	1.9742	1.03405
5.31299	-0.292983	-0.589219	1.70406
4.58153	2.88341	2.07931	0.720384
-0.201843	3.30662	1.77491	1.81928
3.43007	2.75462	2.55664	1.92468
-6.20891	-14.6297	47.1737	1.68078
3.32214	2.50973	2.08477	0.772052
1.12958	1.19081	2.07833	1.28891
11.2142	-2.24076	2.71915	0.964768
2.10191	6.56529	3.03725	0.991899
3.09464	3.1342	2.29562	1.97466
4.82278	-4.54614	1.68987	0.852992
-2.98505	4.81987	6.50931	0.786335
-5.6761	-0.0792889	6.16535	0.147498
-0.405267	4.7886	-1.6093	0.71765
2.21648	1.64161	2.46058	1.4331
9.5448	12.2773	11.286	1.49431
2.02578	2.21266	3.0767	1.10749
0.746619	2.68782	2.38018	1.54478
0.51978	0.558353	2.63949	0.0235762
13.6816	5.2515	3.15569	1.00132
3.46843	0.882202	7.77744	0.189696
4.86134	3.23146	5.31292	1.5386
2.85031	2.24968	2.49857	0.611539
3.61684	3.01891	2.11439	1.51007
2.44495	2.12789	4.60043	1.99045
9.06518	0.791357	-11.5046	0.461379
10.8314	1.28814	5.69162	1.78624
1.89043	2.82992	2.24654	0.266209
3.12655	1.82677	2.47197	0.990448
4.26606	4.73416	3.07273	0.571085
1.84846	5.37343	5.57848	1.5206
3.12091	2.48984	2.41894	1.30657
0.439002	-2.95463	-5.13903	0.671103
2.79499	2.48879	2.17306	1.92371
7.40306	-0.985293	-0.375351	1.87371
1.60712	2.33396	2.84177	1.48419
-2.97418	1.27453	1.43445	0.438606
-8.28769	-9.82726	-6.5	0.236235
9.87758	16.1843	-1.28458	1.37475
18.5738	20.2487	20.521	1.36133
13.3587	-3.96514	4.14267	1.78363
2.85531	2.51032	2.21837	1.57586
3.04941	2.7018	2.25981	1.69466
5.63257	2.4254	2.59054	0.348659
4.87539	-2.62849	11.1331	0.144389
2.53203	1.04836	-0.666793	1.16163
-4.51413	5.53417	7.40464	1.47006
3.44523	2.64045	2.74279	1.36067
6.55913	42.934	-14.4833	0.00666445
2.63968	4.81166	3.90592	0.811111
4.92391	3.70471	4.47869	0.183729
3.03246	0.918914	0.876331	0.806894
0.33988	-2.9766	4.29708	1.99531
4.11688	4.3777	0.525791	1.10588
2.09244	0.981974	2.33303	0.394322
0.322353	1.08342	-0.484946	0.107102
8.37304	9.45493	5.42474	0.299927
2.76409	1.74705	2.94714	0.0198959
1.4258	2.11447	2.84249	200
2.44787	2.81612	2.72952	1.34996
-0.909634	11.2614	7.09087	0.639552
2.97229	2.4328	2.04886	1.17227
12.969	-10.0156	6.75258	1.90941
4.8154	4.90539	3.94231	0.396166
8.18564	5.51324	13.7639	0.532602
2.65243	2.92101	2.18091	0.708986
4.07131	-1.48246	9.5652	1.0417
-6.44796	6.79659	4.84282	0.861806
2.50398	1.41976	0.682277	1.72418
0.600765	1.9564	2.06763	0.0966972
-10.1918	-6.76817	10.022	1.41315
5.15289	10.0599	0.427829	0.29013
3.55988	8.6755	6.68094	1.32659
5.62367	-5.05103	2.06472	1.24294
2.61151	2.46227	2.74707	1.1592
3.99891	1.40194	1.22358	1.36548
2.90774	2.13546	2.22022	0.88148
1.54512	2.12614	2.77684	1.58661
1.38501	2.43153	3.19185	1.18944
3.27475	1.17152	4.69252	1.66268
0.79175	1.92509	2.25493	0.051283
1.4085	2.17343	2.57811	1.55639
0.227836	0.0725209	5.05543	1.48627
1.11493	2.39453	3.19318	1.48001
9.45205	-4.41504	6.4993	1.91755
4.5764	5.09512	4.68696	1.08828
8.40944	7.03921	6.24595	1.61807
3.08047	3.22587	1.99705	0.434663
10.5452	10.5914	12.7058	0.0171461
3.93005	2.70604	2.17968	1.08416
2.98055	3.40486	1.69427	1.61423
2.91119	2.45444	2.33285	1.28468
2.61724	2.51282	2.7392	1.29114
-6.94497	3.5333	1.9491	1.11934
1.76151	2.42351	2.01133	0.523311
4.49764	3.13116	3.52577	0.474021
2.89729	-1.02103	2.67816	1.58303
0.729283	0.860028	0.732675	0.583137
2.50543	2.4851	2.02048	1.37954
2.64236	2.29383	2.17937	0.0233852
5.88014	3.74856	2.61134	1.54272
3.07612	2.57321	1.63213	1.78314
4.61201	-2.96281	-0.108302	0.765534
3.09303	-7.68022	4.97524	1.7058
0.440573	12.6732	1.38454	1.93244
-7.2061	5.02148	14.4548	0.149241
2.70236	1.89078	2.37018	1.85341
7.12917	4.81178	0.110955	0.751875
6.75894	5.74018	6.3983	0.632266
2.75103	2.86898	2.73889	1.23638
8.82264	11.6539	5.94464	1.77377
-1.631	1.09491	1.91281	0.69464
3.42059	3.63174	2.96041	0.767611
2.76685	3.21083	2.52248	1.91803
2.5711	2.51237	2.85747	1.86014
3.33259	2.27649	2.10495	0.698052
2.755	2.55156	1.67725	1.72485
-1.92464	-3.66728	10.5628	0.219421
3.93435	3.63658	2.35865	0.453881
3.58064	2.91444	1.6965	1.1768
7.82469	-8.7199	-1.93618	0.96557
2.75987	2.94091	2.46972	0.773856
-2.24798	8.84982	8.52299	1.94551
1.96848	3.63364	4.52316	1.14287
10.9665	-3.95821	-0.473505	0.0159179
-10.9116	-4.83891	6.69001	0.187193
3.87034	3.84302	5.58837	0.996702
-9.23994	0.819959	7.45531	1.94245
1.54505	1.74597	2.84123	0.483452
4.74003	2.5533	0.236732	0.286069
14.4768	-3.07069	3.8245	0.749971
2.8529	3.09926	2.1132	1.28997
4.25499	-3.65862	28.9408	0.568618
2.38026	1.85574	2.36989	1.38159
3.12496	2.99638	2.46968	1.47105
2.68652	2.79786	2.70342	0.751674
2.76976	2.59323	2.46168	1.64889
9.567	11.9739	2.28213	0.559828
8.08414	4.31261	-4.17114	1.52107
2.33991	2.842	1.8861	1.89069
-6.72806	12.5358	6.44857	0.552685
6.05802	5.96366	1.80895	1.4279
2.74113	2.40837	2.35341	1.79848
-2.61258	-0.0823291	2.71313	1.53407
2.85041	1.18557	4.22359	0.747122
3.30929	3.24568	1.24213	0.661455
5.15378	0.0835615	0.024124	0.326115
-1.93498	3.27239	-3.31719	1.78257
-5.86032	4.09871	1.95201	0.768632
-3.10585	10.7066	1.58437	0.503218
2.72055	2.18176	2.44572	1.44645
2.8315	2.22495	2.56379	0.0418909
2.65992	2.31041	2.857	0.91484
-7.94729	1.31951	-6.88972	0.565822
2.16541	2.73362	1.4122	0.532096
1.47621	2.33719	2.92629	1.86287
5.22211	10.4799	2.04801	1.67606
3.40089	2.66141	2.18052	1.50154
-1.74424	8.57853	1.38468	1.33143
2.80141	2.01534	2.45536	1.96995
3.5923	2.64188	4.5565	1.37336
10.4305	10.358	1.74485	0.971009
2.56137	2.15951	2.98335	0.972297
-5.12865	-4.3545	7.04473	1.72469
3.35519	2.98427	3.0304	1.38714
3.79047	2.94234	0.968543	0.218221
4.08702	-2.42727	-9.48392	1.39384
1.24835	1.68705	2.4426	1.85717
0.349143	2.9136	1.72998	1.3436
-0.409808	8.74584	20.9847	0.929578
4.39871	-5.24378	-4.28525	1.94067
3.28678	2.84185	1.87635	0.103185
1.59168	1.98028	2.57508	0.498432
3.99737	2.78897	2.35468	0.707169
8.40373	7.31396	3.7634	1.98089
0.990044	2.30867	3.86333	0.274585
2.70134	2.50599	2.18294	0.42304
11.5793	5.16091	-7.82826	0.239115
1.85906	2.72829	2.70048	1.38601
3.25818	4.423	4.75635	0.19526
2.78857	2.19958	2.37919	1.55744
3.36965	2.45647	2.21775	1.57425
-5.15323	8.67814	-4.53717	0.865928
-6.44012	24.7515	10.0828	1.54378
5.03054	-2.00019	5.27667	0.700084
2.41863	2.7564	2.16316	0.442029
-1.80498	5.02664	-0.598083	0.565467
2.55513	2.94008	2.37699	1.87543
2.8981	2.55051	0.898033	1.65532
2.88732	2.24064	2.08709	0.541414
-3.88095	1.21979	7.66098	1.8935
0.880066	2.34455	2.92371	0.639692
6.21587	9.0122	6.50401	1.99807
7.25426	6.52139	5.13391	1.29745
-7.71155	10.7624	-7.58402	0.362111
4.8145	4.2214	2.67126	1.88215
0.892085	-2.95301	-6.02463	0.942829
0.410935	12.8837	-0.404239	1.43098
-2.09517	0.660967	-0.178214	1.72963
2.7308	2.81817	2.66791	0.746002
5.32869	-3.83943	8.76552	0.889364
-3.35373	-0.112149	8.07934	1.38603
-6.31124	5.48952	0.399484	1.03768
2.97129	3.11708	1.77604	0.751449
-1.4465	9.21943	-3.78243	1.02398
1.84373	2.12673	2.16736	0.776038
7.04598	-5.01625	8.4422	1.50955
2.95789	2.66795	3.85013	0.707032
5.1775	0.323417	0.885866	0.572153
9.13091	-8.368	-1.95269	1.63608
-0.915076	2.05481	9.18135	0.506335
2.88366	2.33429	2.181	1.34812
3.73434	2.60972	3.50664	1.27519
7.70657	9.70267	5.11396	0.200688
7.33571	3.665	2.01279	1.1477
-0.455258	-1.25005	0.134009	0.0159602
2.25123	3.33232	2.52291	1.14919
-1.76299	0.71116	0.739348	1.06729
4.83053	0.765492	-10.9288	1.94466
7.97326	-4.88314	23.1631	1.10349
-4.9598	-1.62707	5.54392	1.91406
4.35424	5.79795	6.4223	1.09845
2.58305	3.84286	3.24486	0.418676
-5.819	2.45903	17.5196	0.756179
4.6015	3.23957	3.34409	0.786355
2.26761	3.29934	2.42383	1.82169
2.45586	-5.32818	-1.57098	1.2023
6.98233	5.85971	6.52127	0.042167
2.33189	1.63512	0.611797	1.21593
-1.89535	1.13305	2.99402	0.101178
5.78862	-0.0143923	2.57074	1.68672
2.30769	1.55144	2.44837	0.213413
-2.15624	8.7776	8.59352	1.54629
4.04614	2.94745	1.34445	1.18859
1.66241	2.28101	2.49998	0.539391
3.97431	4.11816	3.7245	0.91742
2.57849	3.58498	2.87196	0.495531
-0.165915	2.74375	1.5976	0.504692
2.91889	2.71167	2.26404	1.66964
6.68932	12.6452	-3.96802	0.0482931
2.83122	1.76037	3.05538	0.0214783
2.57003	2.43244	2.31315	0.0169374
6.43655	-3.05962	11.8347	0.290313
-2.67969	1.12745	1.90245	1.67878
-0.717717	3.52514	1.6065	0.284413
2.12246	-2.0034	6.53098	0.797035
2.75159	2.38685	2.10767	1.95863
-9.7958	11.088	4.2731	0.597388
1.64282	2.46942	2.5366	0.968789
3.04272	3.33739	2.72013	0.660951
2.72143	2.78021	2.70438	1.72751
4.62063	0.248918	0.0736464	0.355608
3.39474	2.06384	2.545	1.28887
4.76727	-6.65984	1.85742	0.239187
11.0813	9.68434	7.55036	0.0244587
-3.29825	-0.779528	1.29424	0.134863
2.94088	2.96222	1.80136	0.370332
3.28945	3.28838	0.988078	0.499524
-5.16284	0.422567	6.40593	0.311374
3.1326	-2.50193	5.93534	1.64162
2.64737	2.55279	2.48699	1.56551
3.52459	2.41899	1.9404	1.14577
3.60021	2.45523	2.45207	0.471306
8.32063	-6.39696	10.4169	0.0135259
2.66048	2.486	2.33406	0.102434
6.2645	4.09466	5.23761	1.43063
3.14348	2.66357	2.1985	1.53924
3.69218	3.73914	1.08519	1.6762
1.52743	2.05209	0.18549	0.452123
3.31433	1.94115	1.95116	0.696759
2.84725	3.08239	2.38006	1.25618
-0.811376	0.305665	2.26949	1.59299
-3.24025	-1.63663	-0.361116	1.28325
-0.00394345	0.597809	2.02105	0.466394
4.50211	3.17053	2.82762	1.58866
2.44666	2.98663	2.53511	0.580873
3.18762	2.48528	2.75194	0.425618
3.20315	0.863966	1.15089	0.601869
-5.26535	8.6589	-4.58197	1.95921
2.65867	2.16268	1.22982	1.54873
-0.337788	2.08106	6.11129	1.85001
-1.45337	-0.55082	3.57175	0.671367
4.81699	9.66178	8.83996	0.866638
3.07121	2.27186	2.32598	0.806382
2.94636	2.16852	3.25679	1.58441
1.99889	1.2162	1.87757	0.51041
7.67705	6.67664	5.24824	0.709493
-7.77122	5.53939	11.4691	1.95338
2.42752	2.3705	1.66442	0.814447
1.38141	-0.751141	2.79018	0.637829
3.79042	3.0946	2.60566	1.95037
2.32237	2.67994	2.43645	1.30218
2.80033	3.15927	2.33125	0.543881
-1.98899	-20.4639	-17.1008	0.987951
2.02733	2.57461	1.65973	0.289256
-9.28414	-0.613032	5.82973	0.815182
-1.90888	3.24671	1.04566	1.68194
3.55372	2.14318	3.72461	0.607678
2.52788	1.89739	1.08007	0.132021
2.44053	2.49482	2.6621	0.208701
5.00137	1.94535	2.76948	1.6467
-0.21107	1.28556	2.12859	0.510839
-6.83779	5.15806	6.26234	0.876524
2.82573	2.43755	2.20285	1.33363
2.89252	2.51037	2.33096	1.2546
-0.70273	1.16104	2.89294	1.29807
2.42757	2.19687	1.94725	1.9358
3.25821	1.9498	1.36214	1.0387
0.978608	2.3675	2.61468	0.578738
2.02425	2.32579	2.38503	0.0347444
-0.682222	4.45712	-2.47105	1.93989
2.87976	2.39621	2.62045	0.0211708
-1.80218	8.07592	8.6631	0.36109
2.90055	2.83927	2.01704	0.78402
2.47576	2.2865	2.4191	1.29352
1.85386	2.81001	2.45689	1.13863
2.088	1.60578	-0.786032	0.46536
-0.0442437	1.91788	0.0346189	1.98979
2.38422	2.71583	2.50746	1.62902
3.05645	7.4131	1.46458	1.93866
8.41885	3.39122	0.641216	1.11673
5.59604	-5.95217	-5.88686	1.6224
2.34937	2.70558	2.3067	1.0017
5.65459	2.3914	1.60502	1.24629
8.29798	-5.5321	-7.59009	0.603414
9.87547	6.69019	5.20682	1.36124
2.73103	2.48863	2.68352	1.63747
3.42345	3.29636	2.55568	1.21837
-8.72237	0.889915	6.33128	1.63043
2.98518	2.33575	1.69189	0.882941
-4.94151	9.87674	-1.76262	0.341296
-2.81594	1.95061	-6.86666	1.68264
1.71401	2.20415	2.06444	0.547275
0.82838	-2.1185	6.49262	1.13412
3.3936	2.41251	2.5154	1.12822
1.5605	3.33862	2.60997	1.10564
6.82212	4.94282	5.75197	0.0583893
1.82218	2.20721	2.13668	1.77395
8.15057	9.90259	4.94328	1.57453
1.45615	2.20981	2.72083	0.733576
2.35197	2.97107	2.52428	0.513059
3.83682	3.00363	2.70633	1.82462
7.39109	7.00599	7.36954	1.62738
6.52686	6.31108	-1.90407	0.990091
-8.06983	6.26356	9.58865	0.898682
2.53096	2.56841	0.455252	1.61564
3.65877	1.67844	-0.753398	1.66671
11.501	8.84228	7.0296	1.49279
-5.2702	-5.54012	7.07581	0.413026
2.7176	0.286026	3.41062	0.958652
3.75632	2.44279	3.70001	0.838279
3.12347	3.15434	1.6841	0.471067
11.3532	10.7859	-3.56058	0.246148
-4.91486	9.9187	-1.75744	1.68244
2.82083	2.39752	2.38263	1.321
-0.454177	0.327957	3.02537	1.48983
2.73332	1.39974	0.947617	0.301069
2.70338	2.04519	1.82866	0.544456
2.74837	2.64527	1.93132	1.82092
1.63288	2.36529	3.00767	1.95296
4.7521	-9.36216	3.56959	0.954617
0.975034	-0.466502	5.17454	0.534394
-3.0424	-4.03568	-4.61918	0.612131
2.11603	4.0697	3.2656	1.1662
1.4921	3.03307	-0.642173	1.96148
2.96812	2.37153	5.10738	1.47631
2.76459	3.16562	2.2599	1.73755
1.96632	-1.86389	2.91934	1.18773
-2.11893	-5.98498	7.5303	0.955067
3.6425	7.70008	-2.63695	1.06336
0.478005	4.18168	1.3803	0.501248
5.85763	-2.06282	-1.63388	1.50284
1.56528	2.06517	3.45642	1.9276
0.726697	1.44052	-4.39756	0.43446
4.44801	3.56675	4.29108	0.958715
10.7135	-3.71642	7.69748	1.5413
3.34414	2.42546	2.2056	1.70265
1.08501	2.26676	3.39896	1.83382
4.23033	3.95613	3.53036	1.3447
9.22889	5.25942	4.28612	0.00123263
-7.83306	8.22609	0.249631	0.998952
2.8657	2.38588	1.94922	0.141074
4.77011	-0.376698	-2.3878	0.324224
2.17307	1.01827	3.27904	1.22009
2.55824	2.74584	2.24344	0.603239
2.85672	7.3824	2.06728	1.67838
2.44401	1.92341	2.60814	0.349216
10.8411	0.813607	2.11783	1.91187
2.45965	2.18449	5.02818	0.464637
2.79837	2.61784	1.93993	1.64589
0.89319	-1.34073	4.48001	1.4176
1.09348	1.74602	2.93412	0.48677
3.91723	3.15843	2.84009	0.545224
-1.48735	0.269248	2.10281	1.37944
1.62408	2.0063	3.81633	1.07382
2.08909	2.71506	2.91749	1.29982
5.85965	-3.728	-4.45215	1.9704
7.35171	9.30446	0.110409	0.190399
3.33727	-1.89208	-5.27968	1.0274
-0.624436	0.80038	2.64228	1.61955
3.28275	3.263	3.6466	1.05531
11.3872	8.47531	8.88348	0.430426
1.3039	2.46036	2.4869	0.752387
8.41999	12.0131	8.5895	0.600892
4.45937	-5.91957	9.24	0.627176
4.55217	2.27544	5.20213	0.262488
-0.736298	2.46117	1.31183	1.19602
1.37427	0.338187	0.449497	0.477392
2.55555	2.87627	2.17941	1.53948
-3.95179	2.48255	1.73934	1.00381
8.76566	0.313007	-3.956	0.373357
-4.78723	-4.83612	7.42148	0.350512
3.50058	1.28098	1.68332	1.81188
-0.399011	1.14182	3.72581	1.5071
5.00934	2.96997	0.621982	0.892108
2.50845	2.89698	2.51483	1.57655
6.10817	3.91835	2.40743	1.86779
1.22303	2.3275	4.83434	1.00049
3.043	6.18011	3.36209	0.524171
-1.88631	22.4491	-22.2158	0.0612508
3.89064	3.24389	1.79663	1.62676
2.60153	2.21771	2.85344	1.86847
2.58337	2.33014	2.1758	1.48008
0.0513182	2.0687	2.37638	1.85474
-7.16125	4.45944	-3.51679	1.90192
2.47148	3.22659	2.85854	1.81871
4.2431	3.64083	2.08377	1.65812
2.74148	2.81712	2.30276	0.518004
1.33674	-0.195863	2.99626	0.717563
-8.33985	-3.08793	10.5922	0.851766
-0.374275	1.02638	3.83431	0.471304
1.34534	2.32887	2.82331	0.508969
4.12392	2.36057	3.6083	0.81976
2.63892	2.33186	1.86618	1.86464
2.58425	2.58779	2.20971	0.213937
3.0639	3.83159	3.82761	1.26884
3.29472	2.80603	2.71076	0.374637
0.126125	6.81487	-5.13325	1.27094
0.921352	-4.00391	0.550766	1.39574
-4.15633	7.60014	-10.1761	0.507869
3.44333	2.5237	2.58819	0.759597
1.26582	2.77929	2.06655	1.21848
7.8277	-7.45572	3.72436	1.14635
2.76517	2.22154	1.77069	0.223763
-4.41143	-0.416342	3.40735	1.19639
3.95443	-0.362494	5.29991	0.893085
2.75754	2.63817	2.55814	0.329774
6.58019	5.58125	5.52027	0.394763
0.219197	5.16908	2.81913	0.138039
2.71902	2.65087	3.8044	1.07881
2.889	2.90584	2.03583	1.31473
1.93507	2.2468	2.96734	1.99435
2.89927	2.83452	2.81127	0.0159914
-1.86963	-5.31306	9.09703	1.34475
-1.8243	-6.28294	-1.95807	0.145543
2.93193	2.77738	1.71787	1.90057
7.45716	-3.67873	1.65765	0.808807
-3.64445	-1.50165	4.01427	1.39887
7.60474	7.03904	7.33137	1.13735
4.08507	4.76677	2.85383	1.7951
1.71051	8.75239	7.39021	0.350685
0.425069	-1.01872	1.01132	1.84817
-0.864284	-3.63942	0.384326	1.3095
4.37606	2.71378	2.94743	0.559557
5.87333	5.38022	8.10341	1.70196
2.88552	3.03345	1.96373	0.827858
-2.86108	-5.55692	5.16705	0.121912
8.70758	1.66506	-1.49621	0.455506
-2.33814	1.28308	1.55685	1.39985
2.29677	1.86763	2.40955	0.366338
3.64621	3.05514	2.56021	1.7537
0.499462	-2.38413	3.32095	0.00444717
4.91285	-7.27174	-7.6035	0.778388
1.64773	1.59645	0.963348	0.306366
2.11136	-5.80068	5.6405	0.688172
2.97142	2.68571	2.08314	0.0876878
4.0747	-3.05531	-7.00018	0.521662
3.49585	3.40682	2.45215	0.323067
-3.46273	11.1275	8.36442	1.75305
1.419	2.48516	2.11983	1.58434
5.79176	-8.62144	1.33491	1.00923
10.5388	3.54376	-8.18176	0.892784
-3.82503	-2.15776	0.844962	0.208775
6.64003	9.97448	4.38472	0.162555
2.47316	2.55737	1.91054	1.12599
3.83788	2.41397	2.55631	0.496846
7.04842	-4.36209	2.04628	1.58581
-6.73734	11.0922	-3.75729	1.98747
3.33658	2.76195	2.17837	1.74242
2.64296	2.61284	2.08705	1.04227
6.7609	7.62026	-1.98269	0.145329
4.57722	1.57689	1.5814	1.6153
4.08583	3.02499	1.59634	1.85106
4.8655	6.53902	5.38822	0.70038
0.226122	1.5889	2.37766	1.63202
1.97714	0.529116	2.28017	0.0764914
12.2554	2.58034	11.3146	0.491059
38.2422	14.0619	-11.0789	0.984646
0.256723	-0.832842	2.64913	1.61108
2.41369	2.79992	2.56931	1.66339
6.53158	0.719352	-7.89864	0.994284
9.01571	-4.70962	-6.97704	1.87421
8.05332	3.89663	-5.32247	1.06537
0.970976	2.05027	2.97217	0.426405
2.77894	2.32242	2.39908	0.670388
2.80071	3.50507	4.87455	0.0851834
2.99309	2.53821	1.91472	1.56706
3.16959	2.49105	1.35074	0.652835
1.44399	2.08298	3.90752	1.04836
2.42037	2.67767	1.95964	1.06745
6.91559	5.81107	2.43611	0.759828
2.65408	2.48476	2.4154	1.29644
11.0431	6.78926	-1.67418	1.65035
4.37107	2.20546	1.97593	1.78966
2.79702	2.44216	2.50031	0.629746
2.48626	3.79256	1.82382	1.24478
2.80119	2.90454	2.37263	1.93935
2.75652	2.26954	2.07215	1.59412
1.64351	1.69149	1.66999	1.19906
4.9945	-4.04066	2.94884	0.649748
2.09133	2.50636	2.18145	0.198366
12.123	7.21472	3.93865	0.491069
-1.27191	-57.0821	37.3484	1.8219
-0.812737	9.07193	-4.93262	1.26399
2.50604	2.67411	2.18506	1.60458
9.93127	2.56699	-3.2596	0.220072
2.40392	2.47273	2.85192	1.76404
5.85586	3.69147	3.13664	0.736694
2.77339	2.49394	2.81243	0.461162
2.27841	2.96527	2.23008	0.216971
4.27378	3.45794	2.95225	0.199743
12.0296	-8.30049	-15.3876	1.80954
3.50064	3.17287	2.45231	1.04091
3.18951	3.67122	1.52053	0.226943
12.4532	5.19487	-7.33408	1.25826
8.98366	6.96308	3.88894	0.97172
2.45477	2.48145	1.08009	1.86818
-6.35904	10.2665	6.25719	0.120934
6.54083	4.65464	4.39576	0.9346
2.91032	2.92905	2.09543	1.69493
5.33851	2.50737	-1.96342	1.32867
8.10295	6.29857	-1.54373	0.936497
-1.02121	-4.16341	1.70867	1.27169
1.27521	1.34126	2.02187	1.07001
8.8088	4.04049	4.05234	0.972836
2.49333	2.44825	2.98673	0.519565
2.6398	3.66076	2.56094	0.376931
-6.99174	9.4879	11.586	1.65032
1.73812	2.01558	3.37394	1.1276
4.1839	3.04095	2.64832	1.48147
7.66151	5.80183	-0.356848	0.032556
2.7483	3.08679	2.70392	1.56831
2.88862	2.94725	2.2867	0.734269
2.12442	1.67008	3.37822	0.211474
3.40254	3.69072	3.96971	0.248207
1.14482	2.22288	2.66285	1.26285
3.84024	4.20259	2.72257	0.2725
-4.49462	13.7713	-4.6534	1.49332
-2.69099	5.01873	2.81016	1.16197
1.75641	1.37468	2.44155	0.176557
6.41754	2.77743	0.973609	1.73332
-5.0388	11.6977	-3.67515	1.95568
-8.51102	9.34745	5.00368	1.77896
1.27846	1.09404	1.01435	0.661439
3.0953	2.6746	0.0766199	0.39207
1.01823	12.7293	-3.7592	0.600186
4.09857	2.89961	3.28409	0.698726
6.12736	8.05444	7.16028	0.708936
-4.93842	-1.81758	5.52883	0.670175
0.817151	2.05884	3.91286	0.823428
2.57991	2.12437	2.70232	0.113716
2.83081	2.59479	2.51753	1.91211
3.07114	2.73949	2.14016	0.963227
-11.5957	5.44078	18.49	1.59203
2.63412	2.34577	1.98315	1.64057
2.21496	0.378326	2.04329	1.58185
-15.0834	-5.7722	5.10836	0.902919
3.44193	3.32594	3.23257	0.0990661
1.26468	0.580435	2.00819	0.639794
1.65749	12.9201	2.52362	1.04936
7.535	8.56548	4.57279	1.09403
1.73232	2.76478	2.37693	0.646511
4.43394	4.03074	4.9759	0.719568
7.76652	6.06724	6.04039	1.09501
-1.64277	8.67696	1.07577	0.607178
2.80626	2.62088	1.59157	1.13894
1.4642	1.87156	2.71523	0.0259267
4.25017	3.6099	9.73077	0.603994
2.9044	3.10403	2.44705	0.232388
8.15764	7.12255	6.5517	1.56544
2.21019	2.78783	2.46193	1.50376
3.86231	2.06728	1.90206	1.23094
3.16405	2.57193	2.3665	0.571178
8.65864	6.7403	2.4401	0.373962
4.61703	3.25434	2.58226	1.37035
2.08617	-3.69563	-0.619985	1.00623
3.14064	2.45271	1.92265	1.22692
-2.16504	6.5079	3.88683	1.41735
3.05122	2.81681	2.8479	1.08608
1.34508	1.63501	2.77101	0.803659
0.356763	1.01885	3.5876	0.437515
2.45375	3.14142	2.44964	0.162883
2.46347	2.38153	2.73907	0.393318
3.13084	2.13485	2.35842	1.24959
-2.29234	8.63818	8.62927	1.2364
2.8307	3.09896	3.9546	0.0391743
2.61545	2.61041	2.56915	0.0100449
2.46066	2.67237	2.23697	1.21128
-0.0566021	6.55679	-1.346	0.296899
-2.21678	8.16839	7.95043	1.84732
-9.77972	0.806125	7.97932	0.358184
-7.78976	-4.64786	-4.36503	0.680538
8.69426	6.6061	5.76887	1.03402
2.66022	2.67818	2.05742	1.69941
6.77511	4.95585	-1.95462	1.24027
3.2411	3.75865	2.24105	1.23812
1.31946	0.0430006	1.45076	1.9852
8.2926	-1.20381	-1.48633	0.232273
-1.71382	1.22118	12.1614	1.4884
-10.6031	7.15296	11.5904	1.99168
8.57065	9.13225	9.10992	1.63568
4.28051	-0.734601	-0.456922	0.8021
9.34208	-4.62617	4.01803	1.93804
-0.427858	5.27243	-2.27624	0.279401
4.65702	5.10692	5.69262	1.1549
9.73919	-0.365316	-3.4387	0.693781
14.0713	-7.25719	6.27151	1.8836
9.47321	9.86943	0.513944	0.45838
1.68452	2.31611	0.930267	1.09357
-0.742927	-1.13644	0.619131	1.29719
1.15677	2.3414	2.07574	0.0413927
10.0732	10.3376	9.25497	1.02623
3.52392	5.58734	4.203	1.82854
1.78443	-4.48094	7.20066	0.85278
3.26319	4.08339	0.77375	1.7218
-1.50579	-0.351567	2.82457	1.49264
1.77616	2.75885	2.9925	0.512495
-7.68776	7.85772	-5.17315	0.177076
6.14966	5.16908	4.7337	0.851864
4.27062	2.88416	3.54684	0.578894
5.25125	0.994965	-0.427687	1.80717
4.71451	-0.952657	3.79111	1.17345
2.0969	1.76445	3.2857	0.6899
-0.45198	11.335	6.41505	1.52063
-0.746108	8.58679	-2.68708	1.05305
4.08046	2.64351	1.5415	1.67054
2.22446	1.99801	2.40181	0.344058
-1.49394	8.60865	3.37643	1.11251
2.9863	2.03734	1.97349	0.0872308
8.44855	5.36587	10.2689	1.89441
-4.67581	-1.57193	2.05226	0.983947
2.28054	3.06296	2.49742	0.581027
1.76487	1.55487	-0.34384	0.786229
4.45374	3.38975	5.10203	1.26824
0.822504	6.60673	1.26604	0.300645
1.71369	2.8878	2.58056	1.83937
-4.42072	8.6269	-1.97908	0.125779
-8.4698	6.30061	7.48599	0.888413
3.54661	2.4276	1.9216	0.574583
1.50629	1.63734	2.54761	0.906946
1.33387	2.06191	3.11004	1.29513
2.61621	2.48231	2.60333	1.96667
3.91926	0.922075	0.712479	0.508763
3.70804	2.73585	1.73988	0.576555
8.19321	8.22201	6.66954	1.92576
-4.96844	8.81488	3.72785	0.805231
2.46176	3.01683	2.4181	0.698358
3.59243	5.13539	2.17257	1.9781
2.56845	2.81864	2.45465	0.978991
13.0748	10.8655	-2.54973	0.577524
3.14953	2.84565	2.62392	0.723195
2.99124	2.68594	2.10729	0.906757
-10.5754	7.22994	11.4808	1.17116
1.19814	-0.55959	2.97501	0.0516172
-10.8881	-16.074	6.03066	1.3967
0.828259	1.50983	-0.92917	1.21674
1.4879	1.31953	1.19644	1.10218
2.87072	3.18107	2.90812	0.496909
2.53849	2.46769	3.06024	1.24782
8.01901	7.02959	6.40907	1.90955
5.77502	-5.70028	7.57928	1.24654
1.36169	2.11974	2.53686	0.967019
9.87486	3.23605	6.31503	0.304927
1.97659	2.29078	2.43555	0.0571682
7.74635	3.31589	7.37304	0.871175
2.98939	2.48954	1.8532	1.21315
3.13832	2.75758	2.02399	1.80544
2.21564	1.93475	1.30509	1.62998
1.46826	1.97134	2.63011	0.236435
-0.148466	1.78332	3.3823	0.266094
7.22217	-3.5426	6.41441	0.626219
-1.70537	0.116203	3.905	1.69223
-5.6203	3.12847	6.87054	0.66885
10.3367	-5.16685	-6.52701	0.286803
8.38223	6.95325	6.39805	1.62772
2.1593	4.40765	3.74489	0.561156
3.07397	2.45258	3.20616	0.455714
6.58075	7.19397	7.00203	0.531696
1.36072	1.93461	2.64866	0.8739
0.902022	3.12702	2.32779	1.19559
-4.80956	-3.79834	4.22519	0.365807
2.96699	2.55697	1.98296	1.58069
3.19325	2.38692	2.37894	1.04791
-1.94379	-0.404078	1.84297	1.15499
3.15055	2.66712	1.78066	0.909197
3.31837	2.96394	2.17778	1.97592
3.00554	2.8628	1.81742	1.01086
4.27177	-6.13911	1.97892	0.124146
12.8285	3.7081	7.06508	1.60648
2.07236	2.44224	2.09387	1.90672
-1.12873	6.24646	-2.41957	0.439486
2.45382	2.15647	2.61887	1.46198
2.70941	2.37621	2.15683	1.37805
3.27339	2.23849	2.66504	1.16305
9.27061	8.48124	6.87687	0.850993
2.28017	2.93246	2.28456	0.165196
3.06904	2.83055	2.52221	0.268563
4.0905	5.01229	6.67601	0.49507
0.6456	0.477389	1.54406	0.216101
2.74013	2.3033	2.74794	0.663939
-5.04583	5.6469	6.01727	1.27193
3.28727	3.36377	3.15513	0.272214
6.56534	0.282511	27.4694	1.21946
2.67955	4.88368	1.45629	1.4405
16.5694	0.724836	-1.48471	0.171098
3.7424	-0.665335	7.988	1.46962
1.35294	2.26609	1.19776	0.707837
2.79679	2.32647	2.42675	1.86399
3.52641	0.897515	1.14272	1.27439
1.3441	1.34784	1.67561	0.409443
3.51785	2.69221	2.25945	1.16904
2.55492	2.47437	2.00547	0.331599
8.38298	11.1864	10.8649	0.285074
22.0195	4.49351	11.3665	1.2172
3.94398	1.3417	2.71894	0.89935
2.8782	3.0533	1.60237	0.217266
10.0914	4.1192	-4.49391	1.52028
4.80454	2.37207	0.704407	1.64993
-1.72897	3.56667	2.72714	0.476236
3.12941	2.99562	2.03947	0.742065
2.65623	2.34652	2.04991	1.95008
2.7704	1.83371	1.6926	1.24899
8.47956	9.16697	4.84059	1.02644
2.93615	2.82827	2.11325	1.09969
1.85235	4.82992	-1.11669	0.281069
-0.497314	6.53321	-0.579511	1.48171
11.63	6.16711	0.464888	0.680504
7.42205	14.4087	0.168809	1.92564
7.76992	9.20907	1.8759	0.555707
11.1049	-11.2723	-29.7745	1.45378
6.6007	-8.07295	9.63871	0.524436
5.15409	4.58587	2.01146	1.67563
14.0109	9.07194	2.47041	0.232929
13.93	-3.20029	0.188072	0.90213
4.04233	2.72752	1.32577	0.816187
3.59561	4.56692	-0.207444	0.514668
4.43079	3.14862	3.32927	0.686451
12.0137	2.99919	8.45869	1.79586
-3.76335	-0.385991	2.95285	1.6928
10.3865	3.5804	-8.69787	0.803674
2.66806	2.24121	2.55611	0.982337
1.6554	2.28537	2.7955	1.8505
2.80568	2.75443	2.56645	0.862177
3.21143	5.54233	5.2578	1.92722
7.54525	6.55454	6.43047	1.68661
2.3545	2.50836	1.62183	0.150388
-2.92747	-0.717881	-0.284433	1.71872
-3.59678	-5.48052	9.0073	1.93574
3.02505	2.49011	2.29265	1.74956
3.29968	2.56218	2.95091	0.734056
2.67397	2.93878	6.66966	0.741951
2.2317	2.46273	2.08386	1.70133
2.78014	2.5417	1.70083	0.742585
2.92641	2.8251	1.74949	1.41108
2.22653	2.47706	1.93952	0.420404
-2.81835	-4.59875	11.2628	0.484521
2.06064	-0.415824	0.266049	1.52143
4.63264	-6.22316	8.97867	0.346415
6.38864	-5.14509	-3.49978	1.77616
4.32663	1.23831	2.1141	0.24509
1.56632	1.7977	2.89424	1.07711
-9.16669	-0.509989	5.99529	0.409038
3.2339	2.96151	2.00656	0.564591
3.39579	0.77835	2.43729	0.481366
6.36754	-1.87859	2.65132	0.536578
-0.643671	-0.15708	3.3797	1.21823
10.4042	-3.5052	-4.72612	0.934789
2.19947	2.6277	1.56993	0.769266
-5.08733	7.04994	-3.84369	1.07314
4.1451	0.279844	0.270565	0.665011
3.45473	3.27436	3.75582	1.22271
0.648182	11.5943	-0.895634	1.95702
4.53521	2.94213	2.39112	0.679246
0.905287	-5.26718	3.27106	0.0751479
-0.12834	2.40649	-0.962141	1.07684
-10.298	8.83272	-5.69702	0.701054
7.66123	-3.56495	0.641636	0.405571
2.78651	2.57484	3.10307	1.97958
3.68681	3.07302	3.66145	1.06522
3.0602	2.65005	1.87297	0.140805
1.13759	2.14913	2.73017	0.578394
-0.325887	1.9744	2.42006	0.24038
3.32796	2.68513	2.00134	0.973154
2.92576	0.919181	1.89399	0.210663
2.49292	2.22117	2.47598	0.882856
-4.86462	0.136036	3.05374	0.272792
-6.67552	4.4303	2.65199	0.565898
-4.44557	-1.0689	2.45798	1.58433
-0.477544	-7.0478	3.34666	0.768512
2.8628	2.14782	2.25672	1.85369
9.20199	10.3072	9.62012	0.333036
-3.72802	9.56877	8.38647	0.345271
2.71106	2.43812	2.53238	0.654244
3.39081	2.71201	2.26033	0.83375
3.54804	2.53128	2.07396	1.12637
10.8845	3.03448	3.01184	0.501374
2.46927	2.38443	2.8007	1.87739
1.8042	3.50077	1.85467	0.169426
2.18458	3.63314	4.71657	0.0943483
2.48016	1.7907	2.70814	1.00843
5.76833	-5.71762	-9.65465	1.05285
-1.73779	8.87275	-2.93826	1.91359
1.39706	1.78039	2.56617	1.48004
-3.3226	-0.895933	1.12481	1.0257
2.7164	2.40537	2.1553	0.313752
-0.0843095	-0.834655	1.1902	0.134978
0.895555	2.1815	3.49581	0.251056
3.79299	3.0368	2.82316	0.237897
1.62833	2.92367	0.723582	0.0949976
1.66696	1.41015	4.43574	0.36662
4.26829	-3.42773	3.33962	1.85617
2.68401	2.03845	1.99291	1.42325
7.89775	1.06887	0.324389	0.60947
2.92644	4.14043	4.10454	1.6112
3.23641	2.99617	2.61562	1.23762
2.85831	3.00585	1.79835	1.97941
9.71232	12.949	4.76134	1.55577
-3.17723	5.64577	-4.23903	0.407178
2.86902	0.486754	5.04868	1.93071
2.33495	2.45324	2.18709	0.676521
7.27032	1.33508	2.27852	1.34929
2.6269	2.08965	1.37174	0.516977
2.89837	2.81828	1.92988	0.646935
4.6746	5.5879	3.96798	1.9884
2.09154	11.2561	-1.71554	1.93998
2.71613	0.791439	-0.169654	1.91528
1.08374	1.90918	3.22603	0.832739
2.59982	2.78982	2.04927	0.685901
8.39027	9.32955	5.32994	1.60209
3.319	2.51583	2.16938	1.8299
-6.75087	3.21476	11.472	1.76294
3.69506	2.76157	2.37381	1.10016
2.73259	1.83705	2.70737	0.587697
2.69977	2.52341	2.05796	1.99766
2.8454	3.2515	2.35611	1.75354
2.55933	1.60719	2.34022	1.83987
-5.4771	5.22126	-3.46386	1.9606
2.82258	1.96402	2.58022	1.28876
4.27573	-2.4073	-2.72487	0.538466
5.26495	2.21513	2.25192	1.17448
12.7474	10.0207	-5.37178	0.860587
7.25602	5.4581	6.15883	0.0638905
8.42694	-9.0134	-5.02152	0.163056
2.83128	6.84565	2.6592	1.16321
3.5173	2.43844	2.72948	0.201824
1.93969	2.91432	3.30134	0.440577
5.01846	2.55757	1.64658	0.552188
3.13275	2.28331	2.15216	1.44384
1.93739	1.6747	2.33722	1.36253
3.07425	3.01662	2.81167	0.368111
1.23931	1.88593	2.92558	0.879622
5.11507	4.23999	3.05841	0.232225
3.7758	3.61272	3.81442	0.984858
2.63458	-4.29495	-10.4034	1.26261
7.13562	6.58111	6.73569	1.81222
3.06847	2.94916	2.42557	0.318602
6.02072	4.74723	-0.851986	0.78429
2.73291	2.40023	2.63194	1.57449
3.74243	-6.86351	3.49386	1.85212
8.20364	10.7701	8.53829	0.196619
4.16253	5.73577	4.19571	1.74455
-0.487008	1.24276	2.91449	0.90994
3.33416	2.40045	2.26167	0.0335407
11.3844	2.14502	4.66157	1.39373
-5.89313	9.52135	7.65756	0.261901
2.375	3.44825	2.37244	1.49222
3.18915	2.39382	2.55257	1.23164
3.30858	2.76332	2.20097	0.451048
3.66953	2.82483	3.72615	0.390111
2.30984	2.41293	2.35634	0.228041
3.46913	3.13077	7.50281	0.388145
7.18789	7.46458	-4.64762	1.53917
4.24972	4.74421	1.74613	1.78782
3.28358	2.60868	2.75747	0.304303
2.97838	2.51661	1.66293	0.715436
1.44529	2.34404	3.04608	0.000160766
-0.941441	3.31524	2.39676	0.790604
4.13209	4.52335	5.83236	0.589553
2.31458	2.88324	3.13001	1.71298
2.98347	1.63391	2.01087	0.540948
3.88074	0.741122	1.84935	0.0097814
2.74304	5.86924	2.77838	0.618684
3.42128	2.65569	2.2882	0.28628
5.31341	3.07535	3.56055	0.388195
2.82063	3.13654	1.92857	0.427517
7.48708	5.26996	9.45645	0.0795727
-0.433827	1.7904	2.40912	1.37162
3.10767	3.78508	3.86782	1.47381
-0.988078	2.90595	3.84569	0.788655
0.097722	-1.09651	-4.7212	0.0833556
4.68028	1.43691	1.29841	0.461948
-2.17674	8.76928	8.52423	1.10475
-8.02047	2.5225	-4.98722	1.69982
1.98524	9.05904	1.48737	1.70406
3.08336	2.44147	3.23254	1.29844
1.52244	1.45002	1.86927	0.71462
-0.832427	3.83807	0.637087	1.07974
2.96949	3.44518	4.46159	1.70122
5.98668	4.1264	2.12416	0.894138
1.05415	3.56958	1.51539	1.52159
6.47991	-4.32147	-1.93167	1.26864
3.35444	1.39145	3.1148	0.624582
9.10019	7.39362	-1.94258	1.18944
3.77097	3.53523	4.58872	0.266196
3.21193	3.41259	2.07893	1.00462
3.19296	4.0137	2.53556	1.97002
3.74491	2.46381	2.88737	0.230556
2.76795	2.84771	2.25656	0.924567
5.76022	5.44512	4.62962	0.474673
3.04805	3.09413	2.05156	0.547154
2.7539	3.55242	0.300976	0.250875
1.3041	-0.14608	2.05236	0.668665
2.64689	4.95231	2.96383	1.36594
-11.344	5.59232	-3.43857	0.413776
-3.92549	-1.63945	2.93362	1.13046
-7.21872	7.32281	0.729317	1.45736
-3.07276	4.6601	1.12221	1.34443
3.23468	2.96771	1.77536	0.628384
3.95211	-3.7462	3.77475	1.77112
-0.0397941	2.52187	1.76483	0.31682
-0.682484	2.80919	0.709112	1.63136
4.83849	4.62542	4.41733	1.74034
3.98155	1.75323	2.54798	0.282004
1.9924	1.10874	3.24615	0.455996
4.45809	3.61756	3.55533	0.588172
3.08029	2.62576	2.78421	0.756245
-4.27124	4.46415	15.173	0.589031
3.3383	2.5585	1.90968	0.751474
2.61582	-0.124336	0.613878	1.57243
4.08819	2.87858	2.52603	0.826162
4.20379	3.70735	0.943787	0.203374
1.87481	1.70388	2.79187	0.283443
1.49267	1.60192	0.506254	1.2216
8.61366	8.08776	-2.76717	1.47202
8.53418	11.9354	8.71494	1.67613
3.23173	2.44332	3.28536	0.552578
2.7223	1.94692	2.09422	1.16283
3.47709	2.38815	3.2603	0.355824
2.96249	2.97103	2.33074	0.730735
3.00465	2.65611	3.06406	0.463612
-4.28821	-1.84238	-3.11295	1.83019
0.0763913	-4.25251	-5.77756	0.157947
2.77221	-0.611346	2.41268	1.64063
7.97541	7.36124	6.30265	1.88566
3.3816	2.86117	1.766	0.310507
2.92557	3.2773	2.45249	1.37733
6.85735	7.5263	5.31072	0.0793288
2.92481	2.44269	2.80335	0.122467
3.12196	13.9036	-0.382175	0.981996
3.09793	2.55603	3.01145	0.0594915
1.39665	2.21824	2.31229	0.948263
0.973478	3.3925	4.11137	0.307808
4.47425	-6.09391	8.62253	1.96753
3.20384	3.545	2.16749	1.05453
2.82368	3.52523	3.19354	0.954272
2.84087	2.86332	1.59438	1.5832
3.98283	3.71271	2.26016	1.79617
8.35686	-3.22155	-5.00086	0.902367
1.19605	-0.175928	3.04776	1.91485
3.3995	3.16967	2.09378	1.66066
7.19288	2.98895	0.387376	1.48685
4.58203	2.30213	5.44423	0.635795
5.53003	0.373188	-0.647231	1.00114
-0.501593	-1.00477	-0.152751	1.25698
3.31513	3.02209	2.71503	1.98046
2.67305	2.79956	1.86292	1.53382
8.65996	8.77855	-4.98556	1.91371
-7.23848	-4.16557	-3.94732	1.98496
3.73958	2.87515	3.13704	0.63793
6.14541	3.23963	3.91589	0.601592
2.80044	2.71525	2.14503	1.04044
2.46636	2.58046	2.35529	1.2268
2.91495	2.34762	2.08204	0.191253
9.89854	8.96499	-3.24945	0.723984
3.19873	2.94504	2.41063	0.241534
10.8288	6.7486	5.11863	1.35739
-3.59386	-1.31045	3.55746	1.59026
2.59225	2.34577	2.62599	1.3999
7.39989	-5.73578	8.95352	1.66343
3.51559	3.27156	2.30565	1.31823
5.61437	-0.213269	-3.18987	0.347725
-1.55658	3.0422	2.80145	1.01109
3.44619	2.33972	1.56754	1.25339
3.03563	2.65802	2.68325	1.33613
4.11729	2.92374	2.65294	0.888912
0.637166	0.717776	2.65539	0.00797862
2.46506	2.11685	1.98995	0.894474
4.60193	2.90896	1.7834	1.55526
7.80373	-4.00581	-9.93137	0.846683
1.93471	2.91474	3.10362	1.36506
2.51914	3.20485	2.57406	0.605584
2.63982	2.76176	2.49066	1.76694
2.43428	2.8112	2.35419	1.71047
0.864474	8.42902	-0.188812	0.899175
-5.05946	-4.42967	3.85851	1.14074
-6.4775	1.66348	7.57318	0.610626
3.1086	2.65124	2.69593	0.685305
3.27777	2.21564	2.32566	0.257784
1.69352	4.93833	3.91302	1.01499
19.5555	17.0898	-37.0282	1.73338
2.16755	2.59329	2.8662	1.65953
2.91243	2.81558	1.79385	0.0562572
2.70319	2.94304	2.25937	0.503665
4.81157	0.977947	3.02375	0.0872571
4.06553	4.4531	2.40373	0.0656741
4.46811	1.91577	1.59556	0.312154
4.12999	4.59991	1.94648	1.38979
-7.65814	7.83059	-1.31644	1.66509
3.36967	4.1033	5.16124	1.92928
-1.10091	1.26974	3.40278	0.281483
2.71238	2.60793	2.96867	0.594372
6.50228	1.26966	4.75786	1.56753
2.60769	2.57597	1.95212	0.35772
4.54766	0.179809	11.9325	1.76887
3.1944	2.45268	3.33868	1.13539
0.588887	7.81658	7.36829	1.65292
11.9485	4.74116	-3.00993	0.578171
3.3205	-3.16861	4.13218	0.244069
1.93285	3.5633	4.29788	1.8258
4.77227	2.72401	1.47517	0.0152801
5.98559	-2.39162	0.729088	1.25138
2.9791	2.67125	2.13152	0.12667
2.01084	2.78542	2.03868	1.14597
1.3383	2.29403	2.9849	1.30959
11.2874	11.1819	1.34117	0.196032
3.46282	2.288	1.9175	0.699079
2.14879	2.39337	3.50607	1.93646
8.19018	-1.6669	-1.64026	1.77288
0.789535	2.35569	3.34365	1.92791
-7.32115	5.50389	6.88411	0.407499
2.50275	2.45211	2.65278	0.684145
0.621356	16.2616	0.105043	1.56681
9.54255	4.48197	2.4148	0.682265
1.90473	3.9451	2.92138	1.02112
2.77121	2.51502	2.04279	0.280101
2.90606	2.24865	1.65453	0.769149
0.0631975	1.31677	2.35	0.601652
2.40339	2.47735	2.27095	1.34514
11.0216	12.2966	7.14273	1.44747
2.44839	1.66273	2.60411	1.64843
1.46025	2.01296	2.63514	0.533412
3.0718	2.58821	2.85735	0.461556
-5.78628	3.30969	5.78944	1.44268
2.53916	2.80589	1.97504	0.655452
2.14879	3.09152	1.96579	0.9936
2.56814	1.88267	2.01822	1.72882
3.20567	3.09316	2.1232	1.74386
1.92829	6.87437	3.75014	0.29556
2.60252	2.32392	2.6385	1.94776
2.55662	3.14714	2.07964	1.05329
2.06501	1.68231	1.75671	0.317014
3.503	2.73822	2.59992	1.81748
-0.0551813	-0.478083	10.2242	1.27723
2.55673	2.50771	2.64632	1.32471
-4.43857	0.412807	-6.14674	1.9089
10.5634	13.7327	8.35428	1.3406
2.67956	3.15175	1.84254	1.61888
2.77645	2.62808	1.85803	0.31254
2.92001	2.61656	1.7516	0.79427
-0.88903	1.53918	-0.881461	1.49264
3.81576	1.82573	2.36723	0.327419
7.10192	-3.65608	-5.88835	0.0904908
