2.35975	2.67254	2.43151	200
2.05981	2.81277	2.68532	1.59688
5.69612	5.97993	7.25618	1.53646
2.21105	3.40382	2.36872	1.25774
3.27248	3.39498	1.97137	1.83239
2.37067	2.51676	2.3309	1.21394
12.5915	14.1847	7.83389	1.60835
5.95227	5.46032	4.63451	0.217618
-1.71298	8.18855	8.4046	1.67822
1.53069	2.05007	0.789953	1.04857
-3.88862	5.23031	7.28594	1.54272
2.8101	2.29901	1.7557	1.78306
3.46197	1.76755	1.32907	1.83805
6.95947	-4.60391	-7.31551	0.172112
2.57624	1.84565	1.88434	0.697786
3.4084	40.2529	-0.672968	0.126192
15.0638	-4.44532	-2.55173	1.70184
3.27842	7.75098	2.65078	1.5205
2.3517	2.57378	2.41365	0.0785607
13.6893	-2.65244	1.49815	1.4419
-1.94937	2.4458	4.82157	0.708097
2.14402	2.25056	2.00259	1.76015
6.58367	4.14442	4.69998	1.78674
2.75996	2.81535	2.7715	1.17728
4.67846	2.34978	0.402711	1.84794
2.93901	2.38848	2.4511	1.82194
1.63592	2.23069	1.98711	1.84026
3.04524	3.51292	3.94541	0.863907
2.32357	2.49682	2.32507	0.614916
3.03523	5.04422	2.61314	0.552469
1.35886	2.39524	2.3808	1.81361
3.62193	7.7531	6.39008	1.52095
0.862449	0.277177	-3.67467	0.766377
1.87736	2.35209	2.69919	0.464523
-1.51139	-0.561045	2.75857	1.4643
3.94226	-5.18419	3.35459	1.49014
10.1032	-5.80229	7.42061	1.04313
3.10646	-2.01913	0.435705	1.46531
-4.82314	-5.39571	-2.67306	1.51947
4.15943	5.27901	8.36476	0.156464
8.02805	6.16701	5.39136	1.63935
4.32461	3.01244	4.55729	0.315614
-3.31734	13.7514	-4.59193	0.250937
-3.93023	10.258	-5.16208	0.144658
1.4161	0.322854	-12.533	0.360745
3.15557	2.77536	2.25048	1.63939
2.29262	2.64748	2.58917	0.905152
2.49405	2.17987	2.17102	1.51459
2.93361	1.84254	3.17861	1.75523
-1.14934	-5.23185	1.49263	1.49561
-5.46367	-2.68425	-4.10045	1.66208
1.04828	-4.41924	0.146998	1.96719
-1.40821	7.3756	-3.86189	1.66002
2.60903	2.38988	2.07708	0.496088
3.00832	2.38286	2.0825	0.633734
13.1696	11.3635	4.58252	1.26614
2.16335	2.50261	2.74235	1.94293
2.70697	0.0872685	-1.55776	0.226561
3.14545	2.60298	2.48975	0.901835
3.17907	2.52786	2.16224	0.00646292
3.21138	1.79143	1.73474	0.467783
2.24479	3.21056	3.02236	0.609911
2.31614	3.21154	2.33986	0.0817286
2.08441	1.95424	2.57297	1.27528
5.95819	2.91996	0.609724	1.25432
-2.48968	10.5541	-2.97157	0.404426
-10.6666	12.1881	1.74867	0.514531
-6.00307	-3.25141	3.97414	1.75477
3.81654	3.32838	2.50653	0.723202
1.79101	2.45304	2.62137	0.577556
10.178	2.75349	6.70079	0.379502
-2.22138	4.54936	-3.08236	0.662958
2.54846	2.35717	2.46057	1.83786
2.54444	2.95294	2.69901	1.37157
3.63347	3.15223	0.666899	1.83255
2.67029	0.861969	-0.240423	1.09608
10.3067	0.204874	-1.8771	1.74796
6.35301	10.357	-5.04016	0.547822
-3.60617	2.76325	4.77228	1.69788
6.72663	6.42841	5.18939	1.36836
1.63788	2.36993	3.06377	0.984843
2.08244	-0.325172	3.4955	0.443931
2.689	2.93983	2.4785	0.720885
14.3364	-2.53995	2.11492	1.24419
3.01195	1.87621	2.89658	0.669943
1.71931	1.89756	0.943013	0.517812
14.3464	7.86488	5.5353	1.29441
2.30023	3.06797	0.79226	0.182297
2.95212	2.61874	2.35325	0.530923
2.28052	2.79239	2.21643	0.314544
2.67122	2.67264	1.78738	0.415687
2.24613	2.44145	2.50324	0.788777
2.81982	1.95885	2.4694	1.27731
2.4211	1.12542	5.26773	0.272149
6.58349	3.29981	1.92468	1.54877
15.6125	3.63222	2.79937	1.44201
7.99688	-5.28618	2.42025	1.41582
3.59535	3.02089	2.48108	0.187839
1.04315	1.33117	-0.612366	1.31424
-8.9863	5.40258	6.9793	0.106845
1.7771	2.019	2.98769	0.88512
2.46098	2.78242	2.40051	1.0598
1.32736	2.89643	3.64248	1.77745
9.54771	2.58666	7.79963	1.05149
1.99118	1.54687	3.67277	1.65962
0.612105	5.24968	-3.62177	0.339299
0.269192	18.635	12.7396	0.581657
2.25979	1.96618	2.19517	1.62982
-2.95209	-0.275756	-2.27384	1.55651
6.40746	4.3669	2.24101	0.442019
12.2133	1.04737	6.57082	1.34921
2.31702	2.2629	2.33351	0.802375
1.70021	1.85962	2.48536	0.771496
2.17087	1.77622	1.81531	0.0291587
3.06757	2.42615	2.7888	1.47482
2.3355	2.45281	2.31063	1.83918
7.74925	7.93199	8.06106	0.623901
3.171	2.26091	3.06804	1.68782
2.18492	2.12061	1.78894	0.801418
1.60363	0.90524	2.32685	1.35562
8.19187	9.52444	7.13107	1.37144
2.5697	2.76404	2.26257	1.13566
8.97237	8.63244	7.26224	0.523141
8.24595	7.11782	2.69177	0.682709
4.34353	3.34325	2.92931	0.626459
1.56033	-1.01686	0.556191	1.00692
-6.89312	-10.0902	1.08339	0.382223
2.08679	3.00117	1.90274	1.09479
1.99498	1.87563	2.59408	1.85315
5.77608	5.53645	4.10515	1.10514
-1.92919	-8.11224	-8.36043	1.18899
-3.96917	3.20809	2.84943	0.649083
2.44562	2.35062	2.74796	1.51865
-3.32419	-3.80411	7.80522	1.20876
2.41384	2.68325	2.14282	1.73017
3.34425	1.97189	1.77142	1.22396
-2.86329	8.11522	2.14558	0.296684
-3.27968	3.98739	-0.0842467	1.0363
0.12239	2.1147	3.56592	0.97962
-7.85899	5.16736	-4.15246	0.769317
4.5538	3.35124	2.50111	0.826156
2.63434	2.27885	3.60496	1.43519
2.72124	2.49978	2.596	0.893485
5.80178	-4.03949	6.03893	0.148521
1.63003	2.23035	3.45648	0.439576
2.29414	2.76726	2.76828	0.925704
1.82919	4.2188	1.48684	1.89782
3.56448	2.85499	3.07611	1.07349
2.21229	0.146841	3.39022	0.932337
-5.48604	-1.33613	12.8131	0.916078
-8.32002	-6.6825	0.776094	0.515171
-4.88711	5.0813	7.62064	0.804758
2.60507	1.93189	2.65897	0.382055
2.43277	2.51772	2.60653	1.83305
2.18563	2.81283	2.74581	0.219555
1.98598	2.09736	2.57943	1.18538
-5.7214	-5.95139	1.47949	1.12174
6.84677	6.40291	1.73366	0.687683
6.76676	-3.99385	-6.17228	1.54137
-8.55262	-2.19672	8.16468	0.895963
-0.811085	6.55349	-1.0769	1.93136
7.45512	6.96843	5.58776	0.732056
1.5981	2.21494	2.50561	0.545974
-9.21728	5.78439	-10.3033	1.24639
2.79099	2.58461	1.79975	0.564568
4.82482	3.31512	-0.431106	0.352478
14.3095	12.5074	3.70667	0.0277325
7.91545	7.35081	9.16786	1.29709
1.47425	4.44519	-2.12053	0.141114
1.36807	2.05025	2.43049	0.586355
1.65762	2.40831	2.8884	0.381418
2.5182	2.68141	2.31724	1.50677
11.3471	-7.61183	7.30968	1.0471
2.23899	2.59073	3.2435	0.655232
-3.11137	-0.703242	3.64676	0.100336
2.8406	2.14197	1.98225	1.36384
2.53347	2.65133	2.49629	0.595866
4.65796	2.56905	3.26644	0.106879
8.87782	10.8582	14.3199	0.272341
-8.06321	4.57139	-3.79789	1.891
11.7749	-4.52987	-6.07352	0.513938
5.88317	3.95521	2.52768	0.952709
3.00257	1.40643	2.97322	1.1645
5.15551	3.75741	2.52609	1.26717
-5.73382	9.46717	-4.52262	0.695092
2.31344	2.18434	2.04285	0.614337
1.97523	2.31271	3.29889	0.538045
3.16604	2.30236	1.9144	1.51842
6.6417	-2.26408	2.49334	1.69025
2.54306	2.94432	2.30184	1.33592
3.60107	5.13457	3.26349	0.512456
2.04763	2.29876	2.46573	1.22282
-1.21059	3.2184	2.0055	1.47349
0.125687	1.35276	-1.27651	0.0477264
3.49979	2.57408	1.79653	1.41652
2.81664	2.93997	2.26436	0.156516
3.71469	3.52358	3.88782	0.0867894
4.73235	3.82837	0.602923	1.22248
1.83225	-8.19114	-5.71483	0.332188
2.07686	2.44224	3.11441	0.0139602
2.59347	2.34669	2.38377	1.84514
6.46722	-10.9292	2.52286	0.202961
2.80515	2.58667	2.34221	0.190086
5.64686	4.1147	2.54776	1.87543
-4.55094	8.90286	-2.09144	1.69055
2.5682	2.59231	1.91977	0.868796
1.82434	2.45237	2.07032	0.259952
10.4177	11.9878	5.37476	1.31976
0.842251	-0.31453	-10.9811	0.421726
2.09575	2.44318	2.41809	1.88644
-12.8508	6.31215	5.9704	1.02987
0.40601	2.27518	2.9243	0.320324
2.59131	2.87929	2.03145	1.29957
8.92832	9.27355	4.59115	1.5605
-4.36763	-3.88961	1.28501	1.73439
11.0319	10.9536	11.8306	0.354266
2.32932	2.63059	2.3197	1.19238
2.53991	2.65795	2.65672	0.81323
-2.19888	2.2606	0.232317	0.443452
-5.77887	11.5575	13.1986	0.194981
2.17945	2.55251	2.48581	1.86836
1.62476	2.02311	2.66549	1.27041
2.43781	2.66154	2.19365	1.15763
-4.46105	2.08017	-2.1828	1.19941
8.89778	8.00852	7.37818	1.55482
3.98496	2.33081	1.77555	1.33341
10.2904	10.0505	-2.82141	0.204467
0.238446	0.408005	2.41989	0.575473
0.520622	2.51861	4.96815	1.01383
-6.51178	1.09365	6.23384	0.589203
2.96644	3.00298	3.13405	0.465696
2.67291	1.83126	1.54014	1.62599
3.93007	3.29851	2.48894	1.23516
2.57613	2.88927	2.8839	0.153507
2.67815	2.49484	2.24848	0.719572
2.77672	2.24594	2.52175	0.201371
2.64455	1.57437	2.198	0.208348
2.10616	1.95372	2.79474	0.733593
4.0065	11.5979	13.5359	0.13647
3.40717	-0.668308	2.94623	1.3497
2.22605	2.85768	2.44921	0.448831
2.10665	2.49711	1.9648	0.25216
1.34952	8.15932	-0.00531034	0.384972
-3.08624	-0.892894	2.90398	0.369155
8.1841	-3.72538	12.8224	1.61723
7.13149	6.27747	5.21328	0.0894589
-8.23262	-3.52374	9.85575	1.72253
9.77007	4.35679	-6.11454	1.33582
2.39484	1.72708	2.02658	1.42381
2.30506	1.93961	2.61143	0.309421
-1.25087	3.10651	1.81343	1.06503
2.09915	2.22565	2.69783	0.920135
-5.25313	-1.43907	1.84154	0.383261
1.56194	4.57837	1.60759	1.30617
3.73332	1.13135	1.84877	0.852823
12.6696	8.68748	5.55269	1.61871
0.659093	7.20928	4.75638	0.56856
-0.285356	3.96697	2.55656	1.70757
2.1583	2.53327	2.2588	0.280676
2.52715	2.60734	3.3895	1.93539
3.36572	4.28496	2.11929	1.60521
2.63576	2.44751	2.45681	1.06468
-6.58029	1.01111	-2.06366	0.177057
5.817	5.58995	-0.796046	1.79904
7.91802	5.31222	5.61197	0.439707
5.56716	2.17234	1.21207	0.922978
1.77282	3.98981	3.31076	1.67107
2.348	2.3796	2.26051	1.34512
8.26282	-4.49874	-7.86199	0.769018
12.5116	2.07676	2.47521	0.206487
-5.05733	-1.86234	4.72568	1.84281
-3.01607	9.86372	-11.2575	1.93679
-2.95708	-0.498092	2.3777	0.574379
1.23713	2.80285	2.25451	0.0729918
2.2478	2.54784	1.84088	0.570298
2.84123	2.80893	2.06633	1.24812
2.25812	2.73135	1.68369	1.99208
8.46023	-5.78226	6.72429	0.529248
2.44011	3.06524	2.73785	1.4594
1.94479	9.30801	4.74042	1.77902
5.5371	-4.32215	6.30291	1.2784
0.164264	1.18028	0.294493	1.74011
1.98123	2.75148	2.52086	1.65724
7.87514	7.37191	9.14224	1.72157
3.01854	1.99794	2.02914	1.81902
3.14068	2.61576	2.06537	0.375386
3.94511	2.70847	4.36092	1.25576
2.37761	3.36367	2.66181	0.757598
3.05297	2.08467	3.20704	1.30013
2.37576	2.10838	2.62564	1.79071
1.66063	2.29321	3.12538	0.928786
3.45465	5.77912	5.57298	0.668032
1.95274	2.28916	2.67733	0.049151
2.83745	2.63014	3.10924	0.770563
-12.9403	6.20701	5.93962	0.289892
27.474	14.6535	-26.6339	0.493979
7.16077	6.4426	6.83181	1.68823
3.03251	3.02578	3.30851	0.9537
14.3678	7.7985	-7.39146	1.76145
3.89287	2.83366	3.40476	0.556009
1.14454	1.79333	4.33847	1.17307
1.79054	2.41971	3.03552	1.30752
-6.27286	-1.75947	-3.06261	0.779333
2.3081	2.84415	2.04217	1.48035
2.02771	2.84047	2.82668	0.199259
-1.20392	3.93289	6.97721	0.086758
2.66045	2.7673	2.24285	0.854591
2.85204	2.75586	2.00255	0.46513
-11.2178	7.16798	-8.88695	0.946091
4.01837	3.66779	3.34502	0.334482
3.53268	-13.7641	16.5723	0.582863
6.34736	8.22524	9.6798	0.224313
7.73709	7.04719	6.86603	1.35632
-1.0456	-1.28304	-1.66064	1.45369
1.23157	5.06376	0.278099	0.180259
2.69592	2.07107	2.76348	0.763205
-2.63974	8.53684	-2.62703	0.780101
-6.77757	-5.92215	-2.67478	1.41723
-7.36269	13.6725	4.04954	0.309853
5.77559	3.39327	3.60444	0.0700779
2.3236	2.48838	2.72132	1.17439
2.73975	2.05329	2.24285	1.14624
2.69651	1.69717	2.88701	1.72975
2.61184	1.46441	2.42789	0.389895
8.74905	5.8789	-7.83601	0.120918
3.74722	2.74811	2.915	1.97908
5.78356	-3.92164	1.93397	1.1285
1.08514	3.15774	2.5855	0.896645
2.10875	2.33409	2.04512	0.315109
2.71108	2.91061	2.19723	1.65523
2.03239	2.29855	3.26429	0.290746
0.0844604	2.60975	3.93122	1.01523
5.5275	-3.52658	11.4163	0.245328
11.0016	12.4376	6.02834	0.648193
2.28422	0.0814668	4.14291	1.81409
2.15033	2.7762	2.33901	1.11729
2.66081	4.91134	-3.80975	1.09472
1.99104	-2.77153	-0.910473	1.1164
4.92301	6.12991	3.07823	0.441357
8.95175	4.04992	-10.5321	0.0930253
2.25384	3.42057	2.64525	0.0736352
2.49716	3.57269	3.76186	1.47959
2.16551	1.52229	2.34457	0.41256
6.95354	1.81444	4.5871	1.07406
-2.38961	-2.62279	3.54178	0.267096
1.37724	2.35968	2.69074	1.53761
3.93137	1.84612	1.77096	1.06651
3.04805	3.17976	1.74984	0.816834
2.6887	-1.29359	3.92486	1.29534
2.98162	-1.24636	3.59162	1.13676
9.72043	4.79365	-6.62837	1.58462
1.78891	-0.205372	2.71763	0.859227
2.74174	1.63011	2.2153	1.89742
2.45832	2.83361	2.17987	0.799847
7.90655	6.24152	5.83532	0.178859
2.45716	2.41265	2.42019	0.877848
15.9159	0.552787	5.13615	0.584415
2.4645	1.90662	2.03202	1.60928
2.86046	2.71319	2.2489	1.08977
14.2276	0.10523	-4.55675	0.391076
2.59851	2.50437	2.35626	0.426244
2.17397	5.37004	-7.83695	0.885577
2.72887	2.41231	2.11609	1.98706
2.93101	2.31557	3.52274	0.642093
2.47812	2.81348	2.6088	1.44475
2.58922	2.07994	2.46335	1.00296
9.32388	9.23352	7.28955	0.567834
9.97211	6.44979	6.43958	0.780578
3.85269	2.51552	3.37168	0.70218
3.59324	2.26211	2.74476	0.108428
1.64756	2.15632	2.37748	1.64368
2.5568	3.358	4.25219	0.658617
-2.34849	-9.62674	4.27951	1.9847
2.69627	2.50448	2.34626	0.678142
-7.40033	-5.47159	3.10871	1.50587
2.35075	2.29879	2.15009	0.239168
1.92702	2.39882	3.19289	0.423209
2.17894	2.60787	2.75557	1.45154
2.31468	2.11058	2.12581	1.89362
-10.2422	-2.87888	11.1297	1.58599
1.36149	4.3322	-0.156704	1.35326
5.04417	9.14404	2.76126	1.21836
3.8524	2.4914	1.76324	0.760869
2.63405	2.43338	2.31078	0.934548
1.80838	2.95334	2.90962	0.430132
12.1815	-3.79697	-4.51419	1.65179
2.3923	3.00098	2.75259	0.104021
14.5295	4.66853	-4.88539	1.25119
2.82983	3.37205	2.04915	0.566277
-1.05036	6.27812	-0.494342	1.45781
-2.80501	7.78712	8.24418	1.39548
-11.0855	-8.06545	5.1153	0.0234906
3.06999	1.64549	2.54145	1.63059
2.53806	2.66702	2.65125	0.0936946
0.299037	10.0749	4.62444	1.6701
2.0827	2.37877	1.60738	1.6787
1.89751	2.70251	2.06486	0.967485
6.39941	4.492	8.04524	0.0748127
2.05821	4.19085	3.27428	0.0580213
-8.71049	-7.16329	6.90216	1.02277
-6.07233	5.96128	6.92674	1.06529
2.33954	2.61389	2.38959	0.182628
0.641403	0.256145	2.27919	1.68896
2.13995	1.26576	1.65553	0.392855
2.22971	2.57644	2.58766	0.461355
3.39689	2.51401	1.90286	0.180736
14.8645	3.50505	8.87619	0.292271
4.76139	1.95098	1.44992	1.2949
5.46547	5.06007	1.61518	1.72584
-1.21153	-5.2983	-0.429651	0.667664
1.28191	-7.89799	10.2447	0.120311
2.83311	3.05509	2.5768	0.834979
2.40416	2.44255	2.5986	0.979195
3.11267	1.92693	2.22188	0.0887322
2.69104	1.95372	1.38228	1.64575
2.21852	2.49779	3.00125	0.574362
0.489875	-1.76032	4.2985	1.56859
-8.05086	10.8949	13.0374	1.69591
1.18364	6.55531	-0.221233	0.505069
6.55551	-0.106054	-1.02903	1.65411
2.53682	2.76823	3.3016	1.86203
7.64667	-10.0717	-0.00639393	0.307846
-10.1519	9.83244	-0.488479	0.910883
2.27713	2.49214	2.38953	1.69226
2.34368	2.06777	-2.09246	1.01511
4.64086	2.15243	1.91693	1.96396
2.73115	2.19947	3.66374	0.407156
5.4111	-3.20898	3.09916	1.05951
-0.0287698	-1.53036	0.994396	0.914341
3.38659	2.28399	1.71569	1.67974
2.02746	2.26445	2.51139	1.23187
8.76328	6.7256	8.10151	0.265115
0.434862	1.10538	-1.6174	1.85541
-6.5698	-2.25925	-1.0101	1.77206
9.23751	8.84211	6.57849	1.37509
12.1335	5.44324	13.4336	0.542936
2.69386	2.94465	2.31412	1.42287
2.91657	2.15865	2.37869	1.43249
2.93625	1.94376	2.34516	1.92527
-5.02317	-8.26619	8.9175	1.63039
1.18973	3.00139	2.4445	1.45555
2.29109	2.27083	2.3842	1.98033
3.04714	1.98357	2.4604	1.69105
-13.4954	-6.23479	7.48337	0.582376
-2.93298	-7.68747	3.86706	1.37459
7.85613	19.7719	0.767672	0.225976
3.25627	-0.283084	0.816909	0.570159
3.04677	5.05467	2.58904	0.833412
3.4198	-6.2884	-1.18917	1.27411
3.4685	2.36888	1.97265	0.585111
-0.546543	0.785666	1.04868	0.570729
11.1609	5.08192	-6.70972	1.54603
2.45832	1.76139	2.56663	0.572149
2.42266	0.0199865	3.95865	1.06727
2.03945	2.43519	1.32435	0.259085
2.21213	3.1824	2.08006	1.10327
-8.1251	4.84557	7.52154	0.515877
1.86389	2.12611	2.42594	1.82145
1.79634	1.08062	2.15181	0.641544
-2.20797	-10.7357	4.63306	0.0887237
2.03216	2.43198	2.78226	0.969839
2.29945	2.43523	1.90003	0.0350396
8.24702	-7.13521	9.97488	1.69938
2.41486	2.1564	2.45566	1.03687
4.96028	5.08121	2.02376	1.66612
2.10548	2.65827	2.20251	1.0535
3.17991	-2.47941	-10.222	1.91819
-9.95935	-1.45573	4.39903	0.128683
2.53255	2.77211	2.03935	1.82671
1.21347	2.13561	2.07582	0.535157
12.119	7.53168	5.64803	0.322706
1.98768	2.55498	2.914	0.310578
13.3862	10.5287	4.96156	1.02905
2.38612	2.25607	2.22894	1.59695
2.26286	2.66279	2.82158	0.769078
2.39032	2.85241	2.2622	0.651036
3.62053	-8.99988	8.30344	0.316632
1.67447	2.6381	3.22192	1.94209
4.56138	4.23928	0.835084	0.0378658
8.12412	-7.1825	1.92055	0.340736
11.5594	2.43574	-9.30793	0.102763
-1.26465	-11.2867	-1.64712	1.13346
1.43727	1.92263	2.61052	0.890157
2.66634	1.53868	2.87876	0.926756
1.53129	5.09835	2.86793	1.9285
9.45278	7.64967	7.43177	0.853807
2.43052	2.65348	2.1829	1.30503
2.13352	0.150148	0.835906	0.296471
-5.21805	8.24584	5.76739	1.35468
4.82461	6.83718	5.73153	1.69782
2.01638	2.83623	1.50867	0.0507099
-0.398418	-1.95653	9.79087	1.98755
8.01851	10.9574	-3.09072	0.506552
10.4598	-5.9116	-8.19253	1.49754
2.43457	2.99789	2.07919	1.6818
0.698537	14.7941	-4.78394	1.05741
4.9709	4.76904	2.49159	1.93176
4.58202	4.82939	3.1985	1.79025
-2.97263	12.7386	-3.69048	0.481875
4.84934	2.56643	1.02955	0.494861
2.40116	2.25227	2.39723	1.35531
3.97684	4.25208	2.47056	0.0941316
2.71886	2.7637	2.80253	0.105954
6.06708	-2.06311	-3.14145	1.56761
2.00395	2.59795	2.22255	0.608151
-18.1061	25.8899	64.4999	1.7666
-3.86922	2.22745	-0.166623	1.69328
0.883311	0.775278	2.32089	0.0970635
-16.7193	-2.96458	-14.6013	1.27547
-22.6218	2.6544	-3.26457	0.165135
-2.96109	-5.23401	11.1369	0.0643678
2.96487	2.88883	2.09531	1.03142
2.54356	2.66382	2.48953	1.4856
7.92917	7.80795	7.9154	1.60687
2.18117	2.30831	2.76003	1.33512
3.51117	0.142275	1.30321	1.32193
3.47794	3.104	2.20817	0.229188
5.65708	-0.880831	3.045	1.15041
2.12196	2.09522	1.98559	0.0122439
2.89546	2.47562	2.57585	1.10978
2.20658	2.77282	2.29554	0.238448
12.6509	-10.1972	-6.0796	0.998555
-12.9978	-2.79843	6.88585	1.56683
1.7435	2.51421	2.45912	1.31163
2.6699	2.25266	2.49608	1.84019
5.7557	0.394905	6.50896	0.565669
2.4229	0.918691	1.7558	0.700415
9.48346	-2.52146	0.523916	1.03024
8.27498	5.01976	-5.05957	1.02605
5.57429	7.99832	0.686272	1.60142
9.58453	4.76903	-8.29729	0.893243
4.36079	4.00031	5.35881	0.774545
2.86515	2.15839	2.94224	0.996305
2.34079	0.69885	2.0232	0.281368
2.7732	2.48654	2.7297	0.862815
2.71244	1.55777	2.24002	0.0662963
4.30415	17.1031	-0.761376	1.45071
2.41027	3.11839	1.6139	0.535223
-7.29489	8.10041	-7.33843	1.59936
8.67568	-8.38871	2.07626	1.82052
0.525367	4.02955	4.12213	1.05984
7.86463	4.32592	0.512588	0.404653
11.1613	5.14539	-6.78239	0.28016
-0.637357	15.6266	-7.45793	0.312513
1.9577	4.33666	0.711128	0.598014
2.81244	2.11956	1.63591	0.0309688
0.791994	0.846986	3.77344	1.31308
-0.500288	6.26887	5.33674	1.57405
5.65959	5.27812	3.78509	1.58682
15.2793	-4.63174	-1.54722	0.847923
3.15934	2.04244	3.82388	1.41304
-18.4046	2.43936	17.9019	0.741729
2.37052	2.31436	2.01835	1.46909
3.7534	3.67337	3.42039	1.33984
2.13516	2.107	2.14484	1.22972
4.87649	5.54337	2.68656	0.127465
-6.31621	-9.32124	-5.56641	0.0661813
1.33017	2.1837	2.33477	1.71084
1.73397	1.94397	2.48721	1.38416
3.80223	2.11307	1.44744	0.430067
2.82157	2.48808	2.41798	0.642343
0.862596	-4.97452	1.19917	0.973297
2.54281	2.43874	3.70155	1.66419
3.32854	3.5298	0.92207	0.158561
6.93638	-5.66067	1.60045	1.85721
1.66265	2.60167	2.92024	0.176401
2.56279	2.79405	2.25231	0.697763
2.87635	2.53138	2.64005	1.87958
2.77171	1.67712	2.8504	1.09071
11.6554	9.33861	7.78774	0.955773
5.22662	3.63724	0.776267	1.56081
6.25724	3.1966	1.04116	1.71826
-2.11029	0.0784847	-6.66627	1.12926
2.28027	2.41279	2.43366	0.264
1.50024	2.13285	2.47089	1.3768
4.33716	2.47747	-0.1275	1.70478
-14.2469	-4.14312	7.06244	1.54276
2.62183	1.95001	4.73836	1.42161
2.31356	2.24502	2.04127	0.400336
2.60098	2.56994	2.54387	1.44768
3.44969	3.87854	2.37819	1.72888
13.0474	2.43031	4.37548	0.673005
1.57955	2.94309	1.66322	1.30151
1.95814	2.32188	2.05564	0.160811
3.95537	3.8723	1.53882	1.36691
13.5425	3.7253	8.47558	1.78782
-8.90375	-7.59792	7.38729	0.850721
13.1393	9.90883	7.95613	1.11867
2.26245	2.17595	2.32104	0.838381
1.93217	2.86718	2.63448	1.50676
2.38431	1.08471	1.53507	0.839319
2.55587	2.71872	2.85199	1.95187
2.20499	1.50219	2.80186	0.277651
9.4616	6.85218	6.63436	0.226415
2.27147	4.75227	8.97474	0.350992
2.59859	2.50118	2.33147	0.561186
-3.28446	0.199908	2.49588	1.0088
-0.0716156	1.01059	2.49589	0.952733
2.43542	2.06055	2.37204	1.33952
1.87432	2.52969	1.95559	0.754754
1.28973	2.05889	2.21318	0.401694
4.15717	1.03038	2.60826	0.595697
4.00834	4.90413	2.05595	1.91188
-4.12973	-0.907608	2.92814	1.33164
-5.4335	0.0910005	4.92161	1.89122
3.84948	-16.6636	14.7049	1.25573
1.02863	1.31488	-0.99751	1.31822
-10.6279	-4.0805	5.83593	0.924067
4.33465	2.89716	2.27966	1.21424
6.73117	-5.47826	-13.9803	1.55476
2.20991	2.42504	2.25935	0.739891
-4.71801	-6.65837	10.4742	1.90655
2.84072	3.73064	4.77291	0.595911
2.47486	2.54226	2.44371	1.4478
2.94498	3.07336	2.5718	0.705897
-0.3217	3.41166	2.02372	0.830301
-13.2526	4.85046	15.1755	0.147648
3.36201	4.19318	1.9645	0.568708
2.43717	2.45995	1.51332	1.7841
6.52377	2.53141	4.68945	0.921071
1.64044	-3.76545	-2.80536	1.06009
3.37008	3.70711	2.89002	1.40784
1.65952	3.33972	2.08274	0.149011
1.76797	-4.27812	-8.135	0.0573096
2.42979	2.6651	2.5316	1.60902
7.40885	-15.404	13.2596	1.48946
1.29242	2.40215	1.15531	0.185152
-0.940414	3.5171	-9.30863	0.65857
11.6146	10.6395	9.3371	0.582755
-4.57878	7.0223	-3.31094	1.80732
-8.45111	7.87091	-5.95277	1.61339
3.36327	-0.596267	3.13192	0.547462
-5.8999	-6.29788	9.00843	0.837849
3.95873	3.35415	1.93314	0.859427
2.29448	2.48485	2.29412	0.686994
0.753418	8.43655	3.43609	1.01772
0.609627	1.43461	2.73414	0.765831
1.93576	1.89637	3.34425	0.791234
2.28578	2.60936	1.23097	1.54345
-11.0503	7.02318	8.788	1.42464
-3.46055	7.63992	8.23999	1.73399
8.86809	11.8913	6.80483	0.402134
2.10317	4.85669	3.06427	0.755776
-1.88656	8.80757	-1.74115	0.562802
2.49417	2.75723	2.08212	0.789683
1.82425	1.90256	1.98183	0.66046
13.6071	-2.38127	1.48597	1.89641
3.67058	1.07863	2.37681	0.0118207
6.44899	-1.11144	-1.86592	1.1238
11.7885	13.1203	-4.86766	0.364024
1.41515	1.80823	3.27976	1.76601
-3.73792	10.8763	-0.627773	0.548671
2.54067	2.93125	1.49651	1.23233
1.4658	1.86978	2.54351	1.99051
10.1024	9.65146	-3.74928	0.96566
2.68482	2.43773	2.1701	0.933711
0.720695	4.98364	6.08121	0.964852
1.85425	2.52157	2.41344	1.03972
7.2715	5.70492	-3.06204	1.24827
-5.19197	5.88242	-6.79775	1.60925
2.79307	2.75013	2.41431	0.351209
10.5313	11.3984	5.76776	0.959375
-5.81175	15.8419	-5.97826	1.22256
2.1223	2.40126	1.80311	0.228109
-8.82276	4.15537	2.30969	0.688311
-1.86035	8.35972	-1.48203	1.99575
2.77353	2.21229	1.51731	0.312488
-2.42651	-2.68037	1.02574	0.460278
0.187224	3.34822	3.09805	0.230828
1.93103	2.43352	2.66222	0.328724
1.9403	1.93885	4.28797	0.818434
6.02652	-4.31565	-11.338	1.64356
-0.530325	6.78062	15.5791	1.71857
10.1779	5.9089	-0.809615	1.73185
5.67238	6.75251	4.51722	0.261959
-2.95297	-0.861442	5.5103	0.175564
-12.6454	2.88801	16.2606	0.227061
2.87795	-3.72209	5.97121	0.0687606
2.15936	2.38062	1.84125	0.729587
-6.17179	3.00271	9.22906	1.73595
2.60646	-0.446928	-1.9167	0.93458
1.71281	4.41197	4.15236	1.35857
2.98014	2.33675	0.375473	0.126486
10.8542	7.66527	5.92058	1.40624
0.386064	1.32146	1.10395	0.563422
4.74552	5.01033	6.46394	1.01687
3.32729	5.23555	6.35202	0.110773
-4.08196	13.5278	-11.0837	1.62635
0.986755	1.83827	2.98229	1.58953
2.83965	2.37262	2.38752	0.597277
5.05578	3.5047	2.45631	0.614993
2.23077	2.56595	2.36619	0.787897
2.32718	2.8028	2.20441	0.0392891
-4.18979	-2.02236	-4.68264	0.139777
5.88454	6.64526	1.80299	0.955992
-3.80778	-0.403613	2.72094	1.74682
1.51223	1.89886	3.0828	1.86862
12.3071	10.1004	12.629	0.308787
2.71209	3.72456	3.85099	1.76448
-7.03353	4.7003	0.250713	1.94973
13.6866	-2.69991	1.49021	0.443174
3.18016	2.09059	2.02536	1.39008
3.44687	3.05516	1.92511	0.770002
2.51669	2.75822	2.42696	0.329308
13.9377	-16.1739	13.3098	0.442341
2.1469	0.600386	0.562561	0.990709
3.31349	3.2344	1.51666	0.0689747
10.8777	-2.69489	3.39247	1.21947
-12.0266	6.31082	-5.40063	1.09848
-9.77181	6.04933	12.8387	0.90069
2.33249	1.60286	1.98424	0.00987587
6.08502	4.29946	3.21498	1.83474
12.9545	14.6094	7.98407	0.178322
7.73452	-4.40249	-18.7958	1.05445
1.87715	2.12144	3.07737	1.32304
2.38797	5.15487	7.95755	0.443072
-8.01411	4.98571	-4.15571	0.202753
3.78505	3.09135	3.28034	1.52985
0.998084	1.71649	4.57274	0.62777
2.25213	1.64169	2.88405	1.00235
2.20608	-2.88185	0.793202	1.61698
2.7093	1.92387	2.72141	0.470906
9.39458	-4.25166	-6.34224	1.50572
-6.82081	12.1042	-1.96979	0.0868292
3.70459	3.77039	3.91932	0.992356
-3.44183	3.59321	18.5933	0.385173
4.17294	4.47756	5.03209	1.12881
-5.87861	-10.1007	6.39317	0.35686
8.8587	-9.34925	-0.510499	1.98283
2.2972	2.72911	2.81078	1.93545
3.23432	3.54871	2.9211	1.37708
1.12801	2.69614	2.92692	1.12573
5.41065	-3.19002	3.10133	0.400758
1.45281	2.75878	2.54384	1.31368
0.550733	-13.4074	13.9615	0.643052
2.72726	2.88291	1.54287	1.48936
2.05483	5.30988	10.6289	1.54701
-4.48538	0.384547	-7.70491	0.0591141
2.67689	3.35557	2.12183	0.757717
10.8751	-0.0977547	2.65501	1.19392
3.08128	2.07231	2.07873	1.80013
3.00343	2.83422	2.06758	1.34404
4.74238	-10.864	1.41564	1.4538
-31.9176	12.0888	-27.6042	0.0154321
1.71666	10.2256	-8.54801	1.57976
8.61011	-2.09856	-2.04176	0.514847
1.95092	2.55115	2.79914	0.282131
2.47432	2.18559	1.8002	0.628793
2.55421	2.41532	2.23998	1.79937
2.67288	2.7137	2.77361	1.6308
5.20556	10.8033	12.1683	1.22899
3.79379	3.11346	3.12829	0.0782701
2.89465	2.44226	1.87407	0.784358
3.08288	1.7704	2.75745	1.82028
10.0801	8.14678	7.47384	0.347158
2.1549	2.32926	2.53691	0.88533
2.44675	2.49082	2.23718	0.100509
4.81079	3.42418	3.56077	0.0466463
14.4973	7.00245	20.053	1.07615
1.89341	2.32012	2.06026	1.28678
-2.27911	11.339	-3.97083	1.17868
1.83157	1.8978	2.7524	0.481323
3.76565	2.92466	2.02321	1.6699
0.726563	6.13857	2.2107	1.32902
2.3114	2.6651	2.36641	0.156917
2.13638	3.99084	3.32659	0.0266812
2.89421	2.7438	2.0768	0.820444
-8.00706	14.1675	6.98378	1.32618
-5.59225	-1.94804	3.55678	1.17904
-4.69095	-2.13686	0.594293	1.49083
3.48622	2.21417	2.32116	1.28504
6.0183	-6.65162	8.577	1.50259
-5.28198	0.273932	-2.69848	0.0239364
-6.50563	-8.55655	5.44266	1.1812
-2.92625	0.968146	0.19495	1.34153
4.01494	3.95083	2.47735	0.48039
2.27939	2.56627	2.34547	1.83596
1.96466	1.99043	1.76213	1.2816
3.09148	1.92399	2.08814	0.101933
2.26343	3.56491	1.49746	1.15936
8.5194	1.78341	2.77805	0.428746
-6.60147	3.04519	12.0844	0.469372
10.2629	-7.7342	-2.10227	1.79805
1.38011	1.78082	2.75585	0.00771657
-1.36851	1.74307	3.01492	0.327592
3.48825	2.9006	2.23799	1.06633
2.23122	2.47827	2.2929	1.86145
2.23776	1.14881	0.529938	0.580846
8.89947	9.09957	5.73877	1.16392
2.68098	4.75428	2.61235	1.82537
2.19298	1.3976	2.31762	1.95161
2.56231	2.784	1.93952	1.57401
0.943915	3.08669	2.39574	1.09742
-5.22536	-1.72159	0.2821	0.631442
-2.13311	2.18186	1.71812	1.04317
0.159922	-4.0405	-5.89349	0.141617
3.07825	2.96883	2.21226	1.1558
2.46685	2.69246	1.95425	1.48429
1.80141	2.10417	1.71719	0.305834
4.1022	2.14021	2.59005	0.346177
2.16055	2.40022	3.2653	0.171704
0.939509	3.45632	1.93759	0.978848
-1.03145	0.113124	3.25935	1.04415
3.12864	4.4086	3.40853	0.527518
9.369	7.36162	2.61829	1.53277
3.31315	2.74517	2.38947	1.81315
2.77614	3.36669	1.80327	1.7755
-6.17475	0.278316	5.60836	1.04643
3.79471	3.44282	2.49142	1.07249
-4.61097	13.2977	12.6075	0.111958
-0.428024	1.60728	1.67683	0.127047
2.40994	6.60889	13.4967	1.999
3.33947	2.70768	2.05038	0.263307
4.18519	3.15856	2.06423	0.271411
-2.33551	13.5157	11.4029	0.84999
12.618	7.56584	-2.4061	1.97453
2.45509	2.0526	2.02192	0.906451
0.946751	2.3491	2.71605	0.453161
0.628582	0.536804	-0.707149	0.891066
9.19977	7.54172	-0.627452	1.34957
0.284272	5.23543	0.34743	0.575008
0.772925	1.91014	3.31378	1.97247
3.73573	2.10929	1.98371	0.0790421
-2.99603	-1.04576	2.24957	0.795748
4.49223	1.04448	1.71086	0.969283
1.50869	2.64571	2.08406	1.37062
8.657	9.68509	6.37792	1.41152
2.43381	2.5097	2.18561	0.810077
2.26617	1.74958	2.37602	0.544266
12.3053	9.30482	10.1264	1.94807
-19.6957	-42.839	-15.1579	0.186732
6.62508	4.93159	-2.7111	1.89152
3.30127	4.64941	10.4533	1.38019
2.80537	2.96945	2.69611	0.300416
2.29059	2.2034	2.53163	1.52332
12.5976	14.1103	7.90023	1.73784
2.81167	4.19658	3.88213	0.910289
2.4295	3.79535	2.53953	1.07481
2.45776	2.95675	2.67384	0.196115
3.48261	12.8589	9.15611	0.147432
2.32413	2.48165	2.28229	0.333996
-3.17581	2.86144	1.4394	1.51758
1.56108	2.11807	2.34597	1.45517
2.69511	2.7276	2.28721	1.66636
9.26232	0.354066	14.0286	1.04277
5.14407	-6.76518	1.70418	0.411986
4.6559	-0.454162	3.46234	1.28666
2.23991	2.24771	2.58619	0.551865
1.84488	1.52522	3.48852	0.875856
0.129742	1.85638	2.21528	0.531078
-3.72457	-4.71984	2.63661	0.685995
6.03425	3.62683	4.28721	1.90143
2.22102	2.40194	2.20565	0.928318
2.98354	2.53355	2.741	0.684524
15.8365	0.79779	-0.373676	0.0640763
2.67554	2.60566	2.50198	0.288312
4.0345	2.68002	3.2351	1.60715
6.6252	4.41776	5.6671	0.888699
-8.21599	4.57726	-3.69375	1.80059
-6.08301	0.359817	-6.17908	1.9581
3.4884	2.80178	2.15794	1.22009
-4.27978	15.1621	-7.30826	0.148916
10.5918	-8.83235	-0.580982	0.819269
0.171257	1.99151	4.05602	1.64808
2.1252	1.62981	1.99841	1.35281
2.53789	2.58548	2.70366	0.821301
2.65567	6.18429	1.14015	0.821672
3.9296	-0.253951	7.74325	0.599325
4.25027	2.75981	2.32712	0.678115
-5.12153	-6.79949	8.82218	0.0680525
1.78548	2.38974	2.12257	0.880917
-6.1503	3.80083	11.0289	0.199694
5.04129	-3.70205	-8.44561	0.096008
1.23776	1.10486	-0.171587	0.695629
3.49125	2.1695	1.75365	1.35349
-5.13303	10.088	-2.62916	0.833219
-0.69095	0.321176	-1.57763	1.8562
-6.02497	12.571	-3.42671	1.0961
2.84213	2.11824	0.81229	1.24734
2.62272	1.73653	3.2711	1.07313
2.29013	2.48547	2.94418	1.46794
14.2382	2.85165	5.87683	0.403797
-5.74976	-3.63029	-1.64858	1.48874
-8.65147	-7.21714	6.94392	1.94122
0.728248	1.23462	1.78056	0.978597
7.50263	-10.3139	2.26602	1.55005
1.99685	1.63488	3.77307	1.33971
9.6919	8.72635	7.4627	0.847963
2.68062	2.50052	2.28003	0.0375487
2.42606	2.18789	2.72833	1.29407
4.25951	7.09611	6.16999	0.138276
-4.47309	-1.93002	4.83982	1.39107
3.75693	0.449113	4.29213	1.10973
4.58092	4.3119	3.68962	0.13182
1.03813	12.1363	-2.78973	1.05378
-2.82211	-0.531991	-0.548393	0.945593
2.23997	2.31619	2.5869	1.13478
2.26808	2.29659	2.42917	0.857441
2.55708	2.60302	2.47626	1.53186
2.57912	2.96635	2.28124	1.2545
1.76266	4.24173	3.09702	0.550704
2.36064	2.58391	2.49023	0.233016
8.98267	2.73254	-3.27749	0.182805
2.44799	2.58311	2.13372	1.50479
3.10192	2.16671	2.06305	0.103302
0.776628	2.46259	2.57854	1.15915
7.03731	-7.39982	12.9247	0.596495
5.5631	7.00428	3.71823	1.98379
-10.287	1.69618	8.936	0.643468
2.7005	2.83776	2.50424	1.72043
-4.69513	10.2801	-2.53328	1.40951
3.84258	2.26508	2.34589	0.758022
1.99978	2.3877	1.68517	0.679204
12.8102	-2.25299	-3.92184	0.902349
2.01645	2.45685	2.20155	0.810195
2.53138	2.07733	2.71666	1.0498
-5.43619	-4.44432	-0.16569	0.804307
1.91809	1.67537	3.54955	1.91659
-1.58673	1.28138	3.00748	0.0848613
2.04155	2.27929	2.5534	0.602797
1.8055	1.33571	2.59047	0.416555
2.83974	2.2203	2.95072	1.3048
3.33921	3.89114	2.33224	1.79299
2.76342	3.37472	2.38485	1.73265
1.57592	1.43919	2.09495	0.782976
2.82974	2.26517	2.72503	1.83882
2.4881	6.25915	0.973281	0.949303
2.30688	1.99588	1.14316	0.0603349
1.44912	1.2133	-0.187326	1.99705
-0.409093	-1.79748	-5.10241	1.60416
4.07398	2.37696	1.38792	0.781132
11.0221	9.4468	8.09857	0.563294
2.2642	1.86459	2.49891	1.88177
11.3072	8.19606	-6.5859	1.60213
3.85368	0.0855737	6.23218	0.337555
13.6126	7.77564	7.15956	0.881626
1.95238	1.21962	1.80325	0.892089
3.68699	3.02574	2.94691	1.28412
-12.2015	-3.16221	4.1609	1.92319
2.42533	3.76157	3.95842	0.909297
2.57502	2.45139	2.24342	1.74223
1.36783	-6.10976	8.45719	1.95008
16.9217	-9.89703	7.2373	0.566784
0.640236	15.5282	-4.62006	0.936955
-1.29752	11.5526	-14.9285	0.230881
4.80438	1.49863	5.32774	0.104977
8.94202	-10.1261	1.22108	0.352013
3.20629	4.0223	3.76022	1.78906
14.9153	4.0203	-8.73625	0.225995
2.21442	1.4406	5.38645	0.719967
1.62597	1.74593	2.74592	0.770755
1.96863	1.77516	2.95781	0.709542
2.68934	2.45048	2.25579	1.56986
-2.61653	8.97828	-2.45912	0.0807366
2.52934	-2.32509	8.79267	0.194955
15.7303	-3.33743	-0.638494	0.565065
0.265503	3.05864	12.3003	0.310465
2.54893	2.50395	2.2483	1.16239
-4.02834	13.8426	-10.9544	0.580083
11.3905	0.749674	-3.52221	0.114593
-11.5941	3.89206	-6.00948	1.03966
-2.01648	-17.8452	14.0699	0.721141
8.34331	4.40056	2.79228	1.27995
3.28813	2.49697	0.803979	0.993636
3.91317	3.19533	2.65883	0.806381
0.745061	15.4466	1.93167	1.03405
5.45022	-0.481346	-0.600854	1.70406
3.92039	3.31195	1.54172	0.720384
-1.29467	3.08226	1.42701	1.81928
1.64963	2.37199	2.50105	1.92468
-9.83193	-21.6797	65.6605	1.68078
1.15883	2.51429	3.00389	0.772052
1.99835	2.26191	3.10342	1.28891
12.6843	-2.98672	2.69765	0.964768
2.37548	6.54023	2.77106	0.991899
2.06161	1.83549	2.64001	1.97466
5.28764	-5.62115	1.6827	0.852992
-4.68135	4.85729	6.91836	0.786335
-6.99773	-0.468282	6.65251	0.147498
-4.39149	6.93316	-6.12009	0.71765
3.46208	2.21379	3.12268	1.4331
10.9661	14.1257	12.8936	1.49431
2.51739	2.53487	2.28533	1.10749
0.908242	2.6497	3.10113	1.54478
-0.284159	0.432785	2.06022	0.0235762
22.8328	7.13387	3.87058	1.00132
3.54365	-0.0857796	9.84074	0.189696
4.63677	3.37774	4.9539	1.5386
2.53389	2.81502	2.21042	0.611539
2.13173	2.18651	2.80951	1.51007
1.9247	1.66709	3.58343	1.99045
11.6427	0.360678	-16.4158	0.461379
12.1973	1.13699	6.11234	1.78624
2.49851	2.16324	2.96861	0.266209
2.38396	1.92565	1.97615	0.990448
5.49432	5.27826	3.39883	0.571085
1.19279	6.18684	6.72786	1.5206
2.09415	2.1065	0.711308	1.30657
0.122612	-3.77674	-6.28443	0.671103
4.34062	3.5615	3.17594	1.92371
9.09722	-2.00909	-1.31258	1.87371
2.5539	2.8491	1.88861	1.48419
-4.93726	1.11965	1.30147	0.438606
-12.7167	-14.817	-10.101	0.236235
11.2482	18.7041	-1.95121	1.37475
25.0742	27.4905	27.9146	1.36133
15.4841	-5.19543	4.39699	1.78363
2.3599	2.71405	2.24914	1.57586
2.06806	2.69962	1.84562	1.69466
5.93105	2.76208	2.7157	0.348659
5.26558	-3.46008	12.5816	0.144389
2.31961	0.739426	-1.77566	1.16163
-5.66375	5.97896	8.20498	1.47006
2.5171	2.47795	2.20131	1.36067
8.05887	59.0398	-21.2694	0.00666445
3.20249	5.86993	4.23345	0.811111
4.71094	3.05955	4.4314	0.183729
3.05995	1.21213	0.441427	0.806894
-0.624551	-4.71705	4.8758	1.99531
5.57787	6.30105	-1.65024	1.10588
2.12018	2.89235	2.54922	0.394322
-0.432241	0.188065	-1.42092	0.107102
9.35273	10.4659	5.78231	0.299927
2.69492	2.94675	1.78574	0.0198959
2.64325	2.45335	2.24058	200
3.55386	3.05628	3.50664	1.34996
-1.46894	12.6683	7.84085	0.639552
3.04361	2.82746	0.7325	1.17227
14.9995	-12.4464	7.56609	1.90941
5.592	5.72356	4.30515	0.396166
9.25355	6.09059	15.8716	0.532602
2.63335	2.30679	2.5527	0.708986
4.24993	-2.04699	10.6006	1.0417
-7.89605	7.42436	5.22051	0.861806
2.2971	1.6952	0.912055	1.72418
1.25902	2.71645	1.61401	0.0966972
-12.6203	-8.55486	11.4154	1.41315
5.60702	11.347	0.164805	0.29013
3.33797	9.62294	7.14808	1.32659
6.05961	-6.03745	1.90594	1.24294
1.83295	2.78291	2.05177	1.1592
3.85416	0.451285	0.730948	1.36548
1.87519	2.62097	2.42259	0.88148
9.20366	4.01154	-0.591796	1.58661
1.93165	2.58161	2.5954	1.18944
3.26565	1.2124	4.75467	1.66268
1.38856	2.78304	1.94847	0.051283
0.499198	2.57287	3.15393	1.55639
0.2109	0.174215	4.78741	1.48627
1.88945	1.8434	2.63393	1.48001
10.6467	-5.58241	7.17015	1.91755
5.7797	6.06887	5.27838	1.08828
9.18554	7.73878	6.83941	1.61807
5.26584	7.74778	-0.99312	0.434663
12.1142	12.1795	14.6009	0.0171461
2.77864	1.82056	1.79091	1.08416
2.16803	2.23065	2.95493	1.61423
2.43502	2.45663	2.34939	1.28468
1.377	1.98513	2.62746	1.29114
-8.44026	3.60745	1.72542	1.11934
2.76405	2.39598	2.40597	0.523311
3.50398	3.2297	2.66681	0.474021
2.75882	-0.607379	2.58667	1.58303
0.0906356	0.227097	0.569155	0.583137
2.22131	2.63578	2.84521	1.37954
2.42811	2.56763	2.05224	0.0233852
6.86962	3.69528	2.33929	1.54272
2.63146	3.45588	0.763916	1.78314
4.80985	-3.49397	-0.474658	0.765534
2.96085	-16.4107	7.07172	1.7058
-2.60868	24.2615	0.307016	1.93244
-9.11322	5.57286	16.7526	0.149241
1.79579	2.45533	1.87925	1.85341
7.60148	5.02409	-0.0218644	0.751875
7.26296	6.44927	6.58986	0.632266
2.23923	2.23233	2.06148	1.23638
9.95263	13.36	6.7002	1.77377
-2.81666	0.967943	1.74178	0.69464
2.34683	2.63148	2.18083	0.767611
2.24194	2.51376	2.22308	1.91803
2.42703	2.61739	2.30366	1.86014
2.30585	2.59032	2.7425	0.698052
2.38402	2.08765	2.0755	1.72485
-2.6833	-4.67037	11.8834	0.219421
4.55704	2.89424	2.69479	0.453881
2.61216	1.84178	1.5622	1.1768
8.81833	-10.7726	-2.7317	0.96557
2.17307	2.47972	2.74145	0.773856
-2.78835	9.71299	9.43559	1.94551
2.3106	3.74321	4.59332	1.14287
12.4006	-5.04325	-1.01721	0.0159179
-13.4979	-6.24291	7.47654	0.187193
3.93497	3.7946	5.05751	0.996702
-11.3799	0.552087	8.28993	1.94245
2.96745	2.54612	2.13716	0.483452
5.03242	2.45053	0.227956	0.286069
16.6791	-4.06958	4.01448	0.749971
2.89374	1.98801	2.2576	1.28997
5.6004	-6.55034	42.3393	0.568618
1.53704	1.54028	2.5242	1.38159
2.08945	2.15952	2.69978	1.47105
3.05696	2.13067	1.51283	0.751674
2.23358	2.55461	2.35493	1.64889
10.8639	13.6774	2.35949	0.559828
8.88097	4.51569	-5.17449	1.52107
2.09207	2.17638	2.47613	1.89069
-8.46507	14.4127	7.20785	0.552685
7.33433	7.00814	1.76958	1.4279
2.51112	2.74401	2.42232	1.79848
-2.99289	-0.516984	2.43312	1.53407
2.98168	1.20391	4.08723	0.747122
2.41171	2.28081	1.23797	0.661455
6.28152	-0.784735	-0.901852	0.326115
-3.48555	3.75382	-5.62766	1.78257
-7.08633	4.22677	1.77254	0.768632
-4.07542	12.1204	1.3586	0.503218
2.1477	1.78725	2.02876	1.44645
2.73387	2.69886	1.64068	0.0418909
2.46708	2.50281	1.95221	0.91484
-9.8452	1.05678	-8.5483	0.565822
3.15398	2.80202	2.00662	0.532096
8.85968	-0.232701	6.0585	1.86287
6.21162	13.4701	1.9924	1.67606
1.87789	2.75783	2.76705	1.50154
-2.30271	9.32046	1.20015	1.33143
1.593	2.73275	2.57876	1.96995
2.88538	2.19446	3.78541	1.37336
11.8269	11.7546	1.73335	0.971009
2.36388	2.76852	2.4529	0.972297
-6.40448	-5.47621	7.78439	1.72469
2.17019	2.15976	2.82027	1.38714
3.32424	3.00252	1.41518	0.218221
4.36012	-3.34031	-11.72	1.39384
2.32052	2.58161	3.08989	1.85717
0.324158	2.68989	1.70568	1.3436
-1.6384	11.2877	28.4913	0.929578
4.74071	-6.72647	-5.56892	1.94067
1.51112	2.12028	2.59697	0.103185
2.36645	2.91188	2.37322	0.498432
3.19768	3.32411	2.49226	0.707169
9.38716	8.06305	4.06788	1.98089
1.37767	2.99781	3.66386	0.274585
2.59471	2.52586	2.05605	0.42304
13.1858	5.71242	-9.67596	0.239115
2.37594	2.66105	2.12636	1.38601
4.05145	5.34326	5.32452	0.19526
2.6774	2.19527	2.61318	1.55744
2.39045	3.62997	1.99215	1.57425
-6.59878	9.77948	-5.79333	0.865928
-10.1351	33.9043	13.247	1.54378
5.06402	-2.42551	5.63022	0.700084
2.95658	2.45353	2.19415	0.442029
-3.38883	5.92193	-1.73228	0.565467
2.67081	2.28037	2.12803	1.87543
2.57561	2.07424	0.308808	1.65532
2.6191	2.52851	2.33093	0.541414
-11.3424	-0.697238	13.3715	1.8935
2.07315	2.83538	3.66465	0.639692
7.67646	11.3097	7.88372	1.99807
7.64589	7.18175	5.52261	1.29745
-9.62933	12.2805	-9.43376	0.362111
5.21982	5.16836	2.58453	1.88215
0.556471	-3.83209	-7.39546	0.942829
-0.44045	16.9746	-1.47611	1.43098
-3.6664	0.181126	-0.910861	1.72963
2.50404	2.57215	1.97649	0.746002
5.77792	-4.85933	9.72738	0.889364
-4.26467	-0.519893	8.81252	1.38603
-7.66228	5.9475	0.126482	1.03768
2.27985	1.99781	3.09225	0.751449
-2.07536	10.315	-4.70857	1.02398
2.58493	2.73566	2.87788	0.776038
7.73304	-6.3027	9.45306	1.50955
2.15858	2.40875	2.00638	0.707032
5.61223	-0.111281	0.449099	0.572153
10.4029	-10.457	-2.77509	1.63608
-1.37824	2.06493	9.97233	0.506335
2.36534	2.58571	2.27218	1.34812
2.28357	2.20221	2.26489	1.27519
8.51235	10.8217	5.61259	0.200688
8.83913	3.90964	1.48243	1.1477
-0.641263	-1.72916	0.182767	0.0159602
2.46409	2.18855	2.31921	1.14919
-3.02706	-0.1654	0.121907	1.06729
5.23091	0.429975	-13.3874	1.94466
13.0726	-10.0221	38.524	1.10349
-6.09415	-2.26526	5.94207	1.91406
4.22355	6.06572	6.82354	1.09845
3.00793	4.15699	3.75479	0.418676
-7.39186	2.41621	20.3451	0.756179
4.88061	2.95054	2.91009	0.786355
2.25772	1.69126	2.38845	1.82169
2.38862	-6.47753	-2.12059	1.2023
7.54205	6.10674	6.89767	0.042167
2.12715	2.00817	0.614847	1.21593
-1.91769	0.867307	2.6374	0.101178
6.73418	-0.459605	2.72452	1.68672
1.59158	1.77284	2.98011	0.213413
-3.09355	9.72332	9.44673	1.54629
3.17861	2.40501	1.40338	1.18859
2.65693	2.64482	2.09452	0.539391
3.30197	3.89174	2.77846	0.91742
2.45483	2.06155	2.15508	0.495531
-1.19237	2.65461	1.53104	0.504692
3.48467	5.26017	2.64942	1.66964
7.42617	14.4885	-5.10262	0.0482931
2.26395	1.65125	2.74345	0.0214783
1.80827	2.49124	2.70951	0.0169374
7.14084	-4.03827	13.4748	0.290313
-4.59327	0.719374	1.52849	1.67878
-1.72166	3.67659	1.45191	0.284413
2.5089	-3.92984	8.38725	0.797035
2.4272	2.7802	2.70612	1.95863
-12.0867	12.6488	4.56655	0.597388
2.84084	2.44927	2.07446	0.968789
2.44145	2.28341	2.52893	0.660951
1.34517	2.18773	2.68401	1.72751
5.12395	-0.195208	-0.480662	0.355608
4.13461	-0.753417	6.48993	1.28887
5.09465	-8.16588	1.65557	0.239187
12.5405	11.0113	8.39992	0.0244587
-3.8751	-1.30061	0.986573	0.134863
2.318	2.17962	2.31304	0.370332
3.09401	3.11768	2.05033	0.499524
-6.3358	0.104841	6.94456	0.311374
3.14074	-2.97106	6.20224	1.64162
2.2851	2.41858	2.39272	1.56551
2.56034	3.19803	3.21966	1.14577
2.66245	2.89258	2.59603	0.471306
9.35227	-8.0227	11.8689	0.0135259
1.6242	1.74124	2.76614	0.102434
7.31421	4.78515	6.14901	1.43063
3.91639	2.5704	2.15277	1.53924
2.96217	2.90551	2.21822	1.6762
1.67935	1.71569	0.156257	0.452123
2.85048	1.79117	2.55761	0.696759
2.28278	2.63975	2.59949	1.25618
-1.70354	-0.0418985	1.98318	1.59299
-3.91791	-2.12476	-0.703849	1.28325
0.658617	0.850843	1.96144	0.466394
5.08203	4.10441	2.17389	1.58866
1.98295	1.78167	2.4364	0.580873
3.28394	1.40452	2.18997	0.425618
3.35637	1.18896	1.3149	0.601869
-6.57431	9.65541	-5.7078	1.95921
2.01706	1.91308	1.8024	1.54873
-4.17062	1.09665	10.3838	1.85001
-2.68814	-1.45713	4.19622	0.671367
5.29022	10.9166	9.91934	0.866638
2.22157	2.8991	2.48399	0.806382
3.99654	2.52111	3.74833	1.58441
2.79761	2.87113	2.45113	0.51041
8.09093	7.35568	5.72516	0.709493
-9.72725	5.9994	13.0476	1.95338
2.89038	2.6905	3.0154	0.814447
0.709443	-1.53397	2.88729	0.637829
3.41438	1.92389	2.9617	1.95037
2.54766	2.88232	2.26956	1.30218
2.27638	1.88941	2.6285	0.543881
-3.8346	-30.022	-25.2535	0.987951
2.12256	2.04043	1.72315	0.289256
-11.3884	-1.15017	6.40426	0.815182
-2.02905	3.12014	1.17111	1.68194
2.3586	2.05667	2.3609	0.607678
2.92876	1.9486	1.72977	0.132021
2.30669	2.04919	2.31351	0.208701
5.42091	2.52343	2.66469	1.6467
-0.871368	1.62908	2.24427	0.510839
-8.40592	5.53873	6.79171	0.876524
2.22261	2.238	2.49171	1.33363
2.58505	2.54446	2.25154	1.2546
-1.68699	1.28477	2.64523	1.29807
3.05164	2.93951	2.99603	1.9358
3.27142	2.42888	1.88093	1.0387
2.21846	2.53849	2.37266	0.578738
2.92322	2.59629	2.31085	0.0347444
-1.70972	5.29955	-4.23771	1.93989
2.19067	2.29436	2.33006	0.0211708
-2.51933	8.96477	9.61029	0.36109
2.18511	2.44681	2.64597	0.78402
2.20949	2.68003	2.51193	1.29352
2.71404	2.61087	2.50265	1.13863
1.9982	1.42906	-1.31241	0.46536
-0.580594	2.3229	-1.15351	1.98979
2.81232	2.21401	1.9294	1.62902
3.47926	9.30801	1.05746	1.93866
10.332	3.79581	0.156944	1.11673
6.15054	-7.52692	-7.44591	1.6224
2.48723	2.65729	2.28999	1.0017
5.87032	2.63312	1.48714	1.24629
9.40129	-7.02712	-9.51883	0.603414
10.8955	7.55762	5.64559	1.36124
2.37447	2.16249	2.27657	1.63747
2.35343	2.44248	1.59637	1.21837
-10.698	0.641875	6.98847	1.63043
2.09267	2.68834	3.05506	0.882941
-6.18998	11.1573	-2.45071	0.341296
-3.76037	1.77675	-8.42068	1.68264
1.5053	1.9945	3.05545	0.547275
0.746958	-2.52669	6.98733	1.13412
1.89269	2.49199	2.16798	1.12822
1.80203	2.77331	2.64324	1.10564
7.24271	5.03018	6.04323	0.0583893
1.4764	2.06709	3.00239	1.77395
9.09644	11.0022	5.33465	1.57453
2.08091	2.26305	2.82879	0.733576
2.15709	2.57691	2.4164	0.513059
2.29936	2.30788	2.37568	1.82462
7.92677	7.8254	7.90896	1.62738
8.2882	7.97823	-4.41786	0.990091
-12.166	7.44107	12.0269	0.898682
2.77013	2.35188	0.98163	1.61564
3.9526	1.6004	-1.14691	1.66671
13.1119	9.95577	7.8109	1.49279
-6.80679	-7.07919	7.95532	0.413026
2.58813	0.131193	3.24331	0.958652
2.50856	2.17362	2.38236	0.838279
2.16375	2.14369	2.65575	0.471067
15.5393	14.7123	-6.79211	0.246148
-6.2348	11.1207	-2.45659	1.68244
2.8905	2.67675	2.22258	1.321
-1.30164	0.29791	3.06987	1.48983
2.93792	1.48356	1.46997	0.301069
2.42988	2.55195	2.41727	0.544456
2.44937	2.29967	2.51835	1.82092
1.85019	2.42106	2.50774	1.95296
5.14984	-11.4958	3.708	0.954617
0.982974	-0.589179	4.88245	0.534394
-4.09879	-5.17078	-5.78189	0.612131
2.51959	3.43179	2.96077	1.1662
1.55012	2.83726	-0.115232	1.96148
2.38558	1.83304	4.39355	1.47631
2.79755	2.5404	2.26185	1.73755
1.84174	-3.22528	3.29473	1.18773
-3.01179	-7.49758	8.40297	0.955067
3.83197	8.33672	-3.24307	1.06336
-0.316775	4.65095	0.985147	0.501248
6.30268	-2.60037	-2.16949	1.50284
2.66656	2.31369	2.79107	1.9276
0.51129	1.29568	-5.4236	0.43446
4.73717	4.17288	4.31777	0.958715
12.2178	-4.87169	8.6096	1.5413
2.41124	2.24027	2.41782	1.70265
1.18442	3.2661	3.04741	1.83382
4.43794	3.5998	3.26563	1.3447
10.2964	5.47483	4.17596	0.00123263
-9.69995	9.15138	-0.117274	0.998952
2.62184	2.16566	2.4828	0.141074
5.03627	-0.569216	-2.87856	0.324224
1.90962	1.38866	2.93163	1.22009
3.10978	2.05468	2.64042	0.603239
3.25207	9.2071	2.01346	1.67838
2.78428	3.27644	2.27484	0.349216
12.1291	0.572473	2.01507	1.91187
1.79156	1.54464	4.24169	0.464637
2.98472	1.98309	1.51679	1.64589
0.7743	-1.58804	4.74211	1.4176
2.80132	2.22394	3.12485	0.48677
3.4984	2.39931	1.91699	0.545224
-2.66099	-0.696471	2.07049	1.37944
2.47158	2.64722	3.56423	1.07382
0.422057	1.92866	0.267607	1.29982
6.44263	-4.79825	-5.6522	1.9704
8.06493	10.2472	-0.193882	0.190399
3.4405	-2.55551	-6.50622	1.0274
-1.12121	0.157525	3.07144	1.61955
4.70257	5.11343	7.04672	1.05531
13.0743	9.406	10.0181	0.430426
2.91911	2.14847	3.1042	0.752387
9.56152	13.6537	9.744	0.600892
4.77521	-7.40872	10.3152	0.627176
4.17657	1.69531	5.10565	0.262488
-1.48835	2.22131	1.04545	1.19602
0.822617	-0.00192816	-0.117484	0.477392
3.69857	2.33467	3.06276	1.53948
-4.75833	2.54587	1.7591	1.00381
9.76234	-0.0574859	-4.94221	0.373357
-6.06324	-6.00798	8.25933	0.350512
3.03059	2.03287	1.9829	1.81188
-0.0018354	1.42979	3.33422	1.5071
5.78929	3.17435	0.589876	0.892108
2.77833	2.09524	2.19438	1.57655
6.81856	4.04223	2.11584	1.86779
1.02465	2.01091	5.32127	1.00049
3.71682	7.55985	3.6511	0.524171
-3.42697	27.169	-28.9863	0.0612508
3.78832	2.91253	0.872748	1.62676
2.40726	2.63778	2.26553	1.86847
2.59912	2.83112	2.40216	1.48008
-0.0840697	2.52018	2.78101	1.85474
-8.80313	4.71082	-4.44185	1.90192
2.41696	2.342	2.24695	1.81871
4.18072	3.10324	1.8011	1.65812
1.98029	2.57033	2.71846	0.518004
0.743721	-0.732569	2.83736	0.717563
-10.3351	-4.07387	11.9822	0.851766
-0.796317	0.762893	4.3737	0.471304
2.34913	1.85904	3.06633	0.508969
4.91867	1.7311	4.71536	0.81976
2.51717	2.69997	2.39708	1.86464
2.91683	2.65161	1.98646	0.213937
3.66947	3.49621	3.65767	1.26884
3.14595	2.22055	1.79553	0.374637
-0.38158	7.47513	-6.34118	1.27094
0.658498	-4.94615	0.368726	1.39574
-5.43725	8.52695	-12.4706	0.507869
3.74158	2.74462	2.91006	0.759597
2.96644	2.67888	2.69206	1.21848
13.3754	-19.4628	5.3746	1.14635
1.63989	2.40552	2.74673	0.223763
-5.19976	-1.02993	3.41415	1.19639
3.92696	-0.306231	5.1415	0.893085
1.58825	2.14119	2.53431	0.329774
6.81156	6.1097	5.8625	0.394763
-0.452372	6.24688	2.84344	0.138039
3.59539	3.03754	4.53106	1.07881
2.5072	1.6669	2.6808	1.31473
2.7876	2.81818	2.40879	1.99435
2.36528	3.29847	1.40229	0.0159914
-2.6072	-6.6308	10.1835	1.34475
-2.54007	-7.67383	-2.66358	0.145543
2.46797	3.21705	1.38328	1.90057
8.10708	-4.56453	1.44997	0.808807
-4.39422	-1.89829	4.24792	1.39887
8.30624	7.39038	8.05184	1.13735
3.83722	5.18754	2.91852	1.7951
1.03944	9.78462	8.0835	0.350685
-0.230435	-1.70641	0.520865	1.84817
-1.35517	-4.51084	0.0781244	1.3095
4.40786	3.35052	3.13303	0.559557
7.11632	6.43832	9.92324	1.70196
2.29947	1.95816	2.19922	0.827858
-3.83978	-6.93534	5.72574	0.121912
9.45721	1.54941	-1.96052	0.455506
-3.90698	1.19723	1.38145	1.39985
2.53567	3.21408	2.5039	0.366338
3.82835	2.245	2.59736	1.7537
0.153851	-4.52187	3.64414	0.00444717
5.3359	-9.05572	-9.48855	0.778388
1.69947	1.52007	1.09698	0.306366
2.03712	-6.9893	6.05665	0.688172
3.48907	2.34502	1.68128	0.0876878
4.25194	-3.97906	-8.62521	0.521662
2.6879	2.16787	1.63119	0.323067
-4.50865	12.6393	9.4124	1.75305
2.25881	2.82664	2.87259	1.58434
6.36038	-10.5801	1.06565	1.00923
11.9542	3.76023	-10.0945	0.892784
-4.63333	-2.67441	0.676509	0.208775
7.41568	11.0692	4.68295	0.162555
2.75766	2.18363	3.22044	1.12599
2.05616	2.80615	2.21858	0.496846
7.68156	-5.35654	1.93955	1.58581
-8.39571	12.6419	-4.94605	1.98747
2.58245	3.71922	1.9767	1.74242
2.56719	2.60917	2.13334	1.04227
7.36567	8.26996	-2.59202	0.145329
4.34629	1.94297	1.5341	1.6153
4.54336	2.7711	1.362	1.85106
4.89025	6.83072	5.86849	0.70038
0.334741	0.930496	2.55328	1.63202
-0.072133	-4.20279	2.09276	0.0764914
16.1766	2.69313	14.9072	0.491059
52.7346	18.7424	-16.6448	0.984646
-0.434014	-1.8815	2.9213	1.61108
1.69163	1.76923	2.6857	1.66339
7.20332	0.461182	-9.64296	0.994284
10.2581	-6.07705	-8.70761	1.87421
9.006	4.24152	-6.56407	1.06537
-0.474951	2.62452	3.18093	0.426405
2.74699	2.20448	2.33434	0.670388
3.21922	3.66278	5.11519	0.0851834
2.06735	2.57948	1.93052	1.56706
2.99124	2.05113	0.533582	0.652835
1.73087	1.89401	2.8391	1.04836
2.35907	2.41323	2.35488	1.06745
7.15557	6.06537	2.44543	0.759828
2.35908	2.40442	2.16402	1.29644
12.6114	7.5737	-2.44012	1.65035
3.81575	1.43471	1.71832	1.78966
2.23637	2.69428	2.59999	0.629746
2.47475	2.3006	2.45741	1.24478
1.55716	1.86758	2.84907	1.93935
2.68245	2.7077	2.41588	1.59412
1.72806	2.39955	2.40383	1.19906
5.21663	-4.79962	2.90568	0.649748
2.44499	2.67997	2.41755	0.198366
13.8945	8.08834	4.36485	0.491069
-3.34476	-85.6691	53.8044	1.8219
-1.34576	10.09	-6.1377	1.26399
2.65745	2.25922	2.55676	1.60458
11.0091	2.54415	-4.16575	0.220072
2.59568	2.6325	2.49488	1.76404
6.61333	4.30897	3.19831	0.736694
1.71828	2.37223	1.98799	0.461162
2.88026	2.8139	2.3317	0.216971
2.82706	2.80417	2.55699	0.199743
15.9705	-12.7288	-22.7321	1.80954
3.61525	2.81086	2.26842	1.04091
2.33756	2.97888	1.04938	0.226943
14.2868	5.70525	-9.13791	1.25826
9.84931	7.53934	4.31887	0.97172
2.22804	2.11852	2.70572	1.86818
-7.94898	11.6426	6.93949	0.120934
6.54971	4.9694	4.42947	0.9346
2.36232	3.41892	2.53035	1.69493
5.38471	2.46938	-2.26031	1.32867
8.83886	6.9409	-1.99827	0.936497
-1.55287	-4.97622	1.50225	1.27169
1.46699	1.01161	1.42188	1.07001
14.6188	5.09953	5.84856	0.972836
2.57774	2.64485	1.54976	0.519565
2.61642	1.84769	2.21261	0.376931
-8.72309	10.7251	13.1979	1.65032
3.02155	2.14689	2.91109	1.1276
4.67788	4.16886	1.88627	1.48147
8.31361	6.04933	-1.46031	0.032556
3.54438	2.80753	1.89668	1.56831
2.08076	2.18353	1.77906	0.734269
2.48076	2.4396	2.1103	0.211474
3.41646	3.76341	3.41843	0.248207
2.8797	2.48074	2.7401	1.26285
3.74845	4.62515	2.30351	0.2725
-5.92886	15.8562	-6.01551	1.49332
-4.43094	5.75438	3.03948	1.16197
2.36918	2.86671	2.28434	0.176557
14.0471	3.15129	-2.08102	1.73332
-6.45997	13.3297	-4.72873	1.95568
-10.5467	10.5349	5.37203	1.77896
2.1626	1.76397	1.34554	0.661439
3.19457	2.36889	-2.2953	0.39207
0.7823	14.5717	-4.76301	0.600186
3.48761	3.78868	2.86697	0.698726
6.52731	8.89502	7.77971	0.708936
-6.12502	-2.38186	5.94877	0.670175
0.780983	1.93665	3.09909	0.823428
2.56045	2.67031	2.54059	0.113716
2.0763	-3.44035	7.70158	1.91211
1.21653	1.88314	2.418	0.963227
-19.5334	6.67303	26.9349	1.59203
2.67056	2.48624	3.27628	1.64057
1.92611	0.103653	2.10093	1.58185
-22.1001	-9.09002	6.12699	0.902919
3.18148	2.58066	2.0286	0.0990661
1.10594	1.08906	2.31008	0.639794
1.56301	14.627	2.41386	1.04936
8.24911	9.41535	5.07336	1.09403
1.76084	1.80623	2.96053	0.646511
4.96876	4.46553	5.49266	0.719568
8.49515	6.39249	6.58056	1.09501
-2.19296	9.39426	0.903158	0.607178
2.2681	2.46377	2.18097	1.13894
-0.383585	1.82005	3.36679	0.0259267
4.69569	3.66642	10.6758	0.603994
2.58083	2.3455	2.46994	0.232388
8.78975	7.90278	7.24734	1.56544
2.42809	2.44957	2.34604	1.50376
4.95306	2.64048	1.55625	1.23094
1.75719	2.2406	2.49423	0.571178
9.32799	7.39566	2.63856	0.373962
3.96851	3.13639	2.97031	1.37035
2.06186	-4.55086	-0.993485	1.00623
2.31679	2.5937	2.60064	1.22692
-3.60576	6.82101	3.67777	1.41735
3.04659	2.47112	2.76515	1.08608
-3.62441	-1.26352	4.03063	0.803659
-0.78397	0.763056	3.49931	0.437515
2.25137	2.16523	2.01924	0.162883
4.26435	3.56789	2.55379	0.393318
2.68848	3.46209	2.40779	1.24959
-3.08726	9.65009	9.44596	1.2364
3.09334	2.59495	3.39392	0.0391743
2.32686	1.44837	2.66453	0.0100449
2.41311	2.52119	2.27775	1.21128
-0.391614	6.95055	-1.65062	0.296899
-2.99466	9.01657	8.75552	1.84732
-12.0363	0.568831	8.89655	0.358184
-9.57599	-5.96113	-5.57596	0.680538
9.52977	7.30432	6.59755	1.03402
1.85675	3.2453	1.38388	1.69941
7.37265	5.24958	-2.42834	1.24027
2.15087	2.92755	2.42257	1.23812
0.696575	-0.261986	1.26623	1.9852
9.05855	-1.78907	-2.02218	0.232273
-2.44051	0.918903	13.8546	1.4884
-13.0529	8.03258	13.22	1.99168
9.5786	10.3769	10.0852	1.63568
4.17723	-0.992868	-0.459199	0.8021
10.4956	-5.90953	4.20334	1.93804
-0.755752	5.5475	-2.6604	0.279401
4.49223	4.98058	6.04648	1.1549
10.8199	-0.915177	-4.37627	0.693781
16.3326	-9.15903	6.98228	1.8836
10.6874	11.134	0.273735	0.45838
1.22956	2.87331	0.0832256	1.09357
-1.46562	-2.74077	0.0394426	1.29719
2.61085	2.53169	2.45583	0.0413927
11.3581	11.7345	10.4973	1.02623
3.891	6.07997	4.74212	1.82854
1.63987	-5.45945	7.80058	0.85278
3.41659	3.95346	1.21061	1.7218
-1.56825	-0.600755	2.77062	1.49264
2.84873	2.63828	2.57476	0.512495
-9.46953	8.79938	-6.56608	0.177076
6.30797	5.06061	5.09689	0.851864
4.01759	2.64129	2.78214	0.578894
6.28338	0.748823	-1.24185	1.80717
4.85758	-0.899604	3.55997	1.17345
2.47655	2.7026	1.97885	0.6899
-1.60403	12.9763	6.90151	1.52063
-1.11333	9.48166	-3.63364	1.05305
3.43544	2.59759	2.44753	1.67054
2.17092	1.91445	3.18125	0.344058
-1.97234	9.32798	3.47927	1.11251
2.01878	2.16227	1.85931	0.0872308
11.0293	6.50564	13.9719	1.89441
-5.52739	-2.37586	1.80962	0.983947
2.58293	2.45915	2.28814	0.581027
1.59988	1.42083	-0.554039	0.786229
4.11846	2.98152	4.88887	1.26824
0.376735	8.06602	0.795734	0.300645
2.78152	2.14401	2.51818	1.83937
-5.66927	9.81726	-2.72626	0.125779
-10.5415	7.05903	8.42389	0.888413
2.0786	2.96232	2.62835	0.574583
3.00987	2.80325	2.24864	0.906946
2.96548	2.75629	2.24439	1.29513
2.25514	2.43505	2.5365	1.96667
4.75563	0.833784	0.316064	0.508763
3.42584	3.24721	2.69457	0.576555
9.06834	8.84912	7.48566	1.92576
-6.14563	9.7711	3.89078	0.805231
1.57875	2.55474	2.54916	0.698358
3.40455	5.29662	1.78469	1.9781
1.95973	2.35751	2.08837	0.978991
17.9546	14.7137	-5.17504	0.577524
1.58513	2.00209	1.91325	0.723195
2.7719	3.58009	2.47548	0.906757
-13.03	7.99444	13.2763	1.17116
0.65503	-1.26115	3.03531	0.0516172
-17.8069	-25.4719	7.61412	1.3967
0.452394	1.1062	-1.60952	1.21674
1.37141	0.589759	0.931713	1.10218
4.07629	3.02227	1.63545	0.496909
1.93905	2.67501	1.86893	1.24782
8.88714	7.77564	7.14599	1.90955
7.06906	-10.388	10.1336	1.24654
2.73338	2.64027	2.05834	0.967019
11.0045	3.39754	6.8453	0.304927
2.29322	1.94459	2.27431	0.0571682
13.108	4.51422	10.925	0.871175
2.34509	2.69505	2.47483	1.21315
2.28964	2.63399	2.49505	1.80544
2.43691	2.41474	2.73945	1.62998
5.37143	4.08086	4.60794	0.236435
-0.156393	1.76742	3.64625	0.266094
7.94933	-4.4589	6.98091	0.626219
-3.02321	-0.306824	4.51001	1.69223
-6.9252	3.29169	7.51912	0.66885
11.7181	-6.51644	-8.13743	0.286803
8.89247	7.64617	7.03057	1.62772
2.38787	4.44754	3.59281	0.561156
2.50494	1.89539	3.32788	0.455714
7.01519	7.86579	7.75872	0.531696
2.99329	2.77438	1.98046	0.8739
1.78345	2.35562	2.25198	1.19559
-5.9621	-4.70992	4.54572	0.365807
1.65005	2.55182	1.60361	1.58069
2.40448	2.36061	2.0633	1.04791
-3.27309	-1.58889	1.61023	1.15499
3.4699	2.81664	2.06168	0.909197
2.6056	3.30766	2.93682	1.97592
2.40303	2.20986	2.49783	1.01086
4.5472	-7.35111	1.85771	0.124146
14.6603	3.94437	7.82039	1.60648
2.2507	3.14679	2.57919	1.90672
-1.54833	6.67171	-2.99588	0.439486
2.12621	2.65989	2.5701	1.46198
-0.190883	0.525669	3.76594	1.37805
3.62022	3.80561	1.71824	1.16305
10.4686	9.48754	7.54213	0.850993
2.63604	2.58315	2.49817	0.165196
2.4987	2.75183	1.61619	0.268563
4.7214	6.33936	9.82516	0.49507
0.884482	0.188881	1.21482	0.216101
4.15842	2.48818	2.73752	0.663939
-6.34895	6.13921	6.63523	1.27193
3.08578	2.36515	1.88413	0.272214
8.15661	-0.611778	37.6737	1.21946
3.03685	5.315	1.05632	1.4405
27.6702	-1.25553	-4.68226	0.171098
3.78962	-1.01638	8.55676	1.46962
1.16327	1.36591	0.544256	0.707837
2.31833	2.3757	2.35218	1.86399
3.40947	1.18746	1.25325	1.27439
1.70805	2.09067	2.44237	0.409443
1.50038	1.2481	2.24194	1.16904
2.91404	2.61761	2.67515	0.331599
9.57534	12.8192	12.3593	0.285074
55.0319	7.64607	26.8753	1.2172
3.43454	0.694803	2.52218	0.89935
2.43851	2.65268	1.63657	0.217266
11.2947	4.4762	-5.6036	1.52028
5.38274	2.66055	0.689329	1.64993
-3.22167	3.69638	2.99639	0.476236
2.89243	2.16157	1.11505	0.742065
2.65929	2.56943	2.05686	1.95008
2.31141	1.77011	2.48439	1.24899
9.51445	10.1649	5.16112	1.02644
2.30816	3.26016	1.68529	1.09969
1.6233	5.74371	-2.26262	0.281069
-0.759437	6.8095	-0.858783	1.48171
13.1266	6.79411	0.203032	0.680504
8.27382	16.5031	-0.208014	1.92564
8.60184	10.2233	1.93428	0.555707
14.5621	-16.6136	-42.4161	1.45378
7.31868	-9.98089	10.9112	0.524436
5.83086	4.8026	1.58741	1.67563
16.1977	10.2794	2.58205	0.232929
16.0157	-4.21676	-0.163732	0.90213
3.72559	3.07279	2.02076	0.816187
3.86889	5.0082	-0.542233	0.514668
3.89313	3.57036	3.14167	0.686451
16.0479	3.39497	10.928	1.79586
-4.33645	-0.958377	2.8644	1.6928
11.758	3.85256	-10.6698	0.803674
3.01209	2.74686	2.91039	0.982337
2.86758	2.5079	2.19892	1.8505
2.11103	1.86489	2.54762	0.862177
3.72245	6.75867	6.11893	1.92722
8.51456	6.99657	6.77541	1.68661
2.96133	2.39878	2.99202	0.150388
-3.55611	-1.17437	-0.645807	1.71872
-4.60242	-6.82181	10.0789	1.93574
2.51866	2.98504	2.21455	1.74956
3.08283	2.92483	3.79119	0.734056
2.23689	2.52102	6.81218	0.741951
2.90624	2.39958	2.74392	1.70133
1.99824	2.12464	1.37786	0.742585
2.47614	2.57018	2.29195	1.41108
2.3236	2.5479	4.09959	0.420404
-3.77294	-5.85889	12.7715	0.484521
1.91241	-0.997786	-0.0389334	1.52143
4.9416	-7.84427	10.0894	0.346415
6.9939	-6.33587	-4.52732	1.77616
4.56077	1.63773	2.12359	0.24509
2.97793	2.54624	2.11066	1.07711
-11.3426	-1.02791	6.65162	0.409038
1.89293	2.99934	2.39245	0.564591
3.24527	1.43037	2.40319	0.481366
6.62239	-2.31077	2.43685	0.536578
-0.612454	-0.00105805	3.06998	1.21823
11.7841	-4.50577	-6.0769	0.934789
3.06626	2.52562	3.02062	0.769266
-6.3771	7.75375	-4.87245	1.07314
4.48189	-0.238839	-0.118906	0.665011
3.28251	3.39793	2.9893	1.22271
0.347524	13.1061	-1.43284	1.95702
4.02286	2.9742	2.86723	0.679246
0.668149	-6.59944	3.49629	0.0751479
-4.47996	1.87588	-5.58624	1.07684
-12.6763	9.9875	-7.20876	0.701054
8.36669	-4.39711	0.423026	0.405571
2.51109	2.14633	3.57722	1.97958
3.35614	2.89775	2.71563	1.06522
2.20228	2.55818	2.54052	0.140805
2.31832	2.40451	2.93433	0.578394
-0.234814	2.35179	2.26535	0.24038
2.22808	2.34184	2.76794	0.973154
2.86785	1.66421	2.50939	0.210663
2.54728	2.55927	1.95297	0.882856
-7.48499	-0.801077	3.39075	0.272792
-8.17928	4.62017	2.71677	0.565898
-5.29864	-1.6554	2.3451	1.58433
-0.979073	-8.66125	3.44006	0.768512
3.02931	2.08372	2.67224	1.85369
10.3891	11.834	10.798	0.333036
-4.70207	10.7297	9.35468	0.345271
2.43068	2.32885	2.52967	0.654244
2.32307	2.65324	2.3377	0.83375
3.17389	3.6011	2.60276	1.12637
12.0772	3.10685	3.14572	0.501374
2.58827	2.5964	2.69649	1.87739
2.89928	1.94726	2.62282	0.169426
1.76112	3.00143	3.93361	0.0943483
1.83691	2.52674	2.51485	1.00843
6.37816	-7.2315	-11.9528	1.05285
-2.39919	9.77674	-3.8194	1.91359
2.44924	1.56878	1.40595	1.48004
-4.02463	-1.34303	1.01233	1.0257
2.31065	2.37805	2.24861	0.313752
-0.812296	-2.10266	0.727424	0.134978
2.32158	2.33306	3.20855	0.251056
2.47496	2.81067	2.31089	0.237897
1.67493	3.08068	1.15781	0.0949976
1.92305	1.47389	4.71325	0.36662
4.32559	-4.00371	3.48598	1.85617
1.99573	2.62952	2.59798	1.42325
8.38346	1.02752	0.192766	0.60947
2.36088	3.50954	3.31789	1.6112
3.10247	2.16574	3.08533	1.23762
2.43135	2.39219	2.63048	1.97941
11.1284	14.8619	5.16991	1.55577
-4.23819	6.22251	-5.45035	0.407178
3.01609	-0.112394	5.56437	1.93071
2.20455	2.49799	2.9785	0.676521
8.8509	1.09338	2.21639	1.34929
3.04412	3.09156	1.76253	0.516977
2.46326	2.19071	2.89458	0.646935
5.77224	6.5373	4.65035	1.9884
2.06362	12.6695	-2.33972	1.93998
2.7014	0.699565	-0.930792	1.91528
1.5096	2.97192	2.59932	0.832739
2.84912	2.40349	2.89209	0.685901
9.29724	10.1992	5.87524	1.60209
2.35256	2.65698	2.43312	1.8299
-8.49247	3.39595	13.0955	1.76294
2.42027	2.96551	2.98462	1.10016
2.36787	2.45022	2.87178	0.587697
2.47589	2.76735	2.68712	1.99766
2.30979	1.69885	2.22115	1.75354
3.8005	1.72202	2.05751	1.83987
-6.86419	5.58213	-4.4268	1.9606
2.31463	2.58645	2.22992	1.28876
5.69177	-8.52714	-8.45864	0.538466
5.53211	1.62122	1.93041	1.17448
14.6196	11.4143	-6.80666	0.860587
7.68009	5.67516	6.69951	0.0638905
9.54702	-11.1098	-6.40693	0.163056
2.8893	7.23093	2.62442	1.16321
1.61355	3.01685	1.0928	0.201824
1.24384	2.27546	3.48757	0.440577
5.35234	3.02225	1.53249	0.552188
2.20575	2.39933	2.3578	1.44384
0.748491	0.790399	2.04359	1.36253
2.2568	2.46836	2.14283	0.368111
1.76863	1.65917	2.08549	0.879622
5.97853	4.0709	3.08446	0.232225
3.80774	3.45052	4.71915	0.984858
2.58091	-5.57729	-12.921	1.26261
7.57227	7.40813	7.44546	1.81222
2.04156	2.60399	1.70138	0.318602
7.28368	5.42496	-2.65736	0.78429
2.05482	2.58456	2.72558	1.57449
3.94713	-8.33156	3.61755	1.85212
9.34844	12.2017	9.59381	0.196619
6.08253	10.2043	6.98404	1.74455
-0.787232	0.861886	2.65076	0.90994
2.92837	2.32351	1.95159	0.0335407
12.831	2.17276	4.98604	1.39373
-7.43995	10.77	8.56195	0.261901
1.09447	3.15469	2.1389	1.49222
2.33386	2.87503	2.01933	1.23164
2.38385	2.84071	2.26969	0.451048
2.98871	2.1779	3.11225	0.390111
2.34715	2.52341	2.55503	0.228041
3.62471	3.2278	8.24393	0.388145
7.9819	8.26219	-5.77641	1.53917
4.72397	5.40136	1.17855	1.78782
3.05717	2.63587	3.33209	0.304303
2.62278	2.80456	2.58502	0.715436
2.9154	2.73493	2.16594	0.000160766
-1.74874	3.32778	2.32839	0.790604
4.23095	4.71993	6.30153	0.589553
1.38043	2.30021	2.60751	1.71298
2.6444	2.71122	2.95879	0.540948
3.79186	1.03974	1.30966	0.0097814
3.06903	7.04673	2.91607	0.618684
1.87338	1.98306	2.56116	0.28628
5.56455	4.19884	4.22836	0.388195
2.17551	2.36569	1.64903	0.427517
8.3122	5.80121	10.4681	0.0795727
0.318467	1.87922	2.63968	1.37162
2.6196	3.3047	2.5742	1.47381
-1.54515	3.32987	4.4363	0.788655
-0.311071	-1.71497	-5.81219	0.0833556
5.67564	1.28603	0.901401	0.461948
-2.96301	9.83771	9.45023	1.10475
-9.96068	2.47824	-6.28247	1.69982
1.83691	9.97798	1.43301	1.70406
2.01836	2.12983	2.54699	1.29844
1.57561	2.18403	1.85261	0.71462
-0.765589	3.62618	0.792174	1.07974
3.20043	3.3986	4.02789	1.70122
6.68826	4.53241	2.34925	0.894138
0.51675	3.94729	1.01835	1.52159
7.94986	-6.79775	-3.62234	1.26864
2.76717	2.44586	2.79772	0.624582
10.2454	8.16983	-2.65504	1.18944
4.09057	3.52384	4.72803	0.266196
2.04376	2.18544	2.41243	1.00462
2.21161	2.6136	1.78384	1.97002
1.81615	2.42483	1.96207	0.230556
2.23263	2.63329	2.34259	0.924567
5.81416	5.35537	4.9387	0.474673
2.86111	1.54423	2.51741	0.547154
2.97826	3.68229	0.522822	0.250875
1.09536	-0.616715	2.14517	0.668665
2.21712	10.5292	4.2611	1.36594
-17.0003	6.92733	-5.80498	0.413776
-4.66693	-2.25257	2.9126	1.13046
-8.81026	8.10963	0.368087	1.45736
-3.57815	4.81591	1.05735	1.34443
2.94585	1.86475	1.02275	0.628384
4.11406	-4.39547	3.85755	1.77112
0.988711	2.3727	2.10359	0.31682
-0.462176	2.5585	1.00884	1.63136
4.64504	4.15208	4.50598	1.74034
3.81859	2.85096	2.25205	0.282004
1.90177	1.66398	2.41405	0.455996
4.39266	3.11848	3.5198	0.588172
-12.4345	-2.4757	-2.76356	0.756245
-5.55172	4.78002	17.4654	0.589031
2.19654	2.61796	2.26264	0.751474
2.62358	-0.621598	0.0211513	1.57243
2.61124	3.07302	2.07589	0.826162
4.5175	4.37425	1.09183	0.203374
2.03781	2.37486	2.28165	0.283443
0.906448	0.675545	0.824755	1.2216
9.76155	9.08198	-3.697	1.47202
9.74802	13.6221	9.81832	1.67613
2.57409	1.73055	3.8892	0.552578
2.22418	2.79626	2.68448	1.16283
3.57463	3.34345	2.47684	0.355824
1.99848	1.51739	2.47608	0.730735
2.5052	2.28556	2.78948	0.463612
-5.45331	-2.65415	-4.02591	1.83019
-0.311649	-5.35262	-7.20772	0.157947
2.57762	0.0236389	2.57839	1.64063
8.65864	7.92685	6.94698	1.88566
2.50197	2.29811	2.2268	0.310507
2.17112	3.47378	2.00801	1.37733
7.35667	8.40303	5.50739	0.0793288
2.43584	2.36072	2.01443	0.122467
3.21438	15.9404	-0.837419	0.981996
1.83978	2.72806	2.14083	0.0594915
2.87403	2.56024	2.54368	0.948263
1.0676	3.38256	3.93964	0.307808
4.84443	-7.55324	9.64104	1.96753
2.09864	1.95768	2.51075	1.05453
3.20133	4.29469	3.17534	0.954272
2.49548	2.80005	1.62502	1.5832
3.21159	3.98328	2.14327	1.79617
9.37105	-4.25747	-6.32597	0.902367
0.850655	-0.514331	3.01667	1.91485
2.37739	2.20578	2.12102	1.66066
8.49268	3.18613	-0.312501	1.48685
4.25151	1.71158	5.48033	0.635795
6.35549	-0.215389	-1.46009	1.00114
-2.10922	-3.93006	-3.22222	1.25698
2.41601	2.55399	2.00623	1.98046
2.45413	2.17602	2.2209	1.53382
9.70493	9.77947	-6.25095	1.91371
-8.94823	-5.37142	-5.10022	1.98496
2.19389	2.41183	2.16507	0.63793
5.78135	3.25835	4.03968	0.601592
3.79428	3.38636	2.54766	1.04044
2.9164	2.66093	2.82755	1.2268
2.25478	2.91881	2.06632	0.191253
11.3089	10.149	-4.32705	0.723984
2.12753	2.18913	2.35266	0.241534
12.103	7.5441	5.65686	1.35739
-4.4969	-1.71783	3.80377	1.59026
2.55632	2.92352	2.14566	1.3999
8.30689	-7.19644	10.0909	1.66343
3.24229	1.7586	1.99475	1.31823
6.09904	-0.840346	-4.01509	0.347725
-2.66202	3.51754	2.79782	1.01109
1.97844	2.17444	2.27057	1.25339
1.43992	1.95124	2.69562	1.33613
4.07034	2.05005	2.37305	0.888912
1.01234	0.110173	2.84704	0.00797862
2.40902	2.4718	2.74399	0.894474
4.16741	3.13574	2.17486	1.55526
8.79652	-5.20133	-12.2235	0.846683
2.61963	2.18553	2.10317	1.36506
2.38159	2.2549	2.447	0.605584
2.45058	2.46791	2.29907	1.76694
2.81696	2.25018	2.31945	1.71047
0.700017	9.09724	-0.41744	0.899175
-6.26217	-5.4875	4.12855	1.14074
-8.04355	1.41903	8.42322	0.610626
2.41335	2.58737	2.10815	0.685305
1.70056	2.9476	2.30353	0.257784
1.92759	5.46502	4.09514	1.01499
26.4068	22.95	-52.8284	1.73338
1.41921	2.14099	1.35557	1.65953
2.31811	2.04527	3.06949	0.0562572
2.63317	1.87049	2.39102	0.503665
5.072	1.09048	2.72445	0.0872571
4.63797	4.48068	2.11748	0.0656741
4.75363	1.6886	1.90756	0.312154
3.97448	4.53907	2.25354	1.38979
-9.49458	8.78422	-2.02147	1.66509
3.72455	4.47431	5.38588	1.92928
-0.998253	1.28198	3.4891	0.281483
3.19798	2.71864	1.76766	0.594372
8.18488	1.03733	5.51277	1.56753
2.63971	2.64912	2.62345	0.35772
4.82836	-0.169897	13.5547	1.76887
2.24518	2.50431	1.7597	1.13539
-0.325218	8.56777	8.00415	1.65292
13.5304	5.03553	-3.93793	0.578171
3.32819	-3.65174	4.1667	0.244069
2.24234	3.32637	4.02165	1.8258
5.0847	3.26939	1.2512	0.0152801
7.18198	-4.03378	0.199162	1.25138
2.61753	2.405	2.3315	0.12667
2.20606	2.30732	2.99089	1.14597
2.71582	2.23486	2.06215	1.30959
12.9135	12.757	1.22594	0.196032
2.3635	2.0751	2.96596	0.699079
2.48264	2.09929	2.85395	1.93646
9.01291	-2.20134	-2.17792	1.77288
1.32927	3.18306	2.92108	1.92791
-9.09281	5.94183	7.59498	0.407499
3.06011	2.6966	1.7979	0.684145
0.276822	18.8482	-0.313156	1.56681
10.5408	4.96039	2.5639	0.682265
1.8096	4.99424	2.88867	1.02112
2.4104	2.38326	2.30947	0.280101
2.36134	2.77139	2.68897	0.769149
-0.122967	1.2815	2.8617	0.601652
2.76427	2.28527	2.36163	1.34514
12.6026	14.1506	7.78933	1.44747
2.53697	3.09265	2.42752	1.64843
1.58682	2.72887	3.49424	0.533412
1.7632	2.01381	1.98326	0.461556
-7.03439	3.39633	6.17775	1.44268
2.66171	2.04271	3.09394	0.655452
2.4565	1.87217	2.70679	0.9936
2.00349	2.90611	2.46282	1.72882
3.58057	2.40841	2.21358	1.74386
1.99789	8.17736	4.21658	0.29556
2.56919	2.90584	2.17868	1.94776
2.80695	2.35264	2.60161	1.05329
1.18882	0.822605	1.51889	0.317014
1.63794	2.21811	2.38945	1.81748
-0.437912	-0.988881	11.2979	1.27723
2.24649	2.45046	2.15084	1.32471
-5.58695	-0.0292178	-7.61217	1.9089
12.1673	15.8274	9.46989	1.3406
2.44245	2.3748	2.6487	1.61888
2.65987	2.57498	2.34209	0.31254
2.34963	2.70989	2.56432	0.79427
-1.89195	1.06012	-1.83573	1.49264
3.68807	2.33553	1.87361	0.327419
7.91924	-4.69091	-7.26801	0.0904908
