2.25964	2.82007	2.44047	200
2.08985	2.42905	2.57492	1.59688
6.37401	6.92629	8.51391	1.53646
2.70928	2.69498	3.63844	1.25774
3.06059	1.67261	1.3503	1.83239
2.29711	2.52252	2.41285	1.21394
14.1675	15.8769	8.56826	1.60835
5.96083	5.22722	4.8397	0.217618
-2.20345	8.80382	9.14275	1.67822
2.21987	2.37798	1.87568	1.04857
-11.4302	8.11412	12.8975	1.54272
1.78697	2.34789	3.38582	1.78306
2.25571	1.96009	1.96096	1.83805
7.55748	-5.5865	-8.69332	0.172112
2.36394	2.43901	2.61686	0.697786
3.35976	49.0098	-1.64936	0.126192
16.9639	-5.47934	-3.27655	1.70184
3.43341	10.2411	2.87394	1.5205
1.46352	3.40749	0.466514	0.0785607
15.253	-3.26384	1.44578	1.4419
-2.55866	2.58648	5.46858	0.708097
2.40198	3.33781	3.03446	1.76015
7.52302	4.43798	5.10974	1.78674
2.64712	1.72962	1.31661	1.17728
4.58861	2.56451	0.69738	1.84794
1.18125	2.97201	1.84129	1.82194
2.45074	3.42719	3.30618	1.84026
3.05865	3.02885	2.95369	0.863907
2.81488	1.89095	1.77472	0.614916
2.6222	6.04803	2.42066	0.552469
2.15379	3.18539	2.80238	1.81361
3.40967	8.22727	6.59627	1.52095
0.714821	0.0915312	-4.16503	0.766377
2.97069	3.48189	2.37997	0.464523
-1.42866	-0.677283	2.68031	1.4643
4.03267	-5.89746	3.37151	1.49014
11.2367	-7.01017	8.04701	1.04313
3.16122	-2.89799	0.126527	1.46531
-6.96036	-7.45602	-3.93724	1.51947
4.00946	5.34768	8.92678	0.156464
8.76621	6.42239	5.46508	1.63935
4.20183	3.05347	4.2715	0.315614
-4.229	15.4338	-5.62241	0.250937
-4.93359	11.4823	-6.32202	0.144658
1.19667	0.0344269	-14.7715	0.360745
0.902915	2.6723	2.93306	1.63939
2.41044	2.75843	2.43211	0.905152
3.82266	2.16528	1.56768	1.51459
2.41762	1.35674	3.41538	1.75523
-1.55092	-5.9424	1.33029	1.49561
-6.6609	-3.50939	-4.96253	1.66208
0.907064	-5.15804	-0.0619718	1.96719
-1.86078	7.86178	-4.64349	1.66002
1.73547	2.62727	3.59335	0.496088
3.98869	0.955114	2.5934	0.633734
14.7084	12.6215	4.9237	1.26614
2.13824	2.47228	2.54351	1.94293
2.80327	-0.283079	-2.13357	0.226561
0.97591	2.76703	2.77115	0.901835
1.575	1.76955	2.0445	0.00646292
1.88091	3.15926	2.81747	0.467783
3.48708	4.53898	3.06853	0.609911
2.6129	2.90325	2.73801	0.0817286
1.79653	2.0115	1.52542	1.27528
6.72053	2.74339	0.0901915	1.25432
-3.22689	11.5652	-3.65174	0.404426
-19.9927	18.8062	1.30735	0.514531
-6.99344	-4.04081	4.05132	1.75477
3.39289	1.98433	2.42385	0.723202
2.91521	4.17421	2.67211	0.577556
12.0436	2.95824	7.67697	0.379502
-2.78194	4.73028	-3.67273	0.662958
3.19038	-0.26839	2.9359	1.83786
2.82115	2.13424	1.55136	1.37157
3.29452	2.35484	0.526868	1.83255
2.45051	1.01399	-0.486728	1.09608
11.2251	-0.0418653	-2.33661	1.74796
7.44712	12.5541	-7.02292	0.547822
-4.94149	2.68945	5.20513	1.69788
7.61024	7.25145	5.61059	1.36836
1.91255	3.01465	3.35127	0.984843
2.82266	-1.43702	3.65339	0.443931
1.39994	3.75959	2.93456	0.720885
16.0028	-3.28439	2.08932	1.24419
1.89311	1.86002	2.66658	0.669943
2.16005	1.99744	2.20001	0.517812
16.0679	8.69754	5.99855	1.29441
2.63501	2.6486	2.21196	0.182297
4.74777	2.89842	1.25871	0.530923
3.07738	3.11657	1.7191	0.314544
1.33021	1.78018	2.14294	0.415687
2.5299	2.51703	2.51517	0.788777
1.46415	3.9471	2.03006	1.27731
2.29421	1.00465	5.57947	0.272149
6.23978	3.21054	2.09356	1.54877
17.5029	3.76587	2.92842	1.44201
8.49679	-6.25412	2.46731	1.41582
3.88544	3.23842	2.17679	0.187839
0.787683	1.23246	-1.23879	1.31424
-10.6043	5.78606	7.62979	0.106845
2.32511	3.01088	2.49235	0.88512
1.17812	2.24716	3.63035	1.0598
1.91201	2.26149	2.4168	1.77745
11.2677	2.67439	9.1504	1.05149
2.10171	2.5869	2.38409	1.65962
0.336977	5.53488	-4.30303	0.339299
-0.127403	25.9889	17.063	0.581657
3.29629	1.3552	2.94262	1.62982
-4.30648	-1.08761	-3.34832	1.55651
6.96533	4.57178	1.78649	0.442019
13.4784	0.970648	7.03607	1.34921
2.63563	3.86061	2.84899	0.802375
2.6653	1.68365	2.7191	0.771496
1.59432	2.40237	2.03054	0.0291587
1.2614	3.20027	1.94824	1.47482
3.31758	3.6178	2.2967	1.83918
9.11714	9.42493	9.39278	0.623901
1.94509	2.00788	2.45055	1.68782
2.25958	2.33849	3.60705	0.801418
1.30477	1.15255	2.70667	1.35562
9.01704	10.6155	7.68676	1.37144
1.38485	3.15726	2.57575	1.13566
9.99926	9.4731	7.62629	0.523141
9.59944	8.25314	2.60806	0.682709
4.84821	3.85304	2.28507	0.626459
1.48406	-1.74822	0.318496	1.00692
-8.34594	-12.0137	0.888666	0.382223
1.67022	2.6003	1.39925	1.09479
3.46664	1.27603	2.67302	1.85315
6.13271	6.1874	4.10276	1.10514
-2.62533	-9.78277	-10.0408	1.18899
-4.49775	3.29139	2.97818	0.649083
3.24664	1.95006	1.51524	1.51865
-4.81568	-5.45314	9.33618	1.20876
3.48349	2.5235	3.10712	1.73017
3.11018	2.11948	1.76509	1.22396
-4.02794	9.44371	2.09251	0.296684
-3.7221	4.04777	-0.0819272	1.0363
0.204267	2.38719	4.03966	0.97962
-9.35581	5.43739	-5.03371	0.769317
4.03683	3.25215	3.02545	0.826156
1.82778	1.96972	1.75893	1.43519
1.41237	2.21808	0.922218	0.893485
6.09196	-4.71213	6.37991	0.148521
2.96402	2.76531	2.15089	0.439576
3.53504	1.7343	1.14421	0.925704
1.14621	4.12324	1.05905	1.89782
3.45922	2.35182	3.42056	1.07349
3.06131	-3.93778	4.63526	0.932337
-6.68956	-1.87191	14.3091	0.916078
-9.87955	-7.95223	0.527248	0.515171
-5.75097	5.46573	8.14513	0.804758
2.13393	3.27022	2.21723	0.382055
2.21032	2.87289	2.37659	1.83305
2.95961	2.71434	2.51889	0.219555
2.50873	3.15517	2.37697	1.18538
-6.81194	-7.03572	1.27126	1.12174
8.03693	7.36189	1.40103	0.687683
7.32081	-4.86017	-7.3387	1.54137
-10.1974	-2.88308	8.94154	0.895963
-3.02931	8.86141	-3.10152	1.93136
8.72853	8.04545	6.1759	0.732056
1.47485	1.80051	1.6076	0.545974
-11.0721	6.28393	-12.3011	1.24639
1.96017	2.64187	3.1288	0.564568
4.49895	3.13017	-0.0565665	0.352478
16.1426	14.0716	4.02334	0.0277325
8.46835	7.84548	9.97927	1.29709
1.50072	4.43293	-2.12037	0.141114
1.40939	2.36964	1.8011	0.586355
2.49857	2.26644	2.87664	0.381418
1.76762	1.45831	2.2107	1.50677
12.685	-9.17262	7.99492	1.0471
3.39578	3.5684	2.29709	0.655232
-3.46984	-0.887747	3.57488	0.100336
1.87935	3.16384	3.03532	1.36384
2.67737	3.03825	0.780224	0.595866
4.0012	2.92244	3.16646	0.106879
9.916	12.1994	16.1296	0.272341
-9.69749	4.89676	-4.6478	1.891
13.1275	-5.54138	-7.40914	0.513938
7.1267	4.41748	2.73753	0.952709
2.4957	1.24315	3.38764	1.1645
4.89434	3.96768	2.89049	1.26717
-6.97007	10.4258	-5.44854	0.695092
2.26898	2.88204	2.72823	0.614337
2.41146	2.92447	2.1391	0.538045
1.90408	3.34387	2.62067	1.51842
6.84132	-2.59702	2.31167	1.69025
1.98153	1.68102	2.39172	1.33592
3.37542	4.88252	2.95066	0.512456
2.53833	1.27257	2.95185	1.22282
-1.51993	2.94351	2.13161	1.47349
-0.422283	1.27248	-2.30667	0.0477264
8.07493	3.41307	-0.432065	1.41652
1.04243	1.59203	2.74783	0.156516
2.45732	3.25816	2.9751	0.0867894
4.31267	3.30914	1.10596	1.22248
1.67884	-9.79579	-6.94028	0.332188
3.29812	3.11139	1.03404	0.0139602
1.70736	3.83498	1.21409	1.84514
7.05059	-12.979	2.58075	0.202961
1.84237	1.88403	2.12226	0.190086
6.04843	4.94169	2.44138	1.87543
-5.42503	9.73437	-2.68739	1.69055
2.77894	1.51654	3.85011	0.868796
3.71811	2.58826	3.26529	0.259952
11.5454	13.287	5.82522	1.31976
0.545262	-0.694463	-12.9251	0.421726
3.52851	3.55695	2.28589	1.88644
-15.2342	6.82404	6.47085	1.02987
0.782632	3.33982	2.63793	0.320324
4.11166	2.60334	2.10609	1.29957
9.74792	10.027	4.88536	1.5605
-5.1487	-4.56577	1.15825	1.73439
12.3012	12.2317	13.0843	0.354266
2.28617	3.41668	3.37279	1.19238
1.39556	2.18664	1.84878	0.81323
-2.23132	2.20591	0.31777	0.443452
-7.09384	12.8975	14.7546	0.194981
2.23645	2.88723	2.5638	1.86836
2.97299	2.99481	1.77899	1.27041
1.35911	2.16427	4.03341	1.15763
-5.16053	1.98166	-2.62506	1.19941
9.44818	8.65062	8.01386	1.55482
3.0882	1.85073	1.83766	1.33341
11.3876	11.0365	-3.55507	0.204467
1.07114	0.748136	2.32014	0.575473
0.665964	2.38238	5.07575	1.01383
-7.55868	0.920374	6.63861	0.589203
2.47639	3.35243	2.84857	0.465696
2.30011	2.75837	2.92743	1.62599
3.09758	2.03326	2.42069	1.23516
2.92153	2.69561	2.21863	0.153507
1.67695	3.32101	2.62762	0.719572
1.60588	2.91669	2.20521	0.201371
3.00535	1.96461	1.30963	0.208348
2.28765	3.47596	1.98667	0.733593
4.52226	14.0713	16.4718	0.13647
3.13975	-1.18489	2.76301	1.3497
2.63887	2.13588	2.54647	0.448831
2.97552	3.21962	2.6261	0.25216
0.391621	11.7013	-1.53278	0.384972
-3.49713	-1.10382	2.61586	0.369155
8.99245	-4.6302	14.3157	1.61723
11.8128	10.2331	8.39511	0.0894589
-9.88911	-4.41006	10.9231	1.72253
10.78	4.59951	-7.24443	1.33582
2.5899	2.23638	2.65449	1.42381
2.13418	3.23009	2.2249	0.309421
-1.91081	2.99587	1.6108	1.06503
2.69933	3.50871	2.03973	0.920135
-6.02058	-1.95353	1.78212	0.383261
2.09192	3.44696	1.85549	1.30617
2.71026	0.839041	1.78968	0.852823
14.0403	9.58606	5.96066	1.61871
0.414719	8.29314	5.20446	0.56856
0.311908	4.40955	2.99748	1.70757
3.13306	1.76157	3.90548	0.280676
3.82162	2.67025	2.06624	1.93539
3.90658	4.95563	2.2208	1.60521
3.79421	2.02845	3.75535	1.06468
-7.8285	0.807477	-2.64559	0.177057
6.0741	5.68195	-0.848527	1.79904
8.43587	5.34717	5.90987	0.439707
6.07701	2.65072	1.41017	0.922978
0.774382	4.86685	4.09236	1.67107
2.71858	2.11549	1.73673	1.34512
9.03159	-5.50751	-9.41368	0.769018
13.8482	2.09092	2.55298	0.206487
-5.97044	-2.28295	4.83439	1.84281
-3.86913	11.0105	-13.3958	1.93679
-3.36479	-0.90402	2.19265	0.574379
1.40579	3.66565	1.65953	0.0729918
2.16508	2.29534	2.64517	0.570298
2.10717	2.55333	2.14079	1.24812
2.91147	1.64522	3.55944	1.99208
9.2327	-6.83292	7.22845	0.529248
2.19678	1.95471	1.74297	1.4594
2.02522	11.1443	5.2961	1.77902
5.84575	-5.05527	6.66114	1.2784
0.0136702	0.969878	0.428908	1.74011
2.96353	2.64177	2.36619	1.65724
8.46239	7.8815	9.93909	1.72157
2.42977	3.39088	3.02604	1.81902
1.22764	1.64373	2.95387	0.375386
3.35252	2.53167	4.0633	1.25576
2.1558	2.96702	3.08119	0.757598
1.53208	1.65617	2.61738	1.30013
1.8617	3.02731	3.49631	1.79071
2.11698	2.65622	3.43253	0.928786
3.81566	6.16753	5.99511	0.668032
0.845159	1.91967	1.70394	0.049151
1.96415	3.2145	2.80521	0.770563
-15.1937	6.82986	6.46996	0.289892
34.6578	18.1416	-35.0601	0.493979
7.42057	6.94421	7.33128	1.68823
2.85956	2.83546	3.43072	0.9537
16.1846	8.61985	-8.90269	1.76145
4.33721	2.94224	3.91454	0.556009
1.97526	2.29049	4.58503	1.17307
3.15589	3.60552	1.33804	1.30752
-7.44502	-2.36773	-3.79956	0.779333
3.90054	3.27787	1.19251	1.48035
2.45753	2.66395	2.27659	0.199259
-1.91601	4.28384	7.91256	0.086758
3.65338	2.06084	1.47322	0.854591
0.93705	2.48788	3.67529	0.46513
-13.3454	7.86569	-10.6191	0.946091
3.84577	3.03188	3.63934	0.334482
3.77492	-18.4017	20.609	0.582863
6.69804	8.92848	10.6103	0.224313
9.12207	8.26053	7.96397	1.35632
-1.42609	-1.43917	-1.84149	1.45369
-1.23904	8.96536	-2.83147	0.180259
4.52936	1.79917	2.57614	0.763205
-3.25627	9.29084	-3.15736	0.780101
-8.13083	-7.10167	-3.46455	1.41723
-8.92324	15.4444	4.26517	0.309853
5.19314	3.55544	3.36147	0.0700779
2.4777	2.19757	0.769161	1.17439
2.46647	2.91455	2.89859	1.14624
2.25798	2.2314	2.24676	1.72975
2.19143	3.1639	2.54931	0.389895
9.61539	6.27458	-9.26163	0.120918
2.78501	2.81109	2.59666	1.97908
5.99128	-4.50409	1.79443	1.1285
0.604706	2.59103	2.26575	0.896645
2.54993	3.02256	1.50711	0.315109
4.78328	2.95109	1.25867	1.65523
2.69682	3.57394	1.58203	0.290746
0.39418	3.12151	3.70873	1.01523
5.89067	-4.3357	12.6521	0.245328
12.3337	13.7867	6.53912	0.648193
2.07286	0.901986	3.80162	1.81409
3.51772	1.51786	2.80433	1.11729
2.56995	6.54098	-8.21722	1.09472
1.34229	-6.72866	-3.35644	1.1164
5.59305	7.05743	2.73609	0.441357
9.96368	4.23494	-12.5355	0.0930253
2.83981	2.48689	2.38938	0.0736352
2.51804	2.89742	2.47425	1.47959
1.63571	1.95617	3.27439	0.41256
8.19557	1.94714	4.91016	1.07406
-7.09896	-8.42662	4.42408	0.267096
2.05516	1.40905	2.72952	1.53761
2.91536	2.28905	2.1553	1.06651
1.85475	2.30674	2.03961	0.816834
2.60134	-0.953714	3.76524	1.29534
2.95853	-1.7661	3.61722	1.13676
10.7039	5.1877	-7.9024	1.58462
1.79741	0.730877	2.37112	0.859227
2.45921	3.48246	2.74498	1.89742
2.0348	1.85794	3.28691	0.799847
9.05501	7.04942	6.59352	0.178859
1.49474	3.42077	2.36379	0.877848
17.982	0.316505	5.50147	0.584415
2.0158	3.50911	2.66084	1.60928
1.52974	3.3468	3.47076	1.08977
15.9921	-0.241924	-5.60861	0.391076
0.689029	3.89417	2.93542	0.426244
1.64142	7.73075	-16.542	0.885577
2.57653	2.67099	3.21126	1.98706
1.67725	2.23523	1.56911	0.642093
1.87139	2.56604	1.95849	1.44475
1.98316	3.67512	2.26306	1.00296
10.1072	9.93331	7.88014	0.567834
10.7229	7.10102	7.05347	0.780578
3.47714	2.52804	3.10828	0.70218
2.24276	3.13903	1.78341	0.108428
2.02905	1.3928	2.50495	1.64368
2.0792	2.2893	3.22867	0.658617
-3.0429	-11.3894	4.47216	1.9847
1.95831	2.37354	2.13913	0.678142
-9.97336	-7.52144	3.29265	1.50587
2.09003	2.26059	3.23824	0.239168
2.93368	3.14912	2.5364	0.423209
2.79111	3.04837	2.93056	1.45154
2.39657	3.54575	2.96534	1.89362
-12.1603	-3.69095	12.3772	1.58599
1.32037	4.40189	-0.272878	1.35326
5.83971	10.7476	2.84068	1.21836
3.05153	1.8808	1.7647	0.760869
2.14966	3.55982	-0.261047	0.934548
3.24603	2.16399	1.37904	0.430132
13.5788	-4.7141	-5.52268	1.65179
2.04083	1.95793	1.66009	0.104021
16.3622	4.99038	-6.00849	1.25119
1.53565	3.1152	2.18384	0.566277
-1.28785	6.38	-0.724905	1.45781
-3.40654	8.45783	8.94199	1.39548
-13.1296	-9.65534	5.48307	0.0234906
2.98531	2.09312	2.65685	1.63059
1.3477	1.47405	1.15364	0.0936946
0.101983	10.8162	4.82767	1.6701
2.24442	2.34242	2.84393	1.6787
3.30517	2.86031	1.58765	0.967485
6.80166	4.76776	8.48791	0.0748127
2.59482	3.24898	2.85696	0.0580213
-10.3733	-8.71319	7.61536	1.02277
-7.14588	6.3853	7.38699	1.06529
2.79449	4.18316	2.0446	0.182628
0.253642	0.564266	1.79694	1.68896
1.6165	1.6331	1.81195	0.392855
2.16197	2.77222	2.60218	0.461355
3.04186	2.19996	1.57711	0.180736
16.8261	3.65404	9.78647	0.292271
4.21388	1.42605	1.07919	1.2949
5.6768	5.40934	1.39419	1.72584
-1.69223	-6.28661	-0.751948	0.667664
1.09302	-9.35023	11.293	0.120311
2.84277	1.6184	2.16433	0.834979
3.54542	1.9705	1.32112	0.979195
1.56484	1.94839	2.4347	0.0887322
1.77409	2.09026	1.39298	1.64575
3.25854	3.05792	1.90012	0.574362
0.264532	-2.47732	4.91238	1.56859
-9.76579	12.1224	14.5855	1.69591
1.13542	6.5609	-0.170344	0.505069
7.55067	-0.725654	-1.88225	1.65411
1.90347	1.83923	1.15672	1.86203
8.42697	-11.9028	-0.336281	0.307846
-12.032	10.8916	-0.900156	0.910883
2.19788	1.85206	2.82947	1.69226
2.24258	2.10694	-1.9016	1.01511
3.59853	1.94578	1.53246	1.96396
1.69873	2.14205	1.66142	0.407156
5.57254	-3.55458	2.99511	1.05951
-0.811211	-2.12844	0.93154	0.914341
3.21182	2.12414	1.97031	1.67974
-0.0688244	0.176376	3.04518	1.23187
9.46428	7.10235	8.82122	0.265115
0.129347	0.750376	-2.14602	1.85541
-7.90302	-2.97957	-1.46509	1.77206
9.90938	9.60755	7.15925	1.37509
13.6333	5.91966	15.083	0.542936
1.62817	1.43909	2.28131	1.42287
1.67492	2.51745	2.4801	1.43249
1.86865	3.28247	2.43761	1.92527
-6.18945	-9.87143	9.87824	1.63039
2.77756	3.03688	2.23059	1.45555
1.51567	2.13561	3.50178	1.98033
1.40028	1.40972	2.87531	1.69105
-16.0721	-7.61524	8.2851	0.582376
-3.72049	-9.04752	4.01495	1.37459
9.7834	26.7423	0.0748479	0.225976
3.07009	0.379415	1.02424	0.570159
2.61862	6.05731	2.40793	0.833412
3.60236	-7.37723	-1.74317	1.27411
2.94854	1.85058	1.72648	0.585111
0.0197693	0.610624	1.15397	0.570729
12.3382	5.39956	-8.00524	1.54603
3.57453	3.34812	1.16978	0.572149
2.22589	0.598798	3.36062	1.06727
2.50773	3.02514	3.08107	0.259085
2.46436	1.63428	3.14257	1.10327
-9.54072	5.20013	8.1442	0.515877
2.14557	3.15039	1.53557	1.82145
2.39413	3.12822	2.65726	0.641544
-2.88108	-12.6993	4.93427	0.0887237
4.30706	2.11542	-0.182542	0.969839
1.65249	3.41411	4.10746	0.0350396
9.09392	-8.60411	11.1011	1.69938
1.46822	3.5497	2.75953	1.03687
5.1064	5.11688	1.55632	1.66612
2.94331	3.33403	2.34163	1.0535
3.25199	-3.23646	-12.157	1.91819
-11.7892	-1.99684	4.64926	0.128683
4.25589	1.83684	1.82287	1.82671
2.79202	2.97315	2.36024	0.535157
13.3387	8.30635	6.17087	0.322706
2.45098	3.49553	1.17863	0.310578
16.2834	12.7009	5.67375	1.02905
2.37127	2.97693	1.67549	1.59695
3.58306	2.14108	1.16864	0.769078
3.71535	1.37305	2.35388	0.651036
3.76771	-10.648	9.13001	0.316632
1.63825	1.75789	2.46545	1.94209
4.94884	4.18535	1.15661	0.0378658
8.89003	-8.42295	1.79499	0.340736
12.8627	2.41373	-11.0539	0.102763
-1.8168	-13.3603	-2.25071	1.13346
1.74933	2.19071	2.77533	0.890157
3.85714	2.37356	1.85921	0.926756
1.66449	5.48083	2.82145	1.9285
10.2391	8.53866	8.27955	0.853807
2.62883	3.9904	1.16836	1.30503
2.22497	0.92237	1.41249	0.296471
-6.19367	8.90408	6.17294	1.35468
4.7559	7.04488	5.99334	1.69782
2.17923	2.63789	2.65022	0.0507099
-1.16211	-3.09955	11.5342	1.98755
8.86883	12.2026	-3.9056	0.506552
11.5964	-7.16442	-9.85195	1.49754
1.84641	3.48607	3.25271	1.6818
0.399793	16.5691	-5.87281	1.05741
9.69971	9.35488	3.04137	1.93176
4.77459	4.62528	2.91502	1.79025
-3.77461	14.1626	-4.54261	0.481875
4.86225	2.42541	1.48824	0.494861
2.12825	2.4469	3.03369	1.35531
3.16122	4.05117	2.58288	0.0941316
0.906117	2.06035	1.58419	0.105954
6.37401	-2.48883	-3.72697	1.56761
1.60317	1.22214	2.53336	0.608151
-24.014	32.6138	82.2801	1.7666
-5.49129	2.40321	-0.69981	1.69328
1.85882	1.79263	2.16917	0.0970635
-23.5812	-4.82646	-21.2052	1.27547
-30.5967	2.54912	-5.15813	0.165135
-3.74556	-6.37928	12.3051	0.0643678
2.75951	2.05354	2.08378	1.03142
1.51811	1.82726	0.942632	1.4856
8.45711	8.63891	8.53003	1.60687
1.88303	3.3051	2.22608	1.33512
3.4633	-0.614917	0.993608	1.32193
1.41592	2.56299	2.87944	0.229188
6.03608	-1.68505	2.9334	1.15041
2.65728	3.1932	2.80849	0.0122439
2.70302	2.59905	0.573284	1.10978
3.09887	2.0763	2.4914	0.238448
14.2409	-12.1406	-7.40221	0.998555
-15.356	-3.59609	7.49777	1.56683
2.18454	1.07017	2.14214	1.31163
1.3964	3.56397	1.38892	1.84019
6.49619	0.0206316	7.34766	0.565669
2.34589	1.1754	2.19943	0.700415
10.3114	-3.05059	0.356429	1.03024
9.03592	5.2766	-5.97763	1.02605
5.82987	8.3255	0.533551	1.60142
10.6304	5.05932	-9.80964	0.893243
4.27654	4.09264	4.93584	0.774545
2.0091	3.0974	2.58821	0.996305
2.22468	1.95783	2.47324	0.281368
4.71796	3.44431	2.55651	0.862815
1.70687	0.61458	1.56122	0.0662963
5.50869	28.7516	-3.29126	1.45071
1.56141	2.87026	1.61601	0.535223
-8.77614	8.91903	-8.7273	1.59936
9.5261	-9.94796	1.96644	1.82052
-0.640877	4.50438	4.83258	1.05984
9.75636	5.10698	0.257744	0.404653
12.2909	5.47731	-7.98344	0.28016
-1.59611	19.2819	-10.2121	0.312513
2.12095	4.29165	1.04086	0.598014
1.76596	2.72828	3.34937	0.0309688
1.59612	1.1343	3.00762	1.31308
-1.30339	6.333	5.27444	1.57405
5.38191	5.52892	3.49787	1.58682
17.3316	-5.74829	-2.1767	0.847923
2.46563	2.00588	3.27832	1.41304
-24.1356	2.48693	22.22	0.741729
2.31358	3.52504	3.59641	1.46909
2.54038	2.56899	2.99761	1.33984
2.37524	3.10561	2.64446	1.22972
5.58354	5.63866	2.71396	0.127465
-7.67642	-11.0809	-6.8087	0.0661813
1.83582	2.7885	1.72092	1.71084
2.09472	3.01944	2.19948	1.38416
3.9896	2.90417	1.58663	0.430067
1.59154	2.15457	2.73039	0.642343
0.687003	-5.78362	1.043	0.973297
1.96755	1.94828	1.6589	1.66419
3.99802	3.32112	0.905924	0.158561
7.454	-6.62273	1.50911	1.85721
2.53203	2.63764	2.81445	0.176401
1.86221	2.43391	3.97485	0.697763
1.6545	1.68076	2.27538	1.87958
1.72419	2.41087	2.49289	1.09071
12.8707	10.2649	8.66763	0.955773
5.87156	3.80125	-0.0390397	1.56081
6.94279	3.83962	0.748443	1.71826
-2.80605	-0.287504	-8.01795	1.12926
2.30568	3.62088	2.816	0.264
2.00916	1.4263	2.73153	1.3768
3.90812	2.38298	0.577422	1.70478
-27.9072	-9.5797	10.7388	1.54276
2.07713	1.56017	3.70191	1.42161
2.83342	1.88441	2.46591	0.400336
0.759002	3.43743	2.59535	1.44768
4.10955	4.30088	2.64355	1.72888
14.3964	2.52486	4.73476	0.673005
1.31137	2.44233	2.45853	1.30151
1.54445	3.04923	3.54817	0.160811
3.56116	2.95657	1.33517	1.36691
15.1586	3.93536	9.37013	1.78782
-10.6283	-9.03046	8.04885	0.850721
14.7673	10.9603	8.8171	1.11867
2.6445	3.46311	1.77382	0.838381
3.00241	2.54862	2.25675	1.50676
2.04787	0.791028	1.6429	0.839319
1.60031	3.03987	2.02663	1.95187
1.73165	2.43254	2.00217	0.277651
10.228	7.38682	7.02687	0.226415
2.35814	4.83049	9.46871	0.350992
0.599803	5.29998	4.82558	0.561186
-4.57549	-0.0920058	2.68541	1.0088
-0.104141	1.57277	2.48416	0.952733
2.19318	2.99038	3.33237	1.33952
1.77507	1.30023	3.04568	0.754754
1.70028	1.5498	2.76461	0.401694
4.36121	0.757375	2.52382	0.595697
4.49247	4.63953	2.08065	1.91188
-4.78767	-1.24591	2.81362	1.33164
-6.31427	-0.093349	5.04574	1.89122
4.43354	-22.4321	18.4635	1.25573
0.793907	1.08625	-1.81462	1.31822
-12.7014	-5.04708	6.30973	0.924067
3.36968	2.41841	2.89065	1.21424
7.38594	-6.76522	-16.6569	1.55476
2.80867	3.30079	3.4812	0.739891
-5.88235	-7.98902	11.5428	1.90655
3.08629	3.54213	4.41197	0.595911
1.5785	1.7256	0.477996	1.4478
3.16654	1.94145	1.46851	0.705897
-0.211791	4.11316	1.64708	0.830301
-15.783	5.24032	17.1695	0.147648
3.06563	3.82221	1.37229	0.568708
1.55743	2.18948	1.24438	1.7841
6.33975	2.83398	4.79881	0.921071
1.54257	-4.44923	-3.34065	1.06009
4.20752	3.85224	3.20863	1.40784
3.1096	2.34306	3.1334	0.149011
1.59204	-5.18799	-9.69068	0.0573096
3.00502	1.91746	1.55446	1.60902
8.18962	-18.2491	14.9363	1.48946
-0.36382	2.26935	-2.63864	0.185152
-3.23188	3.97057	-16.2209	0.65857
14.8866	13.4071	11.4286	0.582755
-5.65043	7.69551	-4.15361	1.80732
-10.0436	8.64122	-7.17612	1.61339
3.09079	-1.12919	2.90129	0.547462
-7.2468	-7.67254	9.99325	0.837849
3.97805	3.1852	1.46062	0.859427
2.16146	2.66324	2.36681	0.686994
0.576876	9.97256	3.63832	1.01772
1.68345	1.29454	2.40214	0.765831
3.47356	2.76718	2.62058	0.791234
2.70285	2.36495	3.26988	1.54345
-13.1583	7.67228	9.7331	1.42464
-4.22405	8.26915	8.93017	1.73399
9.90863	13.1978	7.41347	0.402134
2.88976	5.13696	2.79686	0.755776
-2.35731	9.43682	-2.17943	0.562802
1.89938	4.05426	-0.0592566	0.789683
0.866315	2.1997	2.66991	0.66046
15.2222	-3.13693	1.2762	1.89641
3.46454	0.926378	2.41558	0.0118207
6.76652	-1.31059	-2.2143	1.1238
13.2101	14.7305	-5.99233	0.364024
2.71127	2.41315	2.52528	1.76601
-4.53305	11.9631	-1.13515	0.548671
1.84966	2.45247	2.30988	1.23233
1.95633	2.64548	1.92495	1.99051
11.2098	10.5711	-4.57773	0.96566
3.16188	-0.922085	9.37311	0.933711
0.520531	5.49147	6.63859	0.964852
3.28705	3.27253	2.57284	1.03972
7.6393	5.78658	-4.33199	1.24827
-7.33586	7.11612	-9.77137	1.60925
1.32524	2.4167	2.48825	0.351209
11.7544	12.5887	6.1841	0.959375
-7.21915	17.9011	-7.35712	1.22256
3.42065	2.68118	0.550183	0.228109
-10.3997	4.30603	2.31326	0.688311
-2.34881	8.91902	-1.93258	1.99575
1.88859	2.1511	3.27734	0.312488
-2.79662	-3.10627	0.93707	0.460278
0.488605	3.22318	2.84587	0.230828
3.07929	2.45051	2.95009	0.328724
0.110604	0.550808	8.62952	0.818434
6.5278	-5.31939	-13.485	1.64356
-0.965904	7.42691	17.5963	1.71857
11.0395	6.21994	-1.17243	1.73185
5.72574	6.79425	4.79842	0.261959
-3.4775	-1.11105	5.73043	0.175564
-20.7067	2.83001	23.403	0.227061
2.89256	-4.19325	6.22068	0.0687606
2.33221	3.00591	3.82252	0.729587
-7.3806	3.12855	10.0896	1.73595
2.45856	-1.03503	-2.66969	0.93458
2.00159	4.13622	3.9534	1.35857
2.80535	2.68763	-0.382789	0.126486
11.8148	8.29904	6.41743	1.40624
0.588921	0.871701	1.30997	0.563422
4.53581	4.97431	6.7528	1.01687
3.70208	5.82509	7.0438	0.110773
-5.14156	15.1714	-13.2133	1.62635
2.41644	2.56276	2.9646	1.58953
1.49017	3.16005	2.40677	0.597277
4.65353	4.04969	2.24432	0.614993
2.6123	2.86067	2.45573	0.787897
2.38487	1.72625	2.74478	0.0392891
-5.12401	-2.70328	-5.63466	0.139777
6.55673	7.42541	1.38483	0.955992
-4.20545	-0.824671	2.73558	1.74682
2.1628	2.43299	2.87224	1.86862
13.8624	11.3819	14.1353	0.308787
2.77781	3.13402	2.91151	1.76448
-9.26524	4.73982	-0.532795	1.94973
15.2394	-3.23308	1.45375	0.443174
2.67451	2.46393	2.10897	1.39008
2.54437	1.51449	2.67937	0.770002
0.814634	1.96746	2.79013	0.329308
15.8419	-19.2723	15.0929	0.442341
1.09069	0.656244	0.642603	0.990709
3.79075	2.44751	1.6301	0.0689747
11.9082	-3.36863	3.3985	1.21947
-14.2809	6.84535	-6.59401	1.09848
-11.585	6.58613	14.3962	0.90069
1.78326	2.59799	1.95903	0.00987587
6.61781	4.89738	2.94036	1.83474
14.6	16.3973	8.73942	0.178322
9.23543	-6.32043	-24.7791	1.05445
1.74501	1.60899	2.23216	1.32304
2.06967	7.14534	12.2048	0.443072
-9.4537	5.17499	-5.07757	0.202753
2.25317	2.89467	2.4909	1.52985
1.52763	2.26582	4.62363	0.62777
2.46036	2.9227	2.7762	1.00235
2.00131	-3.86648	0.531492	1.61698
2.90298	3.84557	1.76997	0.470906
10.3751	-5.26609	-7.64386	1.50572
-8.23246	13.4188	-2.64084	0.0868292
4.12211	3.88262	4.45732	0.992356
-4.6967	4.07649	22.7668	0.385173
3.84321	4.08893	4.75134	1.12881
-7.15785	-12.0379	6.95863	0.35686
9.77489	-11.1212	-0.918043	1.98283
1.49935	1.52329	1.58851	1.93545
1.93129	3.29235	3.17986	1.37708
1.37357	3.31409	2.99811	1.12573
5.57755	-3.5692	2.9943	0.400758
1.84001	1.89572	2.44165	1.31368
0.225445	-15.8993	15.7338	0.643052
1.48393	2.44919	1.84079	1.48936
1.95436	5.9941	12.6139	1.54701
-5.54534	0.0846643	-9.17762	0.0591141
2.83771	1.29888	2.39128	0.757717
11.7705	-0.387716	2.73974	1.19392
1.55617	4.00185	2.90898	1.80013
3.98553	2.8989	2.68653	1.34404
5.06705	-12.9146	1.30172	1.4538
-41.7031	14.8451	-36.191	0.0154321
1.61235	11.3377	-10.1179	1.57976
9.25362	-2.70288	-2.56269	0.514847
3.34389	2.57403	2.69159	0.282131
1.4282	2.77465	3.28049	0.628793
3.10212	1.89773	1.81799	1.79937
0.91969	3.18877	2.99432	1.6308
6.01354	13.0558	14.6965	1.22899
1.77387	2.30895	2.27302	0.0782701
1.23237	2.4767	3.93993	0.784358
1.59464	1.41474	2.63322	1.82028
10.9911	8.89284	8.14285	0.347158
1.70254	3.18743	2.02714	0.88533
2.9616	1.26417	4.0311	0.100509
4.51927	4.02297	3.50158	0.0466463
22.0378	9.83048	31.4981	1.07615
2.19076	2.19179	0.674605	1.28678
-2.9002	12.5299	-4.8566	1.17868
2.28714	3.29146	2.09434	0.481323
3.36554	3.17993	1.6165	1.6699
0.398924	6.99725	2.26282	1.32902
3.16378	1.97281	1.8027	0.156917
2.51205	2.92218	2.71777	0.0266812
3.53655	3.7369	3.78579	0.820444
-9.7194	16.0547	7.70097	1.32618
-6.45615	-2.51478	3.57507	1.17904
-5.44074	-2.57616	0.400852	1.49083
2.47567	2.33947	1.11754	1.28504
6.50551	-7.91629	9.40149	1.50259
-6.21893	-0.0965466	-3.26354	0.0239364
-7.91974	-10.1675	5.82649	1.1812
-3.42672	1.13445	0.319241	1.34153
3.20119	4.03427	2.79187	0.48039
1.71803	3.08715	3.37566	1.83596
2.42818	3.12374	2.74629	1.2816
1.49353	2.84911	2.20674	0.101933
2.02114	3.28174	1.20547	1.15936
11.1411	1.99541	2.58027	0.428746
-8.97901	3.23566	14.6473	0.469372
11.3651	-9.2061	-2.74486	1.79805
3.55884	2.55153	1.70677	0.00771657
-1.14665	1.72804	3.10968	0.327592
3.04452	1.99228	1.1716	1.06633
2.97345	3.14651	2.80576	1.86145
1.75867	0.664336	0.131326	0.580846
9.75113	9.94269	5.94046	1.16392
2.53829	8.0786	3.19813	1.82537
2.14451	1.50515	2.46218	1.95161
3.77246	1.57286	2.55697	1.57401
2.47301	3.11841	2.6535	1.09742
-6.02449	-2.13925	-0.0467754	0.631442
-2.98314	1.74206	1.42117	1.04317
-0.241397	-4.85059	-7.01819	0.141617
4.63866	2.99537	1.05976	1.1558
2.04111	2.01172	3.27364	1.48429
3.1726	3.31875	2.41392	0.305834
3.7358	2.46869	2.49942	0.346177
3.15414	3.16928	1.28075	0.171704
1.83152	2.80914	2.13004	0.978848
-1.71984	-0.0948055	2.92076	1.04415
3.22911	3.99036	2.81704	0.527518
10.0078	7.90433	2.78752	1.53277
3.95792	2.92121	3.48476	1.81315
2.24085	1.49699	2.46959	1.7755
-7.34815	-0.0226874	5.94754	1.04643
2.30518	3.55573	2.42613	1.07249
-5.7717	14.9777	14.1836	0.111958
-0.504385	2.12339	1.35079	0.127047
2.45145	7.15993	14.951	1.999
1.05396	2.31432	2.9332	0.263307
5.38988	3.28885	1.84388	0.271411
-3.10267	15.139	12.697	0.84999
14.1471	8.33126	-3.14046	1.97453
2.45346	3.39879	2.47121	0.906451
1.41524	2.98246	2.15623	0.453161
0.301824	0.226055	-1.07692	0.891066
13.3643	10.7778	-2.58072	1.34957
0.506481	5.05045	0.507175	0.575008
1.97751	2.63118	2.14261	1.97247
3.61857	1.44026	0.844657	0.0790421
-3.25833	-1.4304	2.26354	0.795748
4.43302	1.44396	1.60467	0.969283
3.55323	2.67971	2.12413	1.37062
9.36945	10.682	6.73925	1.41152
2.02159	2.86144	-0.251963	0.810077
3.79243	3.68094	1.62727	0.544266
13.8261	10.1939	11.2147	1.94807
-27.0233	-58.2938	-21.2949	0.186732
6.85043	4.90125	-3.88199	1.89152
3.49468	5.13458	12.3696	1.38019
2.42832	1.70795	3.11516	0.300416
3.70391	1.77099	1.81272	1.52332
14.2054	15.8738	8.73339	1.73784
3.15474	4.07284	4.01176	0.910289
2.2956	3.02332	2.31042	1.07481
3.34051	8.78294	6.94412	0.196115
3.67307	14.3003	10.0653	0.147432
2.89148	2.68638	2.53983	0.333996
-4.4168	3.20731	1.37986	1.51758
2.06718	1.99711	2.03924	1.45517
1.28201	2.38251	2.67524	1.66636
13.3758	-1.11264	21.5192	1.04277
5.44702	-7.90637	1.55493	0.411986
9.01092	-4.18029	4.40993	1.28666
2.67379	3.1857	2.24951	0.551865
3.05625	2.15117	3.88531	0.875856
0.633947	1.69687	2.48873	0.531078
-4.57496	-5.71209	2.70905	0.685995
7.34869	3.91129	5.15782	1.90143
2.84298	2.00514	3.67108	0.928318
1.22804	3.08251	2.07285	0.684524
17.848	0.586782	-0.757022	0.0640763
1.26795	2.87047	2.4197	0.288312
3.2012	1.76944	2.87294	1.60715
7.48531	4.91203	6.33122	0.888699
-9.64481	4.82731	-4.5695	1.80059
-7.32944	0.0703373	-7.37842	1.9581
1.53917	2.81001	2.70506	1.22009
-5.35317	17.1221	-8.79255	0.148916
11.8095	-10.581	-1.11074	0.819269
0.468443	2.46623	4.29698	1.64808
1.33584	2.15755	2.76008	1.35281
1.9425	2.67553	1.31417	0.821301
2.93841	6.6193	0.950957	0.821672
4.08877	-0.522553	7.92157	0.599325
3.70382	2.50552	2.10922	0.678115
-6.20197	-8.08499	9.71235	0.0680525
2.08583	3.17697	3.33819	0.880917
-7.41993	4.05511	12.1689	0.199694
5.37704	-4.61224	-9.99627	0.096008
1.1527	1.14255	-0.0604186	0.695629
2.85032	2.00781	1.93508	1.35349
-6.24255	11.2347	-3.35435	0.833219
-0.905714	0.160969	-1.64982	1.8562
-7.34827	14.0146	-4.3347	1.0961
2.74864	2.18322	2.52575	1.24734
4.18709	2.31194	2.50354	1.07313
3.05813	2.98891	0.557917	1.46794
15.9317	2.87961	6.36895	0.403797
-7.00177	-4.41347	-2.00947	1.48874
-10.4213	-8.65462	7.5935	1.94122
1.86454	1.95072	2.39696	0.978597
8.27353	-12.2415	2.16626	1.55005
1.77213	1.68451	1.90731	1.33971
10.4121	9.56435	8.10285	0.847963
3.36839	1.43712	1.37756	0.0375487
3.67525	2.55115	1.90277	1.29407
4.12531	7.47918	6.30463	0.138276
-5.31896	-2.35806	5.02329	1.39107
3.4813	0.928033	3.66737	1.10973
4.90736	4.24869	3.2515	0.13182
0.682616	14.7981	-4.1537	1.05378
-3.29143	-0.865853	-0.766296	0.945593
2.47112	2.85463	1.73968	1.13478
4.0545	1.74381	1.74719	0.857441
1.50523	2.62677	1.6363	1.53186
1.69435	2.02657	2.87338	1.2545
1.83408	3.15555	2.5184	0.550704
1.19676	6.96551	0.175943	0.233016
9.6295	2.72424	-3.9354	0.182805
2.02543	3.22246	4.73973	1.50479
1.39086	2.94913	2.6651	0.103302
1.69818	3.42214	2.96165	1.15915
7.71283	-8.94608	14.5189	0.596495
6.50206	7.91221	3.85054	1.98379
-12.224	1.49759	9.77519	0.643468
1.61961	1.72522	1.63984	1.72043
-5.65902	11.2919	-3.23231	1.40951
2.74652	1.99694	1.92071	0.758022
2.71109	2.56887	3.21146	0.679204
14.2731	-2.93212	-4.80208	0.902349
2.75295	3.25731	1.71178	0.810195
2.1336	3.30181	2.18812	1.0498
-6.44758	-5.30123	-0.485438	0.804307
1.80847	1.91828	1.84533	1.91659
-2.19727	1.61833	2.91684	0.0848613
2.2548	2.94337	3.13273	0.602797
1.82594	2.3109	3.05672	0.416555
1.66895	2.79468	1.44563	1.3048
2.402	3.67364	2.65692	1.79299
1.83725	3.64851	2.62282	1.73265
1.48098	2.60641	1.09731	0.782976
1.45171	3.014	1.16003	1.83882
2.71366	7.00563	0.80975	0.949303
1.27673	1.45953	1.39182	0.0603349
1.29126	1.12301	-0.725285	1.99705
-0.766049	-2.36134	-6.02013	1.60416
3.22041	1.56328	2.39058	0.781132
12.16	10.5694	8.75486	0.563294
2.28022	3.4225	2.40077	1.88177
12.7327	9.06552	-8.00357	1.60213
3.7923	0.119355	6.12899	0.337555
15.2088	8.64631	7.79	0.881626
2.21542	2.25893	2.70053	0.892089
1.48201	2.893	2.43296	1.28412
-14.5298	-4.01172	4.38909	1.92319
2.14321	2.64441	2.51559	0.909297
2.13912	2.40582	3.14555	1.74223
1.31426	-8.61737	10.2556	1.95008
19.2451	-11.8975	7.96239	0.566784
0.420561	17.4569	-5.64383	0.936955
-1.90726	12.9955	-17.7201	0.230881
4.41651	1.6207	5.08533	0.104977
9.92127	-12.0766	0.935929	0.352013
3.62609	4.11492	3.48151	1.78906
16.7769	4.23065	-10.4694	0.225995
1.73724	1.09018	4.74132	0.719967
2.35574	2.4631	2.89634	0.770755
1.34879	1.82275	2.11632	0.709542
-1.7252	4.25833	1.21524	1.56986
-3.19182	9.74431	-3.02607	0.0807366
2.47816	-2.79696	9.42077	0.194955
17.7474	-4.23651	-1.08065	0.565065
0.0106884	3.191	13.4994	0.310465
3.00117	4.42452	2.28484	1.16239
-5.03785	15.7849	-12.9697	0.580083
13.7454	0.412969	-4.95778	0.114593
-13.7748	4.0565	-7.25446	1.03966
-3.23633	-23.4997	17.3205	0.721141
9.63457	4.85196	3.06512	1.27995
3.38353	2.62315	0.565522	0.993636
4.37443	3.22414	2.56416	0.806381
0.506879	17.2911	1.89012	1.03405
5.50437	-0.576408	-0.527715	1.70406
2.66633	3.30851	1.50639	0.720384
-2.17295	2.81358	1.17386	1.81928
2.03496	2.43736	2.7397	1.92468
-13.4547	-28.7292	84.1461	1.68078
-1.2848	1.93457	4.3226	0.772052
3.25507	3.78938	2.59589	1.28891
14.1237	-3.71332	2.67219	0.964768
2.67497	6.28992	2.4909	0.991899
1.43572	2.36273	1.73863	1.97466
5.73856	-6.63953	1.683	0.852992
-6.33386	4.88072	7.29947	0.786335
-8.28007	-0.846595	7.11921	0.147498
-8.35732	9.06146	-10.5995	0.71765
3.73442	3.3902	2.90342	1.4331
12.3788	15.9605	14.4875	1.49431
2.55656	3.71331	-0.326565	1.10749
2.09315	2.46296	3.29751	1.54478
-0.848118	0.50268	1.52599	0.0235762
31.969	9.01319	4.58471	1.00132
3.61032	-1.03237	11.8358	0.189696
4.2139	3.47742	4.34939	1.5386
1.40365	1.83315	2.94754	0.611539
2.23684	2.72802	2.7538	1.51007
1.7982	1.91493	1.8092	1.99045
14.2145	-0.0688551	-21.3147	0.461379
13.5235	0.992359	6.53081	1.78624
4.13807	2.70659	2.47566	0.266209
2.60347	3.16997	3.2209	0.990448
6.56228	5.66029	3.68065	0.571085
0.568602	6.92543	7.7851	1.5206
1.36399	1.44139	-0.637841	1.30657
-0.184841	-4.57649	-7.39678	0.671103
5.44343	3.99678	3.76849	1.92371
10.7447	-3.00264	-2.23015	1.87371
1.90177	2.7474	2.64568	1.48419
-6.8094	0.966193	1.1871	0.438606
-17.1405	-19.8008	-13.6977	0.236235
12.6114	21.2094	-2.61346	1.37475
31.5728	34.7302	35.306	1.36133
17.589	-6.41289	4.64743	1.78363
2.93251	1.93471	2.4076	1.57586
2.48734	2.00795	3.34121	1.69466
5.90734	3.10203	2.79816	0.348659
5.64895	-4.27567	14	0.144389
2.11135	0.502435	-2.69775	1.16163
-6.78044	6.40813	8.97943	1.47006
8.04321	1.09433	6.44324	1.36067
9.55845	75.1442	-28.0548	0.00666445
3.74506	6.71006	4.44258	0.811111
4.2216	2.38524	4.124	0.183729
2.95638	1.8204	0.493629	0.806894
-1.56621	-6.39703	5.43192	1.99531
6.99094	8.15228	-3.74512	1.10588
3.66336	3.7549	2.15948	0.394322
-1.12255	-0.630945	-2.25338	0.107102
10.2959	11.3861	6.13299	0.299927
2.60452	2.24131	2.16849	0.0198959
3.13968	1.90104	1.73438	200
4.08085	2.89286	3.36811	1.34996
-2.01776	14.0464	8.57265	0.639552
2.77132	3.03421	0.487162	1.17227
17.0212	-14.866	8.37568	1.90941
6.28062	6.4145	4.58827	0.396166
10.3128	6.66382	17.9574	0.532602
2.21515	2.9263	2.09761	0.708986
4.41964	-2.58832	11.5913	1.0417
-9.31234	8.03585	5.59056	0.861806
2.31636	2.46451	2.08278	1.72418
2.85863	3.10605	2.04107	0.0966972
-15.0387	-10.3336	12.8021	1.41315
6.04623	12.5862	-0.0833879	0.29013
3.11578	10.5167	7.57916	1.32659
6.47785	-6.97006	1.74824	1.24294
2.78176	3.40283	1.25835	1.1592
3.51768	-0.215701	0.466527	1.36548
3.37153	2.24484	1.94629	0.88148
16.6921	5.95066	-3.82078	1.58661
3.30192	4.39795	2.50741	1.18944
3.13145	1.45382	4.45224	1.66268
3.11914	2.86497	2.68397	0.051283
0.135415	3.00967	3.10904	1.55639
0.317018	0.408214	4.36866	1.48627
3.91024	2.19069	1.30454	1.48001
11.8143	-6.73125	7.83038	1.91755
6.91699	6.9615	5.79033	1.08828
9.85293	8.41283	7.46985	1.61807
7.39969	12.1549	-3.90453	0.434663
13.6737	13.7582	16.4817	0.0171461
1.25041	2.43222	2.52878	1.08416
1.25242	2.80585	3.24612	1.61423
3.78472	1.61007	2.9133	1.28468
1.71298	2.46633	1.79746	1.29114
-9.89367	3.67921	1.50549	1.11934
3.05905	1.89432	1.81862	0.523311
1.59931	2.45561	1.89257	0.474021
2.58117	0.174229	2.47464	1.58303
-0.381428	-0.245486	0.542494	0.583137
3.27307	1.9211	1.42902	1.37954
3.53416	1.49629	2.12303	0.0233852
7.65348	3.62327	2.05359	1.54272
2.10398	3.8942	0.73839	1.78314
4.98031	-3.95216	-0.805319	0.765534
2.82837	-25.1248	9.16418	1.7058
-5.65472	35.8366	-0.769478	1.93244
-11.0107	6.1216	19.0366	0.149241
2.60892	2.26912	2.75787	1.85341
7.98249	5.19136	-0.104102	0.751875
7.71947	7.17846	6.7902	0.632266
2.42002	3.24936	2.99474	1.23638
11.0695	15.0374	7.44692	1.77377
-3.87671	0.869582	1.58936	0.69464
2.21409	0.431501	2.74693	0.767611
3.12717	2.87886	2.59709	1.91803
2.3797	3.65448	3.98531	1.86014
3.02206	2.34731	2.89488	0.698052
2.28043	3.71256	3.13195	1.72485
-3.43179	-5.65792	13.1794	0.219421
4.46884	2.0283	2.90087	0.453881
1.67158	1.89748	2.66503	1.1768
9.80456	-12.804	-3.51885	0.96557
2.85667	3.30976	2.16759	0.773856
-3.44453	10.5451	10.395	1.94551
2.71054	3.60051	4.18096	1.14287
13.8108	-6.10947	-1.55272	0.0159179
-16.0756	-7.63489	8.26668	0.187193
3.88171	3.63116	4.24042	0.996702
-13.497	0.286722	9.11391	1.94245
2.78533	1.81349	2.23283	0.483452
5.06158	2.35892	0.473462	0.286069
18.859	-5.0597	4.20183	0.749971
1.5987	2.78473	2.79946	1.28997
6.94558	-9.44121	55.734	0.568618
1.75922	2.54016	2.64276	1.38159
2.97995	2.50262	3.00275	1.47105
2.26852	2.10167	1.90103	0.751674
3.48734	1.90373	1.14471	1.64889
12.1444	15.356	2.44001	0.559828
9.64983	4.71323	-6.14438	1.52107
3.19762	2.99856	2.94785	1.89069
-10.181	16.2704	7.95745	0.552685
8.53652	7.97803	1.7494	1.4279
1.86642	1.1048	1.78024	1.79848
-3.19558	-0.949091	2.14877	1.53407
2.93743	1.62573	3.4402	0.747122
1.71918	1.72896	2.75722	0.661455
7.33221	-1.57796	-1.77175	0.326115
-5.01022	4.23002	-7.89852	1.78257
-8.26449	4.34465	1.59467	0.768632
-5.02476	13.5031	1.13463	0.503218
2.30447	2.7703	3.1558	1.44645
2.58423	1.81168	2.67229	0.0418909
2.07008	1.95131	3.11639	0.91484
-11.7275	0.796794	-10.1919	0.565822
2.48569	2.16543	3.35688	0.532096
16.9926	-2.80495	9.58593	1.86287
7.19059	16.4221	1.93996	1.67606
2.6268	3.2754	2.90178	1.50154
-2.82107	10.0146	1.00967	1.33143
2.6166	3.34725	2.58247	1.96995
1.83801	2.22013	1.8844	1.37336
13.2004	13.128	1.7269	0.971009
2.22987	2.02223	2.26074	0.972297
-7.65955	-6.5808	8.51173	1.72469
1.74541	2.26618	0.896284	1.38714
1.94502	2.61932	2.85835	0.218221
4.63136	-4.24562	-13.9339	1.39384
3.48023	3.3722	1.83118	1.85717
0.908741	2.39576	1.91768	1.3436
-2.86586	13.8272	35.9906	0.929578
5.07925	-8.18362	-6.83145	1.94067
0.615241	1.71845	1.79058	0.103185
3.70079	1.48943	1.50069	0.498432
2.19439	1.96443	2.68731	0.707169
10.3256	8.77429	4.37388	1.98089
2.30114	2.98267	2.49659	0.274585
1.84654	2.20237	3.50245	0.42304
14.7803	6.25956	-11.5061	0.239115
3.5427	2.65782	2.49874	1.38601
4.78998	6.12781	5.74843	0.19526
7.22094	-4.10222	6.18412	1.55744
1.50281	3.15398	2.48865	1.57425
-7.92719	10.928	-7.01874	0.865928
-13.8283	43.0528	16.4096	1.54378
5.057	-2.77684	5.93131	0.700084
1.41441	1.38049	2.2945	0.442029
-4.92152	6.78729	-2.8305	0.565467
2.41086	3.2849	2.98839	1.87543
2.24262	1.73074	0.466698	1.65532
2.87125	1.19153	1.1626	0.541414
-18.7887	-2.61094	19.0684	1.8935
3.58572	2.93436	3.15461	0.639692
9.12601	13.5696	9.24147	1.99807
7.99641	7.78186	5.905	1.29745
-11.5372	13.7906	-11.2732	0.362111
5.44124	5.91126	2.47835	1.88215
0.226366	-4.69231	-8.73483	0.942829
-1.28679	21.0423	-2.54181	1.43098
-5.16665	-0.277232	-1.59781	1.72963
1.52718	3.25908	2.21885	0.746002
6.21579	-5.85427	10.6606	0.889364
-5.14446	-0.913348	9.51082	1.38603
-8.97487	6.39033	-0.138593	1.03768
1.56112	1.3025	2.49045	0.751449
-2.69229	11.3837	-5.60614	1.02398
2.46912	2.06641	1.24857	0.776038
8.40819	-7.57117	10.447	1.50955
2.58861	3.50048	0.758673	0.707032
5.9157	-0.431829	0.0869502	0.572153
11.6628	-12.5272	-3.58976	1.63608
-1.81581	2.07779	10.708	0.506335
2.71098	1.32104	2.97059	1.34812
1.76693	3.72443	1.24125	1.27519
9.3109	11.8951	6.10093	0.200688
10.2383	4.13724	0.969204	1.1477
-0.735734	-2.13128	0.292304	0.0159602
3.20358	2.54537	1.83093	1.14919
-4.2092	-1.00287	-0.458361	1.06729
5.62803	0.0962221	-15.8252	1.94466
18.1708	-15.1597	53.8811	1.10349
-7.25016	-2.88227	6.34052	1.91406
4.07146	6.26646	7.12561	1.09845
3.3178	3.9352	3.87298	0.418676
-8.95847	2.37359	23.1582	0.756179
4.59729	2.59556	2.33513	0.786355
2.91688	1.96302	2.94512	1.82169
2.3228	-7.58323	-2.64686	1.2023
8.04347	6.35213	7.21091	0.042167
2.09459	2.5711	1.49541	1.21593
-1.76663	0.655922	2.27017	0.101178
7.55922	-0.818885	2.86764	1.68672
1.87059	3.00483	2.74133	0.213413
-3.77101	10.7157	10.2883	1.54629
1.95225	2.13105	3.04319	1.18859
4.32256	2.73451	2.95321	0.539391
2.15415	2.65728	1.81517	0.91742
1.03599	1.51478	2.76297	0.495531
-1.97741	2.57235	1.53034	0.504692
4.52311	9.14574	3.2486	1.66964
8.15556	16.3121	-6.22421	0.0482931
2.13405	3.38559	2.05996	0.0214783
3.19029	2.41915	1.62005	0.0169374
7.83795	-5.00369	15.09	0.290313
-6.41872	0.32891	1.16418	1.67878
-2.53847	3.74559	1.34551	0.284413
2.89371	-5.81402	10.1999	0.797035
-0.544823	1.92033	2.39684	1.95863
-14.3624	14.1986	4.85795	0.597388
-11.1724	-8.61009	17.4327	0.968789
1.83711	2.54079	0.762417	0.660951
1.93646	2.32829	2.79686	1.72751
5.54882	-0.553583	-0.923226	0.355608
6.32492	-6.25473	13.4828	1.28887
5.41372	-9.6308	1.45709	0.239187
13.9778	12.3174	9.23531	0.0244587
-4.45941	-1.81122	0.700706	0.134863
2.38282	3.30178	3.70945	0.370332
1.54824	2.01203	3.20303	0.499524
-7.46938	-0.203644	7.45698	0.311374
3.13898	-3.36586	6.41415	1.64162
2.3617	3.63675	3.36988	1.56551
1.13572	2.94753	3.15389	1.14577
-2.94101	1.14456	1.95989	0.471306
10.373	-9.63304	13.3053	0.0135259
1.77526	2.61046	2.58622	0.102434
8.28561	5.45698	6.99272	1.43063
3.08929	2.41868	2.25867	1.53924
1.01743	1.33972	3.15077	1.6762
2.00269	1.53579	0.605933	0.452123
2.03776	3.54782	2.29689	0.696759
2.92762	3.04127	1.44626	1.25618
-2.46041	-0.306039	1.72454	1.59299
-4.54815	-2.57212	-1.01623	1.28325
1.73584	1.49742	2.0534	0.466394
5.3237	4.83175	1.53808	1.58866
2.54421	2.8858	2.61198	0.580873
2.57943	1.70847	1.67207	0.425618
2.84229	2.08858	2.3599	0.601869
-7.91033	10.6094	-6.82215	1.95921
2.42781	3.0237	3.22815	1.54873
-7.97443	0.117699	14.6162	1.85001
-3.85816	-2.3005	4.78484	0.671367
5.75924	12.1422	10.9715	0.866638
7.85695	-1.77694	-2.94421	0.806382
4.48741	2.96793	3.65165	1.58441
1.36923	3.67461	2.84359	0.51041
8.45192	7.9792	6.1806	0.709493
-11.6795	6.46435	14.5693	1.95338
2.1835	1.81552	3.08975	0.814447
0.104988	-2.12475	2.96209	0.637829
1.91665	1.56463	2.5176	1.95037
1.71673	2.98994	3.93418	1.30218
1.75063	2.92112	2.82109	0.543881
-5.6797	-39.5775	-33.404	0.987951
2.89837	2.8259	3.19496	0.289256
-13.4661	-1.67563	6.98448	0.815182
-1.96654	2.94645	1.34847	1.68194
1.68241	3.81091	1.19758	0.607678
2.14967	3.57699	1.76755	0.132021
1.787	2.45702	2.91156	0.208701
5.42871	3.13832	2.50086	1.6467
-1.23346	2.04367	2.38602	0.510839
-9.94264	5.90957	7.31023	0.876524
0.481501	0.670308	3.99558	1.33363
3.84499	2.70019	1.70992	1.2546
-2.46642	1.45506	2.38394	1.29807
2.73504	2.46452	2.60231	1.9358
1.51679	3.12764	2.69831	1.0387
3.81304	3.20158	2.06148	0.578738
1.50138	2.79543	2.79903	0.0347444
-2.70801	6.1218	-5.95048	1.93989
2.64053	2.58723	3.4602	0.0211708
-3.22888	9.84385	10.5197	0.36109
2.33682	2.7621	2.36721	0.78402
3.73499	1.86479	1.48866	1.29352
3.00798	1.45974	0.962871	1.13863
1.93341	1.30828	-1.5955	0.46536
-1.00235	2.72608	-2.20369	1.98979
1.82939	2.75544	2.85775	1.62902
3.89246	11.1142	0.676031	1.93866
12.1778	4.19244	-0.307352	1.11673
6.69896	-9.0828	-8.98689	1.6224
1.96178	4.25293	1.70041	1.0017
5.77576	2.88628	1.44027	1.24629
10.4974	-8.50842	-11.4309	0.603414
11.8645	8.41976	6.10847	1.36124
2.03209	2.44098	2.93345	1.63747
1.42631	1.56802	2.62431	1.21837
-12.6486	0.395824	7.63876	1.63043
3.0955	3.43504	3.72008	0.882941
-7.55244	12.3039	-3.1481	0.341296
-4.69042	1.60453	-9.94458	1.68264
2.49403	2.53806	3.089	0.547275
0.685732	-2.87506	7.42311	1.13412
2.14577	1.64166	2.95425	1.12822
3.78755	1.83955	1.48992	1.10564
7.59408	5.07814	6.27863	0.0583893
2.57523	2.61077	3.12277	1.77395
10.0225	12.0552	5.72428	1.57453
3.68303	3.07558	1.30787	0.733576
2.6648	3.45245	3.17963	0.513059
2.60071	0.919711	3.04674	1.82462
8.47573	8.39754	8.47279	1.62738
10.0268	9.6208	-6.90096	0.990091
-16.2479	8.61473	14.4588	0.898682
3.14183	1.89581	2.79214	1.61564
4.16037	1.57624	-1.31617	1.66671
14.6304	11.0726	8.6692	1.49279
-8.32655	-8.59807	8.82419	0.413026
2.41998	0.4581	2.89466	0.958652
1.46489	3.58579	1.05072	0.838279
2.26213	2.95723	3.27679	0.471067
19.7156	18.629	-10.0162	0.246148
-7.50559	12.324	-3.14348	1.68244
1.04795	2.95554	3.14834	1.321
-1.92704	0.346504	3.05667	1.48983
3.07474	2.9935	2.23494	0.301069
1.38263	4.33886	2.86169	0.544456
1.79736	2.52903	2.01942	1.82092
2.77951	4.29217	2.8019	1.95296
5.54347	-13.6025	3.8428	0.954617
1.05692	-0.561691	4.45741	0.534394
-5.14045	-6.28653	-6.92311	0.612131
2.33518	1.68525	1.7098	1.1662
1.776	2.56761	0.862253	1.96148
1.85886	1.56352	3.00172	1.47631
1.66895	2.74664	2.51277	1.73755
1.72799	-4.4657	3.65031	1.18773
-3.89445	-8.98473	9.26166	0.955067
4.01249	8.9277	-3.80259	1.06336
-0.929078	4.96638	0.686861	0.501248
6.71441	-3.08855	-2.66426	1.50284
2.9661	2.65735	0.407849	1.9276
0.309958	1.15918	-6.38409	0.43446
4.81423	4.63555	4.17934	0.958715
13.701	-6.01267	9.50729	1.5413
0.325398	4.50051	4.32366	1.70265
2.22072	3.50075	2.17723	1.83382
4.1088	3.06111	2.69505	1.3447
11.3015	5.67549	4.05634	0.00123263
-11.5433	10.0642	-0.481889	0.998952
1.39316	6.42641	2.39682	0.141074
5.26921	-0.719053	-3.28887	0.324224
2.28577	3.05084	2.24261	1.22009
2.46152	3.38474	2.58286	0.603239
3.64262	10.9347	1.9648	1.67838
2.3582	2.24141	2.30295	0.349216
13.368	0.341641	1.9153	1.91187
1.33686	1.2189	2.87302	0.464637
3.47398	2.69298	2.39752	1.64589
0.699	-1.70963	4.91761	1.4176
3.89965	3.32848	1.75428	0.48677
1.98362	2.05976	2.54603	0.545224
-3.74699	-1.59638	2.06816	1.37944
2.94035	2.96787	1.79665	1.07382
-1.56219	1.37512	-3.74469	1.29982
7.01564	-5.84398	-6.82779	1.9704
8.75235	11.1497	-0.482044	0.190399
3.54034	-3.19854	-7.69364	1.0274
-1.45551	-0.308449	3.51095	1.61955
6.06836	6.90356	10.3036	1.05531
14.7315	10.3247	11.1357	0.430426
4.38553	2.98952	2.25056	0.752387
10.7942	15.2583	10.9199	0.600892
5.08912	-8.87884	11.3585	0.627176
3.64378	1.20808	4.75005	0.262488
-2.04007	1.99729	0.861303	1.19602
0.369627	-0.178424	-0.523779	0.477392
3.65397	1.62701	3.14725	1.53948
-5.47875	2.60213	1.78518	1.00381
10.7311	-0.418561	-5.89709	0.373357
-7.32349	-7.15825	9.08238	0.350512
1.2702	3.50252	2.63956	1.81188
0.796561	1.8867	2.77983	1.5071
6.34899	3.31572	0.718574	0.892108
3.79509	3.45892	1.42208	1.57655
7.33191	4.09763	1.855	1.86779
0.96546	1.73779	5.49874	1.00049
4.36758	8.79766	3.90471	0.524171
-4.96708	31.8865	-35.7539	0.0612508
3.23844	2.38137	0.543005	1.62676
2.91355	2.21447	3.52324	1.86847
1.43615	1.50436	2.03132	1.48008
0.313405	2.95401	3.1298	1.85474
-10.4105	4.95802	-5.34456	1.90192
3.63185	2.48449	1.03611	1.81871
3.23194	2.18322	1.82985	1.65812
-8.22108	1.50882	10.7499	0.518004
0.267304	-0.97917	2.68083	0.717563
-12.3159	-5.05083	13.359	0.851766
-1.0478	0.586412	4.78853	0.471304
3.39748	2.45608	1.41456	0.508969
5.48982	1.18885	5.60495	0.81976
1.58021	2.3984	2.39787	1.86464
1.45948	1.96703	2.97785	0.213937
3.83874	2.81083	2.95112	1.26884
1.96961	2.522	2.64305	0.374637
-0.880017	8.11593	-7.51086	1.27094
0.41561	-5.81226	0.204964	1.39574
-6.71054	9.44828	-14.7492	0.507869
2.77468	2.81166	2.61622	0.759597
4.9522	3.46914	1.86912	1.21848
18.918	-31.4597	7.02343	1.14635
2.36181	3.27806	3.29137	0.223763
-5.91883	-1.62674	3.40974	1.19639
3.82252	-0.106906	4.8429	0.893085
2.25798	2.99558	2.28762	0.329774
6.98666	6.59727	6.14861	0.394763
-1.01685	7.19074	2.85144	0.138039
4.2558	3.32586	4.76487	1.07881
1.88764	2.70497	2.82629	1.31473
2.87961	1.73939	1.93451	1.99435
1.95785	2.49086	1.10882	0.0159914
-3.33682	-7.92743	11.2499	1.34475
-3.24319	-9.03578	-3.35443	0.145543
2.24516	2.73866	2.75585	1.90057
8.71864	-5.41219	1.2501	0.808807
-5.10575	-2.24734	4.45564	1.39887
8.95912	7.74316	8.70851	1.13735
3.44069	5.2553	2.91503	1.7951
0.377376	10.7745	8.74327	0.350685
-0.816982	-2.27694	0.0889997	1.84817
-1.81714	-5.32585	-0.206859	1.3095
3.87264	3.79583	3.0777	0.559557
8.34069	7.48288	11.6913	1.70196
2.3543	2.87438	3.34981	0.827858
-4.80096	-8.28356	6.27345	0.121912
10.1525	1.44132	-2.38816	0.455506
-5.38096	1.1213	1.22492	1.39985
2.1731	2.12332	2.32418	0.366338
2.65514	1.83984	2.14219	1.7537
-0.16999	-6.58323	3.95313	0.00444717
5.75691	-10.825	-11.3587	0.778388
2.16785	1.99962	1.929	0.306366
1.96475	-8.13435	6.45591	0.688172
2.44079	1.34473	1.64609	0.0876878
4.4263	-4.88778	-10.224	0.521662
2.8511	2.16328	2.03453	0.323067
-5.54104	14.1302	10.4471	1.75305
2.86722	1.87156	1.50154	1.58434
6.92201	-12.5104	0.800439	1.00923
13.3547	3.97631	-11.993	0.892784
-5.39584	-3.14059	0.522119	0.208775
8.17595	12.1164	4.97635	0.162555
2.44253	2.82766	2.55108	1.12599
1.6498	1.32658	2.54645	0.496846
8.28601	-6.30704	1.83972	1.58581
-10.0384	14.1781	-6.12535	1.98747
1.71858	2.99813	2.40525	1.74242
1.5501	1.56054	3.28516	1.04227
7.94365	8.88165	-3.16851	0.145329
3.35506	2.48369	1.8288	1.6153
4.40915	2.43482	1.44978	1.85106
4.71234	7.05294	6.19671	0.70038
0.829929	0.567512	2.70683	1.63202
-2.09117	-8.82839	1.9082	0.0764914
20.085	2.80662	18.4872	0.491059
67.2252	23.4223	-22.21	0.984646
-1.05021	-2.80079	3.17733	1.61108
2.59223	1.33651	2.64442	1.66339
7.86501	0.206861	-11.3595	0.994284
11.4931	-7.4298	-10.4123	1.87421
9.94593	4.58594	-7.7693	1.06537
-1.47667	3.16916	3.26109	0.426405
2.30629	3.37202	2.59607	0.670388
3.57506	3.69192	4.99442	0.0851834
2.81268	3.15316	3.39616	1.56706
2.57227	1.80836	0.561538	0.652835
3.09042	2.75286	1.31238	1.04836
2.82736	1.005	2.157	1.06745
7.29367	6.24514	2.4595	0.759828
3.14155	1.36005	2.23668	1.29644
14.168	8.32908	-3.12559	1.65035
2.63409	1.39865	1.79106	1.78966
3.6943	2.97017	1.45462	0.629746
3.51466	2.15827	3.9504	1.24478
2.2164	1.69415	3.1033	1.93935
-0.785869	3.79312	3.16671	1.59412
3.33569	3.53052	2.298	1.19906
5.41196	-5.49013	2.85701	0.649748
1.5698	3.0195	2.30159	0.198366
15.6324	8.94919	4.79197	0.491069
-5.41758	-114.256	70.2602	1.8219
-1.87041	11.0863	-7.31506	1.26399
1.59976	3.54232	2.01722	1.60458
12.0534	2.52306	-5.04567	0.220072
1.53778	1.86062	0.782445	1.76404
7.17036	4.85775	3.21535	0.736694
2.62024	3.04146	2.74648	0.461162
1.8845	4.8663	4.75101	0.216971
0.345738	1.763	1.72594	0.199743
19.9088	-17.1543	-30.072	1.80954
2.2237	1.79175	1.87209	1.04091
1.72768	1.84705	1.77887	0.226943
16.1055	6.21199	-10.9268	1.25826
10.6589	8.09333	4.74445	0.97172
0.873732	1.65672	3.08128	1.86818
-9.52102	13.0023	7.61416	0.120934
6.42995	5.21881	4.4044	0.9346
2.52572	2.79308	1.49316	1.69493
5.36415	2.43176	-2.43821	1.32867
9.53471	7.55359	-2.42164	0.936497
-2.04325	-5.73948	1.30023	1.27169
2.02453	1.23267	1.20556	1.07001
20.393	6.15394	7.63661	0.972836
1.51983	2.44923	1.85953	0.519565
1.5111	1.59935	1.50431	0.376931
-10.4353	11.9551	14.7961	1.65032
2.90323	2.76581	1.03493	1.1276
4.80686	5.0196	1.21754	1.48147
8.91228	6.26381	-2.52611	0.032556
3.81184	2.06696	2.83962	1.56831
2.20079	3.37984	2.71584	0.734269
1.78429	4.95704	2.16402	0.211474
2.98854	3.19744	2.40395	0.248207
3.15219	2.10396	0.808845	1.26285
3.40881	4.51571	1.96851	0.2725
-7.26408	17.93	-7.28333	1.49332
-6.10349	6.45591	3.26197	1.16197
2.89259	1.4809	2.37703	0.176557
21.6367	3.5247	-5.12	1.73332
-7.8688	14.9441	-5.77141	1.95568
-12.5634	11.7102	5.73616	1.77896
3.46405	2.86522	2.8039	0.661439
3.26539	2.06093	-4.47565	0.39207
0.532011	16.435	-5.75668	0.600186
2.29595	3.82307	2.15494	0.698726
6.91898	9.69038	8.36117	0.708936
-7.09972	-2.92343	6.28395	0.670175
1.6081	2.08638	2.00988	0.823428
2.67631	2.73371	3.55271	0.113716
2.62081	-14.9914	17.74	1.91211
0.767962	1.3568	1.55815	0.963227
-27.4674	7.90454	35.3753	1.59203
2.2926	2.53726	2.20546	1.64057
1.73597	0.357607	2.2288	1.58185
-29.1091	-12.4042	7.14457	0.902919
1.7369	1.59215	2.44528	0.0990661
1.58269	2.2489	2.65761	0.639794
1.47096	16.3002	2.30308	1.04936
8.94425	10.2178	5.56935	1.09403
3.0733	1.79284	2.72622	0.646511
5.39144	4.82306	5.85565	0.719568
9.17064	6.71827	7.09053	1.09501
-2.72044	10.0534	0.769265	0.607178
2.85025	3.14548	4.06254	1.13894
-1.77233	1.92122	3.88912	0.0259267
5.12763	3.71912	11.5605	0.603994
2.12658	2.40455	2.54076	0.232388
9.48189	8.60297	7.84712	1.56544
2.66024	4.39645	2.27422	1.50376
5.52553	3.23187	1.39085	1.23094
2.54758	2.00739	2.99145	0.571178
10.0248	7.82028	2.74882	0.373962
2.48675	2.64747	2.86845	1.37035
2.03852	-5.34075	-1.33338	1.00623
2.22552	3.35716	2.39294	1.22692
-4.98838	7.0891	3.45494	1.41735
1.40619	2.32443	1.48924	1.08608
-8.49495	-4.09734	5.25288	0.803659
-1.71343	0.621558	3.31153	0.437515
3.37842	2.00413	1.48154	0.162883
9.29157	6.80952	3.51534	0.393318
1.70104	2.70001	2.45605	1.24959
-3.91174	10.7006	10.2186	1.2364
2.62058	2.06696	1.51332	0.0391743
2.19418	2.39385	2.27082	0.0100449
-1.0968	3.07546	3.31872	1.21128
-0.694903	7.28202	-1.89259	0.296899
-3.74927	9.84519	9.54391	1.84732
-14.2671	0.333514	9.79962	0.358184
-11.344	-7.26059	-6.77399	0.680538
10.2963	7.99775	7.41979	1.03402
1.8454	2.95393	1.90951	1.69941
7.90742	5.52202	-2.85282	1.24027
3.10228	1.15669	2.57279	1.23812
0.218863	-0.31855	1.18557	1.9852
9.7781	-2.37302	-2.53216	0.232273
-3.15593	0.620503	15.5179	1.4884
-15.4627	8.82521	14.9597	1.99168
10.571	11.6008	11.0347	1.63568
4.01719	-1.12617	-0.361487	0.8021
11.624	-7.1667	4.38252	1.93804
-1.04468	5.78303	-2.97572	0.279401
4.27008	4.77156	6.27558	1.1549
11.8716	-1.45392	-5.28908	0.693781
18.5821	-11.0517	7.68911	1.8836
11.878	12.3719	0.0429324	0.45838
1.01501	3.35268	-0.344945	1.09357
-2.13999	-4.27461	-0.505498	1.29719
3.6324	0.940633	1.38586	0.0413927
12.6266	13.1143	11.7222	1.02623
4.21542	6.41641	5.18229	1.82854
1.49258	-6.3976	8.37564	0.85278
3.26414	3.27458	2.08093	1.7218
-1.48309	-0.712579	2.6898	1.49264
2.18046	2.95388	2.13169	0.512495
-11.2327	9.73117	-7.9456	0.177076
6.3631	4.89318	5.37714	0.851864
2.65456	2.21427	1.67245	0.578894
7.22666	0.538498	-1.96332	1.80717
4.89509	-0.685413	3.27101	1.17345
4.6212	2.19828	0.748696	0.6899
-2.74451	14.5861	7.37712	1.52063
-1.46973	10.3435	-4.55093	1.05305
1.19458	2.55994	2.72551	1.67054
1.97416	2.84325	2.11359	0.344058
-2.41512	9.99315	3.5732	1.11251
3.05434	3.16003	2.28973	0.0872308
13.596	7.63994	17.6525	1.89441
-6.32473	-3.1441	1.57581	0.983947
4.01282	3.2081	1.07563	0.581027
1.49539	1.3711	-0.44271	0.786229
3.59029	2.55413	4.33189	1.26824
-0.0298571	9.42784	0.353418	0.300645
5.60107	2.10231	0.401527	1.83937
-6.88683	10.9909	-3.4585	0.125779
-12.5991	7.80891	9.35729	0.888413
2.44075	4.15967	2.80681	0.574583
2.28215	4.12217	2.22765	0.906946
3.85319	2.49359	3.16378	1.29513
2.30063	2.69015	2.84149	1.96667
5.40032	0.901033	0.104318	0.508763
2.03788	2.91332	3.16992	0.576555
9.91328	9.42269	8.25513	1.92576
-7.2944	10.7019	4.04896	0.805231
2.35044	2.77368	2.67927	0.698358
3.12983	5.07992	1.4941	1.9781
3.18576	2.84893	1.53908	0.978991
22.824	18.5536	-7.79513	0.577524
1.67629	2.03823	2.15785	0.723195
2.51033	2.61846	1.93918	0.906757
-15.5184	8.89316	14.8585	1.17116
0.198363	-1.76688	3.05157	0.0516172
-24.7228	-34.8657	9.19681	1.3967
0.103762	0.746065	-2.14074	1.21674
1.44166	0.215879	0.936953	1.10218
4.48827	2.38165	0.694306	0.496909
3.22872	3.26442	0.944805	1.24782
9.67331	8.53814	7.84494	1.90955
8.35656	-15.0549	12.6768	1.24654
2.94357	1.78571	1.77652	0.967019
12.088	3.55875	7.35066	0.304927
2.72608	3.7609	2.52501	0.0571682
18.4458	5.71109	14.4547	0.871175
3.22516	2.44151	0.0229755	1.21315
2.50946	2.82368	2.30704	1.80544
1.4144	2.05931	3.15981	1.62998
25.6926	15.3138	21.0361	0.236435
0.209512	1.84461	3.72394	0.266094
8.65132	-5.34436	7.52482	0.626219
-4.26003	-0.69172	5.06923	1.69223
-8.19385	3.4518	8.14557	0.66885
13.0841	-7.85329	-9.73479	0.286803
9.34613	8.46253	7.64683	1.62772
2.66006	3.92969	3.10965	0.561156
1.92701	2.44384	2.01074	0.455714
7.45202	8.49397	8.46919	0.531696
2.96807	2.14001	1.43062	0.8739
4.14344	2.2311	2.35263	1.19559
-7.08639	-5.5942	4.85529	0.365807
1.73084	2.37586	2.62762	1.58069
2.80099	2.67259	3.18062	1.04791
-4.53591	-2.71295	1.39456	1.15499
2.04961	2.50176	2.75894	0.909197
2.00658	2.31243	1.96247	1.97592
2.40925	3.03411	1.97654	1.01086
4.81617	-8.51509	1.73932	0.124146
16.4613	4.17906	8.56436	1.60648
3.32479	3.306	1.91855	1.90672
-1.93536	7.06375	-3.52574	0.439486
2.41888	2.07818	2.45485	1.46198
-4.03827	-3.03947	5.85231	1.37805
6.66256	7.68869	0.143121	1.16305
11.6321	10.4632	8.18679	0.850993
3.82021	3.87182	2.62415	0.165196
2.1612	2.72664	3.21276	0.268563
5.34106	7.64003	12.9128	0.49507
1.31008	0.187782	1.03532	0.216101
4.48474	2.8922	2.34215	0.663939
-7.6072	6.60976	7.24552	1.27193
1.63976	1.78984	2.06753	0.272214
9.74712	-1.50567	47.8733	1.21946
3.3577	5.43293	0.824111	1.4405
38.7619	-3.23456	-7.87724	0.171098
3.82272	-1.32841	9.05398	1.46962
1.2549	0.670601	0.271958	0.707837
2.54557	2.67319	1.6342	1.86399
3.4876	2.4672	2.01827	1.27439
2.98282	3.76306	2.29429	0.409443
0.223081	-2.17153	1.33591	1.16904
1.46218	2.2683	1.64841	0.331599
10.7599	14.4369	13.8361	0.285074
88.0423	10.7984	42.3831	1.2172
2.59442	0.721637	2.25389	0.89935
2.14884	2.11921	3.70342	0.217266
12.47	4.83011	-6.69226	1.52028
5.68056	2.95438	0.86741	1.64993
-4.59253	3.7888	3.24695	0.476236
2.30552	1.64123	1.65373	0.742065
1.74907	1.76677	3.35624	1.95008
2.35519	3.69258	2.42899	1.24899
10.5135	11.1265	5.48758	1.02644
2.21309	2.40907	2.9755	1.09969
1.412	6.58879	-3.30712	0.281069
-0.975536	7.00677	-1.08818	1.48171
14.5871	7.40819	-0.0509924	0.680504
9.11731	18.5755	-0.579869	1.92564
9.40461	11.1954	2.00102	0.555707
18.0188	-21.9539	-55.0556	1.45378
8.02966	-11.8711	12.1698	0.524436
6.29047	4.89622	1.2236	1.67563
18.3625	11.4755	2.6951	0.232929
18.0785	-5.2215	-0.512691	0.90213
2.19998	2.75416	2.90159	0.816187
4.07962	5.31309	-0.706179	0.514668
2.75875	3.45596	2.58842	0.686451
20.0621	3.79122	13.3836	1.79586
-4.78638	-1.47544	2.78677	1.6928
13.1194	4.12245	-12.6173	0.803674
1.506	2.81103	2.26502	0.982337
0.735689	2.98098	1.7532	1.8505
2.27911	3.19271	2.08908	0.862177
4.22362	7.88182	6.89307	1.92722
9.44428	7.43337	7.0959	1.68661
2.31624	1.73092	2.71389	0.150388
-4.12652	-1.59355	-0.970334	1.71872
-5.60135	-8.13607	11.1542	1.93574
1.96619	1.3228	2.90611	1.74956
2.40511	3.03466	3.5359	0.734056
1.81336	2.10508	6.7602	0.741951
1.60799	2.86603	2.53812	1.70133
2.09484	2.32931	2.65365	0.742585
1.86144	1.57411	4.28954	1.41108
3.50177	2.96185	6.5959	0.420404
-4.71827	-7.10543	14.2599	0.484521
1.79045	-1.40934	-0.220538	1.52143
5.24118	-9.42763	11.1697	0.346415
7.5873	-7.5004	-5.53546	1.77616
4.17064	2.32929	2.14928	0.24509
2.78283	1.80299	2.26551	1.07711
-13.4994	-1.55125	7.27855	0.409038
2.51301	1.69444	2.79599	0.564591
2.26538	3.2366	2.05418	0.481366
6.84039	-2.62532	2.30116	0.536578
-0.42842	0.316953	2.71543	1.21823
13.1394	-5.51026	-7.39749	0.934789
2.63805	3.08633	3.16397	0.769266
-7.64489	8.44477	-5.8824	1.07314
4.72214	-0.616929	-0.383015	0.665011
2.25019	2.59595	1.8026	1.22271
0.0545845	14.5827	-1.95875	1.95702
2.39717	2.70808	2.92835	0.679246
0.440049	-7.8781	3.71432	0.0751479
-8.80069	1.34708	-10.1703	1.07684
-15.0416	11.1358	-8.71243	0.701054
9.03509	-5.18999	0.218481	0.405571
2.13476	2.25377	2.40805	1.97958
1.83584	1.91243	1.38542	1.06522
2.61144	3.41009	2.62122	0.140805
3.65947	2.81348	0.996059	0.578394
0.349795	2.7341	2.16192	0.24038
3.11952	1.76645	3.57389	0.973154
1.63776	3.53664	2.3209	0.210663
2.09052	2.01537	3.20338	0.882856
-10.0561	-1.72698	3.72405	0.272792
-9.64284	4.7988	2.77738	0.565898
-6.08934	-2.21306	2.23532	1.58433
-1.47218	-10.2389	3.53075	0.768512
1.74282	3.49496	2.68778	1.85369
11.5649	13.3424	11.9558	0.333036
-5.6557	11.8692	10.306	0.345271
2.07586	2.86485	2.78938	0.654244
0.782783	4.60649	3.85471	0.83375
2.0242	3.42908	2.85272	1.12637
13.218	3.17783	3.27746	0.501374
1.79958	2.96526	1.99519	1.87739
3.08089	1.74252	1.96345	0.169426
1.83128	2.2053	2.26532	0.0943483
3.27543	3.03411	2.61919	1.00843
6.98448	-8.73445	-14.2359	1.05285
-3.04212	10.6535	-4.67606	1.91359
3.5603	2.34145	1.42216	1.48004
-4.65251	-1.74915	0.920001	1.0257
2.25357	3.63272	3.22374	0.313752
-1.47085	-3.27026	0.298692	0.134978
3.44677	2.66746	1.10191	0.251056
1.24722	1.08723	2.81744	0.237897
2.39217	3.07855	3.10621	0.0949976
2.27659	1.74518	4.52025	0.36662
4.35575	-4.50594	3.62374	1.85617
2.73156	3.20268	2.46201	1.42325
8.77709	1.01245	0.0962632	0.60947
2.92701	2.73613	1.48678	1.6112
1.85605	2.08067	2.17039	1.23762
2.0108	3.56788	2.33874	1.97941
12.531	16.7511	5.57679	1.55577
-5.2769	6.7863	-6.63169	0.407178
3.13566	-0.574845	5.9074	1.93071
2.54017	3.31422	1.58342	0.676521
10.3323	0.879311	2.15708	1.34929
2.38027	2.97049	3.18942	0.516977
4.09763	1.63989	3.21462	0.646935
6.80128	7.38474	5.28179	1.9884
2.03464	14.0477	-2.94688	1.93998
2.66606	0.731703	-1.45977	1.91528
3.32639	2.66164	2.12425	0.832739
1.92463	3.32816	2.64596	0.685901
10.1757	11.037	6.4054	1.60209
8.63272	25.4284	3.51385	1.8299
-10.2184	3.57627	14.7015	1.76294
1.89079	2.14316	1.58646	1.10016
1.84958	6.02492	2.37855	0.587697
-0.856321	6.22279	5.76621	1.99766
1.3333	2.17609	2.05348	1.75354
4.0509	2.5669	1.90786	1.83987
-8.2281	5.93289	-5.36825	1.9606
3.61309	1.81005	1.74272	1.28876
7.10455	-14.6288	-14.1745	0.538466
5.45155	1.15534	1.64773	1.17448
16.4787	12.7979	-8.2312	0.860587
8.04806	5.88164	7.18607	0.0638905
10.66	-13.191	-7.78271	0.163056
2.95194	7.43975	2.59108	1.16321
-4.125	6.12934	-6.30618	0.201824
1.35984	1.68647	2.7769	0.440577
5.3052	3.41819	1.5317	0.552188
2.43674	2.85522	2.61296	1.44384
-0.0351803	0.366646	1.88415	1.36253
2.93665	2.85681	1.34807	0.368111
3.45782	2.61082	1.93023	0.879622
6.62508	3.82056	3.06819	0.232225
3.66363	3.15533	5.25262	0.984858
2.52831	-6.85065	-15.4215	1.26261
8.00174	8.21286	8.11767	1.81222
2.19732	1.79289	2.95269	0.318602
8.50068	6.06387	-4.41311	0.78429
1.80523	2.70363	2.31371	1.57449
4.14751	-9.75875	3.73576	1.85212
10.4821	13.611	10.6311	0.196619
7.98982	14.6179	9.74438	1.74455
-0.840737	0.594544	2.37195	0.90994
1.66538	2.57465	3.64755	0.0335407
14.2356	2.2048	5.29857	1.39373
-8.96832	12.0028	9.45509	0.261901
0.82482	2.24378	2.16588	1.49222
2.3353	2.16704	3.47196	1.23164
1.90663	2.21714	3.44921	0.451048
1.55221	2.35918	1.39266	0.390111
2.72144	3.61407	1.00918	0.228041
3.76332	3.31728	8.87173	0.388145
8.76138	9.04032	-6.87496	1.53917
5.06828	5.84612	0.719877	1.78782
1.94657	2.8778	2.09238	0.304303
3.80042	3.74028	2.58519	0.715436
3.50501	1.8647	1.5964	0.000160766
-2.3455	3.28354	2.24742	0.790604
4.30051	4.85523	6.60859	0.589553
2.1797	1.84905	1.46941	1.71298
1.91641	2.32261	2.7782	0.540948
3.2946	1.83713	1.15151	0.0097814
3.3826	8.04468	3.02408	0.618684
2.37941	0.879975	2.67272	0.28628
5.62189	5.22676	4.76915	0.388195
2.28487	2.05288	3.30341	0.427517
9.1129	6.32603	11.437	0.0795727
1.81046	2.17893	2.77525	1.37162
1.82842	1.14857	1.72214	1.47381
-1.94251	3.71244	4.93917	0.788655
-0.707726	-2.31327	-6.85143	0.0833556
6.43242	1.2501	0.620066	0.461948
-3.78111	10.7	10.2133	1.10475
-11.8807	2.43559	-7.56298	1.69982
1.69931	10.8204	1.39026	1.70406
2.30147	3.23504	1.35134	1.29844
2.25828	3.23733	3.38758	0.71462
-0.490709	3.32571	1.06578	1.07974
3.07813	3.04666	2.90719	1.70122
7.20674	4.8353	2.58364	0.894138
0.276058	4.09049	0.742788	1.52159
9.40425	-9.24739	-5.2977	1.26864
0.821354	3.52589	2.08099	0.624582
11.3611	8.92434	-3.34765	1.18944
4.21851	3.39803	4.54756	0.266196
2.7972	1.59787	3.52929	1.00462
2.0534	0.905986	2.78461	1.97002
1.12486	3.36354	2.34489	0.230556
3.19786	2.07294	2.16682	0.924567
5.77646	5.18475	5.15839	0.474673
1.64856	1.7342	2.94439	0.547154
3.08221	3.45217	1.28872	0.250875
0.995197	-0.794571	2.26509	0.668665
1.79314	16.0216	5.54082	1.36594
-22.6442	8.25968	-8.16638	0.413776
-5.35821	-2.8183	2.8903	1.13046
-10.3742	8.88282	0.00986139	1.45736
-3.99747	4.93229	1.01141	1.34443
2.3149	1.25505	1.40877	0.628384
4.26293	-4.96106	3.91091	1.77112
3.15551	2.45832	2.68053	0.31682
0.0506179	2.29508	1.46591	1.63136
4.26543	3.52974	4.38498	1.74034
2.41496	3.54539	2.10666	0.282004
2.79871	3.54206	2.05618	0.455996
3.78536	2.49134	3.11588	0.588172
-45.3938	-13.4499	-13.6285	0.756245
-6.82414	5.09347	19.7409	0.589031
2.37908	3.23299	2.84277	0.751474
2.613	-0.926619	-0.425137	1.57243
1.33774	1.72758	2.97611	0.826162
4.60206	4.8024	1.44638	0.203374
3.5686	3.88214	3.06527	0.283443
0.544109	0.000636633	1.38219	1.2216
10.8901	10.0573	-4.60562	1.47202
10.9162	15.2922	10.8943	1.67613
1.78019	1.52208	3.5508	0.552578
3.22762	2.86356	2.32607	1.16283
2.73786	3.53039	1.53414	0.355824
2.04603	1.91303	2.87234	0.730735
1.9938	2.97098	1.05607	0.463612
-6.60506	-3.48605	-5.00588	1.83019
-0.692306	-6.4321	-8.61309	0.157947
2.35192	1.20596	2.68903	1.64063
9.38401	8.40953	7.6888	1.88566
1.71734	3.82609	3.36598	0.310507
2.22928	2.10301	2.5406	1.37733
7.82961	9.22351	5.68799	0.0793288
2.73291	2.39302	3.30563	0.122467
3.30558	17.9499	-1.28568	0.981996
2.41397	3.60125	1.78643	0.0594915
2.63912	1.7279	1.25893	0.948263
1.58414	3.08964	3.27823	0.307808
5.21075	-8.98735	10.6454	1.96753
1.52245	1.82708	1.83717	1.05453
3.36884	4.40264	2.87702	0.954272
2.17698	2.23718	3.62788	1.5832
2.0703	3.17315	2.31939	1.79617
10.4066	-5.29218	-7.63869	0.902367
0.631294	-0.603269	2.90675	1.91485
1.66534	2.70206	3.71534	1.66066
9.70186	3.37844	-0.966504	1.48685
3.79497	1.18997	5.27727	0.635795
7.11504	-0.751016	-2.18341	1.00114
-3.69244	-6.81712	-6.25752	1.25698
1.8503	1.67671	3.49712	1.98046
2.24555	3.66462	2.96159	1.53382
10.7354	10.7625	-7.49496	1.91371
-10.6422	-6.56645	-6.2422	1.98496
1.54696	0.7961	2.78164	0.63793
5.18144	3.25887	4.03854	0.601592
3.85314	3.19081	2.8984	1.04044
2.04669	2.11819	1.3212	1.2268
3.37388	3.21766	1.03895	0.191253
12.6981	11.3136	-5.38845	0.723984
2.88982	2.46267	3.33805	0.241534
13.339	8.32476	6.18479	1.35739
-5.3456	-2.09222	4.04659	1.59026
2.1029	1.35059	2.72392	1.3999
9.13529	-8.57057	11.0865	1.66343
1.8503	1.45478	2.19167	1.31823
6.5551	-1.4422	-4.78232	0.347725
-3.62593	3.95638	2.7767	1.01109
2.12941	3.39438	3.48993	1.25339
1.77981	1.48515	2.78677	1.33613
2.8675	1.75181	1.90758	0.888912
1.59208	-0.132607	2.95426	0.00797862
1.51497	2.3816	2.14916	0.894474
2.88649	3.02696	2.66811	1.55526
9.78198	-6.38934	-14.4997	0.846683
4.08011	2.62746	1.35878	1.36506
2.73391	3.12478	2.02914	0.605584
1.74152	2.9827	0.615044	1.76694
1.56356	3.34328	2.32683	1.71047
0.554956	9.69621	-0.615363	0.899175
-7.43879	-6.51697	4.39257	1.14074
-9.58031	1.17717	9.25469	0.610626
2.54599	2.6319	3.38834	0.685305
1.60973	1.87827	2.50157	0.257784
2.22616	5.73306	4.1273	1.01499
33.2575	28.8098	-68.6272	1.73338
1.95319	2.29846	-0.185487	1.65953
2.12315	1.42793	2.25928	0.0562572
2.52161	3.21321	1.98576	0.503665
4.99109	1.41262	2.36267	0.0872571
4.92671	4.2169	1.87166	0.0656741
4.4835	1.70507	2.29727	0.312154
3.51869	4.03107	2.59833	1.38979
-11.3075	9.72587	-2.71803	1.66509
4.02492	4.71378	5.39098	1.92928
-0.659947	1.36172	3.48463	0.281483
2.19406	2.1123	1.63661	0.594372
9.78496	0.832446	6.21929	1.56753
1.41829	2.89763	1.86173	0.35772
5.10253	-0.511335	15.142	1.76887
1.67884	1.52696	2.2071	1.13539
-1.22257	9.27839	8.60217	1.65292
15.0853	5.32456	-4.85106	0.578171
3.32683	-4.04409	4.16954	0.244069
2.63095	2.72686	2.83101	1.8258
5.02799	3.70181	1.20735	0.0152801
8.3427	-5.62574	-0.311241	1.25138
1.30067	3.55839	1.19858	0.12667
2.27521	3.20192	2.03659	1.14597
3.03659	2.46514	2.1563	1.30959
14.5197	14.3123	1.11554	0.196032
1.37614	3.27766	2.37714	0.699079
2.73359	3.14749	0.824881	1.93646
9.79253	-2.70286	-2.68032	1.77288
2.83358	2.76752	2.19172	1.92791
-10.8363	6.37036	8.29254	0.407499
1.81306	2.56588	2.44088	0.684145
-0.0652283	21.4142	-0.728428	1.56681
11.4734	5.42364	2.71459	0.682265
1.81768	5.58191	2.77819	1.02112
2.19368	3.50459	2.85628	0.280101
-0.422907	5.04746	1.56306	0.769149
0.086235	1.42545	3.30457	0.601652
1.69057	2.89353	2.09949	1.34514
14.1316	16.0247	8.76849	1.44747
2.18786	2.10613	1.85385	1.64843
2.69904	3.32105	3.15697	0.533412
1.68086	2.97745	1.79559	0.461556
-8.24067	3.47822	6.55015	1.44268
2.43298	3.89358	2.70658	0.655452
2.86003	2.84393	2.8757	0.9936
2.80529	2.42781	2.36639	1.72882
2.19129	1.97282	2.15264	1.74386
2.08524	9.37251	4.64804	0.29556
2.08789	1.29814	2.81637	1.94776
1.64165	3.83453	3.29717	1.05329
0.630456	0.487218	1.57806	0.317014
1.66796	1.76934	2.39976	1.81748
-0.808354	-1.4848	12.328	1.27723
1.22038	2.3714	3.27782	1.32471
-6.71757	-0.464086	-9.05113	1.9089
13.7612	17.9047	10.5762	1.3406
3.07965	3.09572	2.65259	1.61888
1.46575	1.98016	1.56612	0.31254
0.199013	-2.10247	-3.42361	0.79427
-2.82116	0.600512	-2.71063	1.49264
2.18211	2.81168	2.09726	0.327419
8.7266	-5.70896	-8.62635	0.0904908
