0.0857812	0.0864843	0.0872639	200
3.57576	2.13275	3.37137	1.59688
3.71881	1.45833	1.85468	1.53646
1.74043	2.77274	2.52816	1.25774
2.31889	2.78643	4.01193	1.83239
3.0263	3.36423	1.35633	1.21394
0.870427	1.5266	1.1932	1.60835
1.2957	2.12728	1.24105	0.217618
4.08411	1.48611	2.4742	1.67822
2.86829	1.85935	2.96801	1.04857
2.61256	3.98666	2.1468	1.54272
2.6137	3.38696	2.30175	1.78306
1.73581	2.04689	3.46947	1.83805
0.945667	3.91823	2.68535	0.172112
1.54624	3.08545	3.81651	0.697786
0.993241	0.924112	2.49321	0.126192
1.58137	4.04233	3.9533	1.70184
1.76356	2.64606	2.15232	1.5205
2.63653	2.98917	2.55716	0.0785607
2.21315	3.94947	3.97666	1.4419
1.73511	3.24936	3.03175	0.708097
3.09616	1.42253	2.22656	1.76015
3.47968	1.99377	1.57304	1.78674
2.00114	3.1983	3.92611	1.17728
3.16109	3.5757	2.4357	1.84794
2.15182	3.47243	3.08634	1.82194
2.47512	1.51194	3.9491	1.84026
1.38558	3.79542	3.09663	0.863907
2.87695	1.80466	3.4341	0.614916
2.36367	1.60694	1.4265	0.552469
2.71778	2.22481	1.4506	1.81361
1.14365	1.19924	2.42397	1.52095
4.19009	4.0022	3.20654	0.766377
3.29854	2.01919	1.82894	0.464523
2.82122	1.66204	1.36782	1.4643
1.27658	3.55683	1.38975	1.49014
1.01591	4.12981	1.01403	1.04313
1.35612	1.61764	3.47218	1.46531
3.0923	3.89566	3.17742	1.51947
1.13769	1.18032	2.28763	0.156464
0.974374	1.47026	2.40076	1.63935
2.75336	3.3815	1.09328	0.315614
4.17631	1.46946	3.86894	0.250937
4.25729	0.921441	3.83837	0.144658
1.02157	3.94308	3.06957	0.360745
1.35287	2.19855	3.87374	1.63939
2.07304	2.72937	2.80795	0.905152
3.11935	1.15146	2.54501	1.51459
1.84074	4.04261	2.79916	1.75523
3.43179	2.9563	1.16377	1.49561
3.73366	4.0582	3.83596	1.66208
4.28943	3.38832	3.91459	1.96719
3.10488	2.25733	1.31853	1.66002
3.93235	1.19719	2.94853	0.496088
2.85779	1.65415	3.2203	0.633734
1.85861	1.54067	1.08167	1.26614
1.66431	2.92121	2.59312	1.94293
1.66686	2.73072	3.20497	0.226561
2.39389	2.83751	3.90291	0.901835
2.07901	3.57314	2.2473	0.00646292
1.97097	2.86141	3.56009	0.467783
3.01355	2.46716	2.42891	0.609911
3.23454	1.44616	2.86822	0.0817286
2.26724	3.19234	3.07067	1.27528
2.06892	1.50339	2.8819	1.25432
3.47743	2.08005	3.26405	0.404426
3.82647	2.92913	2.98603	0.514531
2.63202	1.26261	1.65309	1.75477
3.13833	1.29895	1.38946	0.723202
2.75566	2.83222	2.97456	0.577556
3.32363	1.74305	1.85194	0.379502
4.23395	0.742709	3.69773	0.662958
1.37705	2.33681	3.94103	1.83786
3.47125	3.12504	1.36034	1.37157
1.99128	3.45838	3.87931	1.83255
3.64778	1.49593	3.47787	1.09608
1.97064	4.02694	3.88088	1.74796
2.45298	2.81348	1.50285	0.547822
3.58209	2.50939	2.36353	1.69788
2.53709	1.77689	1.42669	1.36836
3.30756	1.32363	2.80519	0.984843
3.65408	3.29018	1.41342	0.443931
2.5098	1.23369	1.28314	0.720885
1.66873	3.83208	3.91724	1.24419
3.6085	3.43417	2.44415	0.669943
2.25524	3.12105	2.84852	0.517812
1.22544	1.0251	1.04639	1.29441
2.03408	1.80249	1.92969	0.182297
2.22506	3.8521	2.78501	0.530923
3.08053	3.32862	2.48611	0.314544
3.56864	2.88791	2.54102	0.415687
2.71083	2.29962	3.6235	0.788777
1.59236	2.10938	3.2464	1.27731
4.10457	1.91311	3.82767	0.272149
2.16193	0.905756	3.47472	1.54877
1.73686	1.15789	3.733	1.44201
1.01792	2.34729	4.1329	1.41582
1.49735	2.46257	3.68602	0.187839
1.15363	1.96268	1.71042	1.31424
3.56665	1.22122	1.00082	0.106845
2.35521	3.28269	3.00799	0.88512
1.38593	2.78814	2.7858	1.0598
2.91616	2.01306	1.86546	1.77745
2.39496	1.41206	2.87193	1.05149
2.91362	2.74805	1.64263	1.65962
1.06619	0.886677	4.16604	0.339299
2.46227	1.63643	3.49699	0.581657
1.80388	3.80975	1.86793	1.62982
3.03074	1.08117	1.70592	1.55651
2.95552	3.50878	1.8721	0.442019
1.26759	2.92531	1.08501	1.34921
3.44734	3.1369	1.40996	0.802375
1.87488	2.29493	1.6184	0.771496
2.61153	1.3951	2.66062	0.0291587
2.18321	2.14318	1.86727	1.47482
1.6967	2.9688	2.63681	1.83918
3.10916	3.38741	3.14579	0.623901
3.00676	0.979991	2.57489	1.68782
2.87301	3.0035	2.56996	0.801418
1.99211	3.267	3.429	1.35562
1.15685	0.85378	0.917777	1.37144
1.50285	2.96808	3.15739	1.13566
0.714636	0.741904	1.74571	0.523141
3.03948	3.68888	1.46231	0.682709
3.06265	3.80948	3.03128	0.626459
3.74548	1.36709	1.37241	1.00692
3.729	3.31196	3.79832	0.382223
2.10051	3.23191	3.70116	1.09479
3.34828	3.91367	1.61677	1.85315
2.67817	3.83737	2.439	1.10514
4.01288	3.56431	3.65007	1.18899
3.14481	4.2158	4.05576	0.649083
3.71814	2.80593	2.93212	1.51865
3.43607	3.49284	1.74433	1.20876
2.43154	1.43543	3.47247	1.73017
3.67064	3.06861	2.23416	1.22396
2.89733	3.04179	2.53814	0.296684
2.76285	0.997124	3.23784	1.0363
3.62141	2.51559	1.24611	0.97962
2.5883	1.02685	3.63137	0.769317
3.1244	2.52214	1.42197	0.826156
1.58444	2.17938	0.914516	1.43519
2.727	3.44042	2.77454	0.893485
2.40038	4.18214	0.994818	0.148521
2.90737	2.7581	1.61284	0.439576
3.03449	3.87257	3.28471	0.925704
2.28916	3.69879	3.9458	1.89782
3.78613	3.51671	2.10304	1.07349
1.46723	2.44522	3.91389	0.932337
4.05125	4.05155	1.45601	0.916078
3.45584	3.45437	3.82717	0.515171
3.26778	3.96872	1.94198	0.804758
2.71386	2.73619	2.82876	0.382055
2.45229	2.13637	2.98546	1.83305
1.50561	2.80995	3.5847	0.219555
2.07724	1.51374	2.94267	1.18538
3.15682	2.83126	1.11559	1.12174
2.68747	1.53263	0.948423	0.687683
0.862955	3.93201	2.78994	1.54137
3.78305	4.06044	1.4127	0.895963
2.50397	3.34932	2.93406	1.93136
1.22886	1.74607	3.73186	0.732056
3.73064	3.3544	2.42315	0.545974
4.01452	1.19163	3.7579	1.24639
3.33046	3.92478	1.49742	0.564568
1.2473	1.41621	3.09211	0.352478
1.16837	1.52843	4.15023	0.0277325
1.33362	1.19617	2.31372	1.29709
3.9254	1.13819	2.91486	0.141114
2.20201	2.53107	2.33285	0.586355
1.66377	3.79105	2.807	0.381418
0.948607	2.25774	3.42738	1.50677
1.97444	4.23597	0.893857	1.0471
1.58443	3.14542	3.16166	0.655232
3.73063	2.99708	1.92994	0.100336
3.40815	3.46809	3.185	1.36384
3.73931	1.8235	3.37725	0.595866
3.52081	1.46131	2.83666	0.106879
1.03427	1.28148	1.56161	0.272341
2.85605	1.02546	3.76586	1.891
0.990261	3.98746	2.45162	0.513938
2.7887	1.42799	2.76811	0.952709
3.55723	3.93034	2.59451	1.1645
3.23802	1.66305	1.68495	1.26717
2.64337	0.887653	3.9508	0.695092
1.57696	2.59984	2.20567	0.614337
2.90632	3.06252	2.58617	0.538045
3.24806	1.89336	1.54905	1.51842
1.6555	3.10633	0.896435	1.69025
3.64332	2.83678	1.8583	1.33592
2.6223	3.666	1.69076	0.512456
1.13643	2.56463	3.81028	1.22282
2.48913	3.56665	3.82595	1.47349
1.95461	2.01769	0.998158	0.0477264
0.910864	2.43976	1.77615	1.41652
3.51035	2.50567	2.31683	0.156516
1.48132	2.43709	3.93957	0.0867894
1.17056	1.68369	3.21125	1.22248
1.04759	3.99464	3.7995	0.332188
2.3758	3.33978	3.40524	0.0139602
2.7413	3.24512	3.23847	1.84514
1.12263	3.54399	4.05052	0.202961
1.75307	1.57845	3.48773	0.190086
3.43049	1.7667	1.45588	1.87543
3.32915	1.03821	4.07911	1.69055
1.99564	2.89061	2.41366	0.868796
2.9898	1.93749	2.7946	0.259952
1.04544	1.97944	1.24339	1.31976
1.1865	3.75346	2.89244	0.421726
3.02039	2.53965	1.9634	1.88644
3.47341	1.20397	0.938596	1.02987
2.14745	1.53526	2.36505	0.320324
1.86911	2.25951	0.905265	1.29957
1.22379	2.29902	1.039	1.5605
3.5399	3.16586	3.8562	1.73439
1.03704	0.924768	2.42245	0.354266
4.05368	1.26447	2.18284	1.19238
2.88844	2.98824	2.57314	0.81323
3.63579	2.73876	3.96009	0.443452
3.23937	1.86579	1.9191	0.194981
3.52076	2.0787	3.31012	1.86836
3.66343	3.5819	3.24485	1.27041
2.64557	2.95659	2.54643	1.15763
3.18592	1.07164	3.36336	1.19941
1.22772	1.25118	1.39807	1.55482
3.66218	3.2653	1.42005	1.33341
1.67378	1.15416	3.74136	0.204467
2.64671	1.80058	1.44766	0.575473
3.08457	3.95633	1.5842	1.01383
3.53337	3.94639	1.50524	0.589203
2.71804	3.05341	3.7325	0.465696
3.07981	2.91258	3.58047	1.62599
3.45893	0.966639	2.80557	1.23516
3.45838	3.48459	1.70254	0.153507
3.73199	1.38752	1.38588	0.719572
2.30956	2.2214	2.9898	0.201371
1.91047	3.68364	2.93448	0.208348
3.51931	3.34413	2.21023	0.733593
2.24416	1.69575	2.79903	0.13647
3.9081	2.25304	3.75459	1.3497
2.3385	2.36417	1.78867	0.448831
1.67745	2.75964	1.87317	0.25216
3.31586	2.57673	2.45685	0.384972
3.67252	1.37895	1.74765	0.369155
0.878227	3.89809	1.68946	1.61723
3.05264	3.18413	1.34938	0.0894589
4.02158	3.4836	1.14308	1.72253
1.49517	4.1158	2.67042	1.33582
2.53487	3.56211	3.8841	1.42381
2.24077	1.53602	3.58293	0.309421
3.10078	1.86737	1.73862	1.06503
2.31644	3.11983	3.14297	0.920135
2.65047	0.957278	1.65713	0.383261
3.16377	2.29576	1.60308	1.30617
1.53288	2.02502	2.53579	0.852823
1.91899	0.967554	1.10248	1.61871
3.77243	4.12819	2.59105	0.56856
1.57302	2.02118	2.3868	1.70757
3.08878	3.51997	2.20244	0.280676
2.21796	1.25945	2.84487	1.93539
1.18847	3.76129	1.36216	1.60521
1.88025	2.22374	2.39244	1.06468
3.44008	4.17654	4.10892	0.177057
0.849121	0.901339	3.92773	1.79904
0.981714	2.14972	1.3898	0.439707
3.32506	2.92215	1.02281	0.922978
2.22233	2.37825	2.87746	1.67107
2.71685	1.56641	3.47524	1.34512
0.974317	4.09871	2.49649	0.769018
1.89261	3.98519	3.89221	0.206487
3.87491	3.71768	1.37268	1.84281
3.98195	1.12719	3.66535	1.93679
2.56353	0.889669	1.41984	0.574379
2.87799	1.73683	3.31931	0.0729918
3.21419	1.98195	3.6796	0.570298
2.71484	3.12164	3.86364	1.24812
3.06908	2.17225	1.0082	1.99208
2.03737	3.94738	1.21371	0.529248
3.68455	1.72273	1.55013	1.4594
2.05322	0.937383	3.19751	1.77902
0.879001	3.87901	1.38057	1.2784
1.31383	3.70641	3.03229	1.74011
1.75596	2.64876	1.37824	1.65724
1.4917	1.19521	2.27034	1.72157
2.70821	2.32138	3.63336	1.81902
2.03871	3.54402	1.44835	0.375386
1.58356	2.05983	3.83337	1.25576
2.07507	2.90176	2.54483	0.757598
2.51136	3.16096	0.944723	1.30013
2.92976	3.08176	2.59639	1.79071
1.5578	3.20866	3.12716	0.928786
3.58592	1.44442	1.78216	0.668032
3.03682	1.52406	1.63212	0.049151
1.51207	2.24076	1.59278	0.770563
3.46264	1.20509	0.960457	0.289892
3.28826	2.57391	2.46197	0.493979
1.53637	2.45435	3.94579	1.68823
1.60705	2.175	3.29131	0.9537
1.14212	2.39038	4.04458	1.76145
3.07037	1.53351	1.60122	0.556009
2.3647	2.38655	1.78431	1.17307
3.75204	2.57613	4.06585	1.30752
3.05121	4.08875	3.60238	0.779333
2.53107	2.00372	2.96109	1.48035
3.68199	2.70659	2.78391	0.199259
3.98209	1.87053	2.76766	0.086758
3.3702	2.4909	3.94532	0.854591
3.43259	1.33558	3.19243	0.46513
2.92487	0.93041	3.69161	0.946091
2.57629	3.48227	1.26196	0.334482
3.48882	3.88323	2.6637	0.582863
1.55895	1.30025	0.990017	0.224313
3.27437	2.88362	1.53077	1.35632
3.93757	3.50025	3.31119	1.45369
1.85607	2.96195	1.39699	0.180259
3.38665	3.74736	1.87965	0.763205
3.73088	1.3207	3.72914	0.780101
3.97982	4.16306	2.70943	1.41723
3.94917	1.12147	0.771231	0.309853
1.82158	0.932318	1.58885	0.0700779
2.99612	2.40943	3.20339	1.17439
1.71462	2.29081	1.87547	1.14624
1.18872	2.39985	3.03171	1.72975
1.83745	4.02023	1.57962	0.389895
1.25108	1.15972	2.79376	0.120918
1.1083	1.28506	3.37414	1.97908
1.60117	3.40354	1.29734	1.1285
3.4774	2.26885	2.95167	0.896645
3.74765	1.88908	1.02875	0.315109
3.30838	1.99231	3.29331	1.65523
3.56364	2.01862	3.30215	0.290746
2.07767	3.84349	1.94703	1.01523
1.05218	4.00467	2.50222	0.245328
1.02954	1.86926	1.22105	0.648193
1.35079	2.05442	3.78082	1.81409
3.00427	2.51425	2.28293	1.11729
3.65003	2.01662	3.2834	1.09472
3.17972	2.34166	2.09454	1.1164
3.65132	1.08951	3.20708	0.441357
0.819984	0.90467	3.34248	0.0930253
3.9969	1.77835	1.34335	0.0736352
2.93723	1.86376	2.14833	1.47959
2.6428	1.71621	3.02437	0.41256
3.24606	0.88936	3.41157	1.07406
2.20522	2.42266	1.05027	0.267096
3.78557	2.37935	3.13802	1.53761
2.64181	2.14103	4.0272	1.06651
2.27429	3.13997	2.84169	0.816834
0.91912	3.41645	2.31294	1.29534
0.960259	3.57886	2.1486	1.13676
0.94015	0.933974	3.44125	1.58462
0.917654	2.82655	1.74839	0.859227
1.02184	2.2799	2.77385	1.89742
3.66622	1.79352	3.35055	0.799847
3.00759	3.22451	3.90316	0.178859
2.25457	2.60255	2.47236	0.877848
1.57974	4.04531	1.13339	0.584415
3.33126	2.38439	3.71509	1.60928
2.57257	2.9692	2.76529	1.08977
1.33416	4.00333	4.08862	0.391076
2.01186	2.64867	1.36847	0.426244
3.46704	3.64484	2.87853	0.885577
2.78028	2.76189	2.58964	1.98706
0.941803	0.975004	2.31782	0.642093
3.98319	2.62323	2.92551	1.44475
4.061	2.42937	2.59592	1.00296
1.04814	1.51236	1.06691	0.567834
0.761267	1.06589	2.48631	0.780578
2.70362	2.95947	2.72421	0.70218
2.43869	1.62812	3.45964	0.108428
3.45977	2.15227	1.24511	1.64368
2.0015	2.51221	1.28209	0.658617
4.18621	3.43499	0.987069	1.9847
1.79179	2.73536	2.47845	0.678142
3.20234	2.7645	2.93622	1.50587
2.7418	1.11611	1.27859	0.239168
3.27199	3.37638	2.54398	0.423209
3.98177	1.65988	1.68546	1.45154
2.83765	1.92123	2.60236	1.89362
3.48366	3.13122	1.68948	1.58599
2.63076	1.83881	3.38362	1.35326
3.88589	1.75968	0.922574	1.21836
3.55273	2.95962	2.02734	0.760869
3.28138	2.56881	2.42639	0.934548
1.65114	3.97924	3.12307	0.430132
1.58167	4.04181	3.94411	1.65179
1.67981	2.46594	3.42713	0.104021
1.32963	0.973936	3.70207	1.25119
2.16959	2.92276	1.90001	0.566277
3.86682	1.79313	3.83108	1.45781
4.00095	1.65967	1.1458	1.39548
3.39491	2.90908	1.41682	0.0234906
2.76924	3.64233	1.61578	1.63059
3.47967	1.41186	2.95587	0.0936946
3.11436	2.17023	1.23031	1.6701
2.35788	3.89661	2.37451	1.6787
2.81711	3.37671	1.2774	0.967485
0.978855	0.79497	1.40486	0.0748127
1.57894	2.09477	3.2617	0.0580213
4.00342	3.92719	0.927249	1.02277
3.31818	1.74298	1.83609	1.06529
2.24313	3.92234	2.77018	0.182628
2.03157	3.29074	3.93599	1.68896
2.91275	2.12557	3.15555	0.392855
1.34159	3.57431	3.07164	0.461355
3.58465	3.79572	1.70713	0.180736
1.39722	0.795916	1.12338	0.292271
3.88231	1.3693	3.02972	1.2949
2.24562	3.98275	1.42767	1.72584
4.12408	3.45822	4.10392	0.667664
2.25355	3.80436	1.41028	0.120311
1.78513	3.69363	1.70838	0.834979
3.05976	3.92133	3.1038	0.979195
3.58311	3.90435	2.7346	0.0887322
3.81657	3.18474	1.47137	1.64575
3.64748	3.60361	2.41245	0.574362
3.4305	3.15196	1.3815	1.56859
2.23117	1.18155	1.20913	1.69591
4.09941	1.79387	3.88895	0.505069
1.36705	1.38409	3.05808	1.65411
1.175	1.8781	1.84314	1.86203
1.56692	3.9421	4.04682	0.307846
2.8161	1.30532	4.03414	0.910883
0.979251	2.27573	3.34295	1.69226
1.1992	3.79449	3.01972	1.01511
4.07671	3.38403	1.96008	1.96396
1.02759	1.68158	1.55758	0.407156
2.25203	3.88951	0.965357	1.05951
1.43339	2.0387	2.3733	0.914341
1.59719	2.30874	2.78525	1.67974
2.86236	2.72121	1.77711	1.23187
0.95748	0.905994	2.57223	0.265115
3.92198	1.18606	2.95512	1.85541
3.79418	4.20228	4.01944	1.77206
1.55951	1.29361	1.07193	1.37509
0.884309	1.17705	1.52954	0.542936
2.3307	3.07445	3.10502	1.42287
1.27027	1.99926	2.69377	1.43249
3.91404	3.57708	1.88466	1.92527
3.85778	3.52449	1.18087	1.63039
3.70436	3.30399	3.29228	1.45555
3.11309	2.96591	2.92911	1.98033
3.45067	3.18053	3.07902	1.69105
3.76353	3.88296	1.08828	0.582376
2.75719	3.71486	0.85142	1.37459
1.52967	2.65509	2.24514	0.225976
2.15172	3.34412	1.15896	0.570159
2.70576	1.44404	1.14685	0.833412
3.85611	3.74859	1.41728	1.27411
2.47929	3.35075	2.94444	0.585111
2.38461	1.79369	1.32048	0.570729
1.51073	1.66022	2.81884	1.54603
1.29163	2.77335	2.45496	0.572149
1.22871	3.71705	2.10865	1.06727
2.81269	2.37794	3.56196	0.259085
3.01452	3.81483	2.66721	1.10327
3.5263	3.1557	1.43762	0.515877
2.33589	3.4774	2.7145	1.82145
1.25664	3.20168	1.50743	0.641544
4.07369	3.44658	1.181	0.0887237
2.12422	2.77017	1.9783	0.969839
2.22601	3.30598	0.946674	0.0350396
1.41393	3.68144	1.37073	1.69938
3.35117	3.15723	2.22397	1.03687
2.09471	2.82859	3.37824	1.66612
2.2756	1.93734	3.34894	1.0535
0.867515	3.99111	3.74161	1.91819
3.29255	4.05765	0.890455	0.128683
2.53857	2.00952	2.70203	1.82671
1.05874	2.71805	3.93045	0.535157
2.12819	1.10685	1.18216	0.322706
3.37331	2.64371	3.05388	0.310578
1.13051	2.39521	4.02699	1.02905
3.51709	3.27482	1.04684	1.59695
3.07124	3.80669	3.44157	0.769078
3.53947	3.40185	2.42099	0.651036
1.05733	4.13536	1.55068	0.316632
2.7653	1.36664	2.27798	1.94209
1.8562	2.64969	1.39588	0.0378658
1.08832	3.63463	1.36656	0.340736
1.6733	1.36322	3.09239	0.102763
3.85112	3.3275	3.71592	1.13346
2.90747	2.87069	3.91472	0.890157
2.06784	2.14019	3.38902	0.926756
2.12987	0.9338	2.95844	1.9285
1.26017	0.918576	4.03362	0.853807
2.80963	1.10764	2.47006	1.30503
3.80961	2.92005	3.58841	0.296471
3.40157	2.44145	1.493	1.35468
1.6412	0.998221	1.59608	1.69782
3.08782	1.49504	1.77028	0.0507099
2.80056	1.10826	2.47465	1.98755
1.06628	0.897812	4.16233	0.506552
1.22776	3.96131	3.15791	1.49754
3.97231	1.24529	2.08083	1.6818
3.33572	1.4689	4.07928	1.05741
3.4216	1.48933	1.53428	1.93176
1.62201	2.30668	3.52421	1.79025
3.24857	1.18967	3.98753	0.481875
1.26105	2.14777	1.72344	0.494861
2.58225	1.46905	2.51926	1.35531
1.08356	1.40448	2.2908	0.0941316
1.78357	3.59869	3.75734	0.105954
1.0076	3.82978	2.80272	1.56761
1.124	3.48312	3.36828	0.608151
1.66314	2.68882	1.4712	1.7666
3.1286	1.20768	1.21557	1.69328
2.63051	1.9272	1.21374	0.0970635
2.67008	2.8282	3.19077	1.27547
3.44155	1.33197	3.20215	0.165135
4.08005	2.77926	1.21655	0.0643678
2.28591	3.25457	3.51762	1.03142
2.54002	2.71919	3.5171	1.4856
1.18227	0.883729	2.90687	1.60687
1.34557	3.40736	3.02215	1.33512
1.32619	3.32765	3.18982	1.32193
1.99481	2.32923	1.84893	0.229188
2.82207	4.07642	1.48051	1.15041
2.64741	1.99845	2.86219	0.0122439
1.06547	2.23075	2.65323	1.10978
4.03929	1.91847	1.77658	0.238448
1.85839	3.99466	3.92278	0.998555
3.19303	2.87394	1.18331	1.56683
1.97012	3.68858	2.31869	1.31163
1.91898	3.27612	3.35346	1.84019
3.31943	3.93213	2.42769	0.565669
1.84802	1.13225	1.7277	0.700415
2.49134	3.61773	4.09576	1.03024
1.4116	1.44717	2.96966	1.02605
1.30048	2.47528	0.9569	1.60142
1.3001	1.41609	2.85155	0.893243
0.855842	0.764926	0.965707	0.774545
3.38309	3.76841	1.88296	0.996305
3.63968	3.50263	3.43947	0.281368
3.88553	1.08218	2.47868	0.862815
3.80014	2.11875	3.96021	0.0662963
2.76282	2.70018	2.62769	1.45071
1.42193	2.73098	2.63822	0.535223
3.29324	1.23126	3.30084	1.59936
1.31607	3.64801	1.42977	1.82052
3.02416	2.46635	2.11049	1.05984
1.8116	1.44591	3.01383	0.404653
1.68129	1.39728	2.9351	0.28016
2.77133	2.7672	1.47076	0.312513
1.37381	3.26002	3.74498	0.598014
1.6604	2.28045	2.76212	0.0309688
2.82987	1.53744	3.30504	1.31308
1.09797	0.83895	2.69241	1.57405
2.43074	3.97989	1.56648	1.58682
1.28945	4.20868	4.22676	0.847923
1.37062	2.87128	2.71931	1.41304
1.53812	3.30418	3.72931	0.741729
2.32073	3.17905	3.05495	1.46909
1.33495	1.59272	3.34809	1.33984
2.61062	2.68296	2.0047	1.22972
2.60573	3.68974	2.12213	0.127465
3.88765	3.35866	3.71728	0.0661813
3.00015	3.67276	2.18937	1.71084
2.42318	0.973788	2.69486	1.38416
3.5395	2.12604	1.14774	0.430067
1.36433	3.31988	3.9432	0.642343
4.15894	3.40849	4.20188	0.973297
1.66023	1.84804	1.17006	1.66419
1.59253	2.68675	3.86596	0.158561
1.58307	3.40746	1.29432	1.85721
2.9141	2.76242	3.47323	0.176401
2.92313	2.12899	3.23755	0.697763
3.39998	3.59557	2.71866	1.87958
2.78397	2.58356	1.68506	1.09071
1.43484	1.56002	0.961302	0.955773
2.84934	1.27519	1.82903	1.56081
3.01733	1.51137	3.69939	1.71826
4.16199	4.19237	3.62242	1.12926
2.66217	2.77841	2.93622	0.264
3.82979	2.28748	2.40527	1.3768
1.70769	1.07184	2.98915	1.70478
2.72245	3.72708	2.16265	1.54276
1.4517	2.21473	1.66816	1.42161
2.79726	2.76676	2.69905	0.400336
3.41265	1.73754	1.05543	1.44768
1.89624	3.72785	1.78158	1.72888
1.99115	4.06602	3.98043	0.673005
2.05475	2.39618	1.00746	1.30151
2.66798	3.04325	2.55589	0.160811
2.59059	3.77156	3.7929	1.36691
1.72072	1.04385	2.11245	1.78782
3.05707	3.82546	1.14824	0.850721
1.52463	1.29717	1.25364	1.11867
1.06443	2.27867	2.43863	0.838381
2.14798	2.24358	3.27986	1.50676
3.7396	3.43896	2.11343	0.839319
2.29278	3.79458	2.44706	1.95187
3.50939	2.01114	3.11067	0.277651
2.30974	0.961078	0.906927	0.226415
4.00079	1.28995	2.64808	0.350992
1.85796	3.24816	3.14118	0.561186
1.30258	1.35398	3.13262	1.0088
2.79918	2.39212	1.72427	0.952733
1.50707	3.10271	3.81384	1.33952
2.65014	2.18001	2.98501	0.754754
3.15435	1.9379	2.47812	0.401694
2.10033	2.75287	1.96562	0.595697
3.20592	3.64153	2.29652	1.91188
2.69529	1.52498	1.62669	1.33164
2.38308	4.07648	1.45596	1.89122
2.22386	2.36504	2.30329	1.25573
1.15704	2.04309	1.70683	1.31822
3.29383	4.04942	0.901659	0.924067
1.68934	2.71979	3.03979	1.21424
1.0888	4.10176	3.91625	1.55476
3.3235	2.201	3.33463	0.739891
2.85644	4.06521	0.925633	1.90655
3.97285	1.5581	3.84098	0.595911
2.96534	1.88884	3.82574	1.4478
2.98627	1.6302	2.09103	0.705897
1.38899	2.22145	3.5082	0.830301
4.10242	2.42637	0.874696	0.147648
2.32385	3.87918	3.73118	0.568708
1.85513	2.78575	2.99182	1.7841
2.68821	3.18391	3.66314	0.921071
3.86343	3.39929	3.42835	1.06009
1.08856	3.15766	1.6607	1.40784
3.84734	2.97254	1.0894	0.149011
0.980984	3.77096	2.53002	0.0573096
1.99167	2.51815	1.26301	1.60902
2.26678	4.02008	1.13786	1.48946
2.4546	3.35833	2.98035	0.185152
2.26729	2.47416	2.70655	0.65857
1.54402	1.87913	3.65117	0.582755
4.28373	1.10119	4.28834	1.80732
3.32536	1.05669	4.07853	1.61339
3.89435	2.35685	3.65727	0.547462
4.17876	4.05432	1.00019	0.837849
3.74761	1.3748	1.36626	0.859427
3.79799	3.49447	2.56516	0.686994
1.78309	1.1111	3.06737	1.01772
2.10597	2.66784	3.44302	0.765831
2.93645	3.54286	1.90149	0.791234
3.46218	1.79695	1.5086	1.54345
3.32951	0.91368	0.929106	1.42464
4.05851	1.16945	1.17863	1.73399
1.64512	1.73402	1.65633	0.402134
1.18595	3.54019	2.74304	0.755776
3.80485	1.63759	3.79589	0.562802
3.29502	3.0777	2.95785	0.789683
2.43298	3.94342	3.56118	0.66046
1.45586	4.15325	1.12483	1.89641
1.06017	1.30586	3.10364	0.0118207
1.84003	3.80725	3.69797	1.1238
1.01944	1.1597	3.40563	0.364024
4.07343	1.81495	2.70161	1.76601
2.6713	2.26773	1.45584	0.548671
1.31628	3.49821	3.04822	1.23233
3.33366	2.26177	3.94142	1.99051
2.24946	0.936426	3.98552	0.96566
1.65028	2.83113	2.51279	0.933711
2.12763	2.00516	0.974057	0.964852
2.45244	3.2978	2.90297	1.03972
1.15087	1.50527	2.16843	1.24827
3.05009	2.68235	3.78253	1.60925
2.18752	2.82805	2.34969	0.351209
0.984426	1.96697	1.30204	0.959375
2.32462	1.03419	4.03722	1.22256
3.26633	2.22008	1.21124	0.228109
3.76121	0.977242	2.73897	0.688311
3.85359	1.61093	3.78715	1.99575
2.46646	1.78897	2.92165	0.312488
3.64465	2.57831	4.01376	0.460278
1.21716	2.07443	2.20742	0.230828
3.24731	2.8419	2.87346	0.328724
3.13277	2.67522	3.38078	0.818434
0.894175	3.74381	2.62724	1.64356
4.1318	1.16083	1.17814	1.71857
2.10011	0.912657	3.68774	1.73185
1.76837	2.35539	0.94784	0.261959
4.25226	4.19355	2.00616	0.175564
2.04693	3.36836	1.52446	0.227061
1.97827	3.45408	1.71432	0.0687606
1.9445	1.07649	2.26495	0.729587
3.84209	3.96144	1.40709	1.73595
1.06535	2.36365	3.20153	0.93458
2.12831	2.78335	1.97572	1.35857
1.16373	1.9181	3.5574	0.126486
1.89775	1.34617	1.31401	1.40624
3.97567	1.97438	3.57397	0.563422
1.29361	1.11457	1.86068	1.01687
1.33372	3.37148	3.73754	0.110773
3.2308	1.10962	4.01504	1.62635
2.19396	2.95207	1.83318	1.58953
1.66687	2.81965	2.52102	0.597277
3.99305	1.74454	1.98407	0.614993
2.30981	2.50898	0.958454	0.787897
3.68534	3.57652	3.1506	0.0392891
4.03536	4.17425	2.76085	0.139777
3.36607	2.0849	1.26863	0.955992
2.45201	1.11858	1.72693	1.74682
3.27155	2.80517	2.95243	1.86862
1.35519	1.2329	1.52828	0.308787
2.23537	2.82974	2.34812	1.76448
1.21964	2.34747	1.70854	1.94973
1.78819	4.06554	4.12914	0.443174
3.81565	2.6413	1.85332	1.39008
3.97423	2.15525	1.31601	0.770002
2.3155	2.35651	1.90514	0.329308
0.947731	4.02968	1.12482	0.442341
1.13271	1.90372	2.01121	0.990709
3.88623	3.60666	1.93773	0.0689747
1.7841	3.03847	0.888867	1.21947
2.854	0.94821	3.60564	1.09848
2.68433	1.01991	1.68894	0.90069
2.76457	2.32529	3.62892	0.00987587
3.79702	1.20473	1.35283	1.83474
0.9144	1.59421	1.20839	0.178322
2.81566	2.62448	2.69156	1.05445
1.95284	3.96068	2.7559	1.32304
2.85958	2.70991	1.81008	0.443072
2.78125	1.18973	3.45734	0.202753
1.5053	0.917591	2.66524	1.52985
2.30774	2.07587	3.38947	0.62777
2.46389	3.83422	1.62721	1.00235
1.53711	2.15879	2.82406	1.61698
3.39661	1.36392	1.74665	0.470906
1.2385	3.91123	3.87557	1.50572
2.43233	1.32974	4.03982	0.0868292
1.65932	3.415	1.32803	0.992356
3.51756	3.10583	1.72196	0.385173
0.978717	0.930018	2.44806	1.12881
4.20993	3.4138	0.949874	0.35686
1.14975	3.07379	4.10366	1.98283
3.54288	1.60423	1.43558	1.93545
1.4562	1.32552	3.18908	1.37708
1.63554	3.20424	3.14344	1.12573
2.27528	3.8247	1.02856	0.400758
2.91366	1.91257	2.252	1.31368
1.95881	3.87874	1.46491	0.643052
2.94963	1.84651	2.45067	1.48936
3.89175	2.4403	3.24921	1.54701
3.61325	4.07277	3.41518	0.0591141
1.15465	2.32064	3.19844	0.757717
1.34816	2.33109	3.95847	1.19392
1.93847	0.874274	3.49762	1.80013
1.91262	1.46495	2.80923	1.34404
1.07958	3.52927	4.17113	1.4538
1.07249	2.45214	2.47253	0.0154321
4.08031	1.50911	3.49454	1.57976
1.27203	2.62752	3.71084	0.514847
4.00069	2.60164	2.95879	0.282131
4.0699	2.81233	3.32275	0.628793
2.78324	2.61325	1.64502	1.79937
3.22715	3.31315	2.71039	1.6308
2.78124	2.7279	2.43695	1.22899
1.05019	0.825625	2.90517	0.0782701
1.57915	2.25656	3.52975	0.784358
3.84181	3.04192	3.0145	1.82028
1.35998	1.65421	0.985137	0.347158
3.57706	3.47398	2.45805	0.88533
1.95842	3.09703	1.97922	0.100509
2.34152	3.87861	3.72363	0.0466463
2.45095	2.14084	2.99653	1.07615
2.23593	1.69907	2.80548	1.28678
3.12785	2.10769	1.01309	1.17868
1.11363	3.08344	2.56547	0.481323
3.98488	2.67125	2.19563	1.6699
1.91517	3.73537	1.76883	1.32902
2.83672	2.89699	3.14062	0.156917
2.56081	2.69843	1.28099	0.0266812
4.07777	3.3158	2.58925	0.820444
4.24225	1.16519	0.950431	1.32618
2.61134	1.20539	1.73904	1.17904
3.45621	3.40323	3.61203	1.49083
1.83174	1.58984	2.80069	1.28504
1.28849	3.7217	1.78376	1.50259
2.56467	1.01002	3.55377	0.0239364
2.84624	4.0763	0.899855	1.1812
3.13362	2.76818	0.928476	1.34153
3.12638	1.1083	1.88698	0.48039
1.32005	2.80991	3.61775	1.83596
1.96382	3.06693	3.04796	1.2816
3.80194	1.67415	1.71747	0.101933
1.28676	2.81079	3.58562	1.15936
2.86569	2.96256	2.72092	0.428746
2.71804	2.88028	3.4784	0.469372
1.44779	3.5838	3.83221	1.79805
3.63758	1.66227	1.37676	0.00771657
3.84113	4.35886	4.05378	0.327592
2.93347	2.77141	3.48538	1.06633
3.49999	1.27149	2.79433	1.86145
3.04198	2.16534	2.56337	0.580846
0.922649	1.04592	2.43112	1.16392
3.22631	1.87371	3.55548	1.82537
1.3415	3.32372	3.11457	1.95161
4.27101	4.23196	4.31213	1.57401
4.16558	4.12361	4.23368	1.09742
2.52255	3.44376	1.14867	0.631442
3.6202	3.07603	1.61632	1.04317
1.06953	3.44774	3.55867	0.141617
3.64145	1.86726	3.06611	1.1558
2.94887	2.45103	2.47237	1.48429
1.51165	1.88915	3.20239	0.305834
1.59838	3.12205	3.84968	0.346177
2.93009	3.8009	3.25678	0.171704
3.02767	3.54963	2.23498	0.978848
2.42253	3.03186	0.922391	1.04415
2.22522	3.53482	2.87497	0.527518
1.26367	1.67749	3.67564	1.53277
3.18994	1.90683	2.55194	1.81315
3.0889	1.55473	1.12887	1.7755
4.03267	4.26078	0.937923	1.04643
3.72617	3.46107	2.91105	1.07249
2.80302	0.805246	0.85129	0.111958
3.05634	1.0353	2.66202	0.127047
3.79955	1.45124	1.88452	1.999
2.27263	1.43067	3.39329	0.263307
2.55147	1.68257	1.04568	0.271411
2.49618	1.12446	0.900844	0.84999
1.03705	0.966728	4.08534	1.97453
3.39867	3.04757	2.55334	0.906451
2.61735	2.92414	2.72081	0.453161
2.80948	1.26551	1.80456	0.891066
1.73227	2.85978	2.47168	1.34957
3.49806	1.55903	3.56178	0.575008
2.4443	4.00761	2.02369	1.97247
3.90547	2.23437	2.16987	0.0790421
2.63132	1.9571	1.01272	0.795748
3.87866	2.70713	3.6681	0.969283
1.24816	2.17114	3.10636	1.37062
2.29035	0.824563	1.20709	1.41152
2.88402	2.77924	2.25914	0.810077
3.47974	1.47904	3.14119	0.544266
0.88689	1.15758	1.56335	1.94807
2.72942	3.09431	0.951898	0.186732
1.03348	0.898114	2.32974	1.89152
2.91291	1.8582	2.39391	1.38019
3.10644	1.39941	2.07467	0.300416
1.33677	2.55081	3.67636	1.52332
1.04491	1.53922	1.29206	1.73784
2.23084	3.68814	1.30825	0.910289
4.00857	2.08223	2.27156	1.07481
1.17493	2.3697	2.99949	0.196115
2.4684	1.17284	0.950547	0.147432
2.40057	2.38394	3.30748	0.333996
2.87859	1.28939	1.84873	1.51758
3.011	1.43869	2.54184	1.45517
2.21441	3.1048	2.84598	1.66636
2.63852	3.28309	1.86198	1.04277
1.26326	3.2777	1.03194	0.411986
1.38709	3.12653	1.85184	1.28666
3.54239	2.18282	3.25841	0.551865
3.55311	2.51613	2.35069	0.875856
2.95332	3.33448	1.45398	0.531078
4.09032	3.3577	4.20633	0.685995
2.12702	2.72322	1.45013	1.90143
1.92598	2.4296	2.4497	0.928318
1.46418	2.64311	3.02615	0.684524
1.49473	4.13029	4.13017	0.0640763
1.96494	3.08975	1.92029	0.288312
1.39665	3.33613	2.91106	1.60715
2.56364	3.46635	1.13635	0.888699
2.58796	0.976895	3.5539	1.80059
3.0785	4.067	3.73043	1.9581
2.31404	1.95805	2.33162	1.22009
3.70694	1.17505	4.06347	0.148916
1.04834	4.08591	1.1246	0.819269
3.04641	2.23089	2.68042	1.64808
1.37344	1.34162	3.02549	1.35281
3.85092	3.1873	1.27866	0.821301
3.39085	3.73338	1.88182	0.821672
3.73472	1.39275	2.01515	0.599325
2.32318	3.65968	3.81024	0.678115
3.997	3.74077	2.19311	0.0680525
3.45696	2.53526	2.36027	0.880917
3.98843	4.16984	1.61546	0.199694
1.25278	3.81548	3.47108	0.096008
2.80908	3.71967	2.3113	0.695629
3.53903	3.41427	3.34833	1.35349
4.02753	1.27142	4.14947	0.833219
4.18574	3.90813	3.46269	1.8562
3.22315	1.26926	4.03001	1.0961
3.17941	2.18283	4.02664	1.24734
2.19869	1.71541	3.2696	1.07313
1.3942	2.52603	2.79901	1.46794
2.08016	0.967158	1.09239	0.403797
3.60271	3.7179	3.80985	1.48874
4.08609	3.72452	1.31431	1.94122
3.38057	3.96352	3.91349	0.978597
1.03341	3.82132	0.92847	1.55005
1.49347	1.0184	2.16339	1.33971
1.69325	1.16072	1.4463	0.847963
2.94442	3.37912	1.35433	0.0375487
3.53542	1.77336	1.47765	1.29407
1.05552	1.11247	2.1873	0.138276
4.07078	2.75207	0.898552	1.39107
2.3428	3.9672	1.48171	1.10973
3.47854	1.54546	1.83272	0.13182
1.59458	3.22904	3.14483	1.05378
3.85147	4.1533	4.1092	0.945593
3.21289	1.20627	2.56836	1.13478
2.05694	3.21804	1.61579	0.857441
3.56473	2.87996	2.56901	1.53186
1.44412	2.65695	2.47067	1.2545
2.43731	2.89117	1.51478	0.550704
3.65739	2.52742	1.90162	0.233016
1.61512	1.08504	2.9627	0.182805
1.05355	3.03082	2.67636	1.50479
3.13004	1.10719	1.90064	0.103302
3.30386	2.56552	2.45361	1.15915
1.15139	4.03768	1.69004	0.596495
2.56318	3.57364	3.75846	1.98379
2.39203	1.18905	1.73382	0.643468
2.86037	2.84727	2.35683	1.72043
3.24102	1.28341	4.03692	1.40951
3.00863	2.55298	2.36576	0.758022
2.58738	3.3787	2.30095	0.679204
1.98847	4.00199	3.88369	0.902349
3.68659	1.7539	3.30656	0.810195
1.15671	3.07678	2.1454	1.0498
3.48223	3.1021	3.69096	0.804307
1.68949	1.76973	1.72761	1.91659
1.98087	1.47164	2.80836	0.0848613
3.23192	1.32156	2.23043	0.602797
3.82871	3.65517	3.02404	0.416555
3.20267	2.77791	2.94079	1.3048
3.6737	2.18204	1.08282	1.79299
1.15267	2.31155	2.27704	1.73265
1.1722	1.73852	1.70596	0.782976
2.69795	2.64089	2.02778	1.83882
3.34599	0.979459	4.10709	0.949303
1.27594	2.14895	3.39074	0.0603349
1.48886	2.21421	1.62781	1.99705
4.14487	3.90964	3.11053	1.60416
1.80008	3.20893	3.23471	0.781132
1.31637	1.18927	1.60153	0.563294
2.09031	2.61031	3.01943	1.88177
0.912411	0.864413	3.82692	1.60213
1.01148	3.63292	1.726	0.337555
1.46739	0.971346	1.3873	0.881626
2.28054	2.38149	2.30656	0.892089
1.86634	1.13857	1.67065	1.28412
3.61152	4.0561	0.910347	1.92319
1.06292	1.73833	1.60411	0.909297
3.52708	3.8597	2.1556	1.74223
3.89585	1.64879	3.10559	1.95008
1.0584	4.05115	1.18036	0.566784
4.08599	1.9797	3.43688	0.936955
3.36751	1.3341	3.91867	0.230881
1.58757	1.35715	3.30492	0.104977
1.10991	3.56749	0.846159	0.352013
1.14652	1.84371	2.87271	1.78906
1.3492	0.942367	3.43157	0.225995
1.73039	2.29745	1.15175	0.719967
2.03863	1.49664	2.88941	0.770755
2.81376	2.06591	3.61073	0.709542
2.60873	3.29036	2.4515	1.56986
3.83682	1.62555	3.80039	0.0807366
0.929703	3.83092	1.50821	0.194955
1.11135	3.87626	4.11895	0.565065
3.77178	3.45939	2.10579	0.310465
1.61244	2.46769	2.67014	1.16239
3.219	1.19789	3.95243	0.580083
2.41862	3.27244	2.928	0.114593
2.83201	1.15859	3.66976	1.03966
2.00099	3.02839	2.70484	0.721141
2.61864	3.42392	2.18411	1.27995
2.88783	2.36887	3.82358	0.993636
1.47281	1.87034	2.99838	0.806381
3.47966	1.32109	4.10663	1.03405
1.89731	3.97196	3.60142	1.70406
3.3876	2.36199	4.01861	0.720384
2.65335	3.41683	3.73014	1.81928
2.33964	2.37686	1.82729	1.92468
1.43244	3.31348	2.90155	1.68078
1.46584	2.57934	1.98787	0.772052
3.75595	4.18459	3.63087	1.28891
1.31778	3.64546	1.40893	0.964768
3.35695	4.02148	1.92336	0.991899
2.28826	1.66063	3.59071	1.97466
3.91168	3.58375	4.05337	0.852992
1.43999	1.24168	2.22507	0.786335
3.89131	4.03987	1.50021	0.147498
2.57744	2.80111	2.38496	0.71765
2.70099	1.55487	0.947941	1.4331
0.871985	1.27264	1.39891	1.49431
1.28542	2.53592	1.65494	1.10749
2.96517	1.12892	2.51146	1.54478
3.55662	2.24161	1.46788	0.0235762
2.84684	2.74678	2.2375	1.00132
2.68161	2.99764	2.70185	0.189696
1.45448	0.975663	2.31862	1.5386
1.78041	2.41305	2.54165	0.611539
2.95135	3.12039	1.11497	1.51007
1.51985	1.79352	1.82681	1.99045
2.13639	3.62357	3.42855	0.461379
1.7515	4.03639	1.37455	1.78624
2.64029	2.92023	2.24592	0.266209
1.84516	3.94852	1.93227	0.990448
0.879522	3.14248	1.67649	0.571085
1.45346	3.27239	2.96814	1.5206
1.98729	2.9152	2.7072	1.30657
3.94827	3.62004	3.05563	0.671103
2.97797	2.25154	2.60682	1.92371
2.08274	3.53886	3.69988	1.87371
2.29653	1.72412	1.24327	1.48419
1.53175	1.78598	1.64058	0.438606
4.0363	2.46673	2.56503	0.236235
1.66462	1.13925	3.75252	1.37475
3.27809	2.10587	1.98372	1.36133
1.45607	4.23636	0.827278	1.78363
2.14651	2.80584	3.60216	1.57586
2.11684	3.18821	3.2	1.69466
3.97929	3.50528	2.83538	0.348659
1.10541	3.67259	2.05244	0.144389
1.95099	3.84636	1.50701	1.16163
4.22287	0.942212	1.71577	1.47006
2.37809	2.86246	2.27943	1.36067
2.88421	2.27852	2.68331	0.00666445
1.03043	2.27008	3.62375	0.811111
1.29799	2.60682	1.62376	0.183729
1.84751	3.5536	2.02125	0.806894
2.98798	2.9838	2.45501	1.99531
2.71707	2.97995	2.70311	1.10588
3.3652	3.69122	1.86591	0.394322
2.30722	3.24487	3.70967	0.107102
1.22339	2.35291	1.10483	0.299927
3.71403	3.63697	2.69291	0.0198959
4.91238	4.91266	4.91324	200
1.97958	3.50353	1.23624	1.34996
3.10853	2.09921	1.17076	0.639552
1.04823	2.5158	1.96242	1.17227
1.47977	3.84521	1.29737	1.90941
3.32796	2.22601	1.34023	0.396166
1.18432	0.894084	1.57689	0.532602
2.49617	1.90849	2.26305	0.708986
1.18042	4.07281	1.94953	1.0417
3.37716	2.40896	1.47671	0.861806
3.70947	1.76579	3.34286	1.72418
3.58828	1.10819	2.31112	0.0966972
4.0614	2.80576	0.893135	1.41315
0.831883	1.22494	3.93624	0.29013
1.40263	1.29894	2.14283	1.32659
2.38193	3.64827	0.930634	1.24294
3.45604	2.00903	1.28236	1.1592
3.71971	1.90516	1.02594	1.36548
2.89251	3.25695	2.63496	0.88148
3.63605	4.07855	2.47456	1.58661
2.82091	2.55115	2.5099	1.18944
3.12354	2.11793	3.31398	1.66268
2.71668	1.38414	2.44632	0.051283
3.99619	2.53466	3.01142	1.55639
3.86202	3.42914	1.86829	1.48627
1.3329	2.05309	2.28965	1.48001
1.21509	4.09237	1.34767	1.91755
4.01423	3.09944	3.38308	1.08828
1.31931	1.54976	1.18992	1.61807
3.05778	3.80469	3.01941	0.434663
0.865471	1.08404	1.69092	0.0171461
3.07394	3.79568	3.40428	1.08416
3.11457	1.3832	1.76738	1.61423
2.56762	3.13077	2.65963	1.28468
3.16744	3.05184	2.80024	1.29114
2.19833	1.97068	1.44426	1.11934
2.9114	1.87651	2.15661	0.523311
1.48586	0.985634	2.26783	0.474021
1.32145	3.28096	1.64127	1.58303
3.00169	1.10259	1.89992	0.583137
1.61517	2.80785	1.2902	1.37954
1.9946	2.99799	1.95571	0.0233852
2.01407	3.82653	3.03214	1.54272
1.898	3.64283	1.84595	1.78314
1.40782	3.23534	1.35705	0.765534
3.29605	3.077	2.71862	1.7058
1.97627	3.6491	2.96614	1.93244
3.88345	4.00762	1.53447	0.149241
2.81045	1.97527	3.44923	1.85341
0.783456	0.99544	4.04404	0.751875
0.920097	2.79482	1.27364	0.632266
2.35698	2.45261	1.5806	1.23638
1.30633	2.01516	0.844557	1.77377
4.0881	2.92579	3.34346	0.69464
2.48366	2.1692	1.88824	0.767611
2.10349	2.81964	2.37448	1.91803
3.854	1.62809	3.7777	1.86014
1.85497	3.69257	1.70358	0.698052
2.2904	2.28396	3.01123	1.72485
3.93903	3.75375	2.41622	0.219421
1.51596	2.4456	4.03644	0.453881
1.37869	3.32821	2.89497	1.1768
1.10781	3.89976	4.14653	0.96557
2.2875	2.36488	2.31959	0.773856
3.03658	1.93994	1.88872	1.94551
1.36849	2.94939	1.92867	1.14287
1.01916	4.13715	2.29167	0.0159179
3.77531	3.89849	1.07198	0.187193
2.12726	1.21961	1.83953	0.996702
3.75394	3.88079	1.13044	1.94245
3.44161	1.10938	2.35667	0.483452
2.35473	3.75631	2.92852	0.286069
1.48412	4.05061	1.18369	0.749971
2.80347	2.28134	3.8594	1.28997
2.38429	2.17294	2.99738	0.568618
1.85503	3.36535	2.17813	1.38159
3.76175	3.2036	1.38632	1.47105
2.77645	1.71209	3.24062	0.751674
1.90799	1.39262	2.86926	1.64889
0.955687	1.57116	4.06698	0.559828
1.45426	1.17624	3.04047	1.52107
2.54989	2.84447	2.25477	1.89069
4.17935	0.987373	1.60522	0.552685
3.64007	2.88424	4.03354	1.4279
1.86769	1.41334	2.32384	1.79848
2.29937	1.30631	1.73101	1.53407
1.87085	3.69009	2.92307	0.747122
1.36572	2.70581	2.95083	0.661455
3.03778	1.83694	1.20235	0.326115
3.8435	2.46221	1.19335	1.78257
2.70465	1.87928	1.43344	0.768632
4.09698	1.12106	1.23902	0.503218
1.80978	2.63255	1.37152	1.44645
3.05648	2.32394	2.49392	0.0418909
1.96045	1.28118	2.13078	0.91484
3.05583	0.942747	3.52076	0.565822
1.98974	3.68451	2.30637	0.532096
2.02545	2.76411	1.43128	1.86287
3.78626	1.77011	1.7345	1.67606
2.39247	2.17062	1.23616	1.50154
4.09021	1.46214	2.47998	1.33143
3.05764	3.93979	3.08813	1.96995
0.959202	0.996894	2.27818	1.37336
1.16613	1.54453	4.05015	0.971009
1.18956	2.17662	3.28299	0.972297
4.08388	3.88708	2.21479	1.72469
1.65122	3.19067	3.17086	1.38714
1.34006	3.46099	2.3366	0.218221
0.909184	3.95744	3.53647	1.39384
3.80879	2.39476	3.15329	1.85717
2.58938	1.26225	2.92182	1.3436
2.2166	2.57534	1.40818	0.929578
0.765673	4.00901	4.10045	1.94067
3.57033	2.05071	3.53336	0.103185
1.22695	2.62501	3.33734	0.498432
1.864	1.41834	2.03559	0.707169
1.07979	1.02729	0.861113	1.98089
2.75094	3.30294	3.7966	0.274585
3.6826	2.63465	3.5114	0.42304
1.26591	4.06183	3.12245	0.239115
3.66242	3.02263	1.25271	1.38601
4.19221	3.91534	3.46599	0.19526
2.37095	2.48998	1.99449	1.55744
3.0556	3.20894	1.34408	1.57425
3.70331	1.56672	3.5396	0.865928
3.79997	3.13836	2.73875	1.54378
1.5175	2.12728	4.0429	0.700084
1.91847	2.86744	2.41786	0.442029
1.70209	2.71469	3.81081	0.565467
2.44097	2.95623	2.19272	1.87543
1.31861	3.33271	3.17251	1.65532
2.15825	3.57026	3.02599	0.541414
1.08042	2.14967	3.2192	1.8935
1.17321	1.59472	3.20306	0.639692
3.05969	3.12195	2.94943	1.99807
1.97891	1.24604	1.548	1.29745
3.22215	1.12335	3.98077	0.362111
3.53335	1.89001	1.23945	1.88215
0.998034	3.65949	3.48099	0.942829
2.94261	2.13717	3.29583	1.43098
3.48167	2.28242	2.98517	1.72963
3.28453	2.04796	1.43388	0.746002
1.10296	3.6812	2.01272	0.889364
4.14234	2.82447	1.08041	1.38603
3.25475	0.959229	3.83614	1.03768
1.96142	4.06693	2.38102	0.751449
3.65664	1.62148	3.64656	1.02398
2.86584	2.71115	1.66074	0.776038
0.963713	3.88085	1.58697	1.50955
1.72066	2.29136	1.21451	0.707032
1.76248	2.5009	3.48223	0.572153
1.11188	3.87363	4.1102	1.63608
3.82742	3.66659	1.94116	0.506335
3.63951	3.48607	2.95691	1.34812
0.93317	2.35657	1.41181	1.27519
1.09697	2.14976	0.97925	0.200688
1.80696	1.75484	3.60801	1.1477
3.37261	4.19967	3.98267	0.0159602
2.41926	3.22264	1.8768	1.14919
2.98144	1.82364	2.01693	1.06729
1.15635	3.22185	3.82482	1.94466
2.56072	2.23896	3.03898	1.10349
3.85036	3.75103	1.42065	1.91406
1.55766	1.36262	1.02448	1.09845
2.45682	3.88057	1.27182	0.418676
3.85882	1.04931	1.47438	0.756179
3.44502	2.50576	3.93484	0.786355
3.46173	1.96231	3.87711	1.82169
1.11911	3.27607	3.78516	1.2023
1.26	2.57138	1.32611	0.042167
2.02856	1.96463	4.04526	1.21593
2.73621	0.944872	1.35748	0.101178
3.85317	1.75704	1.67394	1.68672
1.94072	2.42276	1.58467	0.213413
4.07182	1.44635	2.54043	1.54629
2.53028	2.19058	3.00548	1.18859
1.31456	2.68905	1.49372	0.539391
1.15761	1.80076	1.78881	0.91742
3.194	1.73048	1.15924	0.495531
1.79412	1.56094	1.80209	0.504692
2.52789	2.6808	1.26986	1.66964
0.914907	1.85107	3.9895	0.0482931
2.49194	2.25691	3.4473	0.0214783
3.67423	2.46229	2.9031	0.0169374
1.00015	3.65052	1.7157	0.290313
1.36292	2.76263	2.80545	1.67878
3.66987	2.98496	1.28773	0.284413
3.80586	2.13702	2.11308	0.797035
3.96499	2.52813	1.68451	1.95863
3.58112	1.35099	0.852283	0.597388
2.94848	3.52413	1.88582	0.968789
1.80242	3.79365	2.51537	0.660951
3.27408	3.39265	2.55488	1.72751
1.90553	1.0543	3.11668	0.355608
3.36066	3.51017	1.89381	1.28887
1.37034	3.25353	0.997076	0.239187
1.39817	1.6059	1.13458	0.0244587
2.3856	1.17618	1.74217	0.134863
3.71104	2.95051	2.62033	0.370332
2.7768	1.07442	2.47277	0.499524
3.70369	4.16287	1.17361	0.311374
1.08145	3.6307	1.91895	1.64162
2.88263	2.9563	2.48051	1.56551
2.02162	2.56937	3.82515	1.14577
3.45436	1.03321	2.77392	0.471306
1.14534	3.92018	1.79756	0.0135259
2.58185	3.70075	1.46526	0.102434
3.80503	3.24083	1.81213	1.43063
3.16072	2.18956	3.67287	1.53924
1.58157	1.53308	2.84328	1.6762
3.72393	1.09446	2.89898	0.452123
2.72588	2.56441	3.48105	0.696759
2.57399	2.12033	2.81057	1.25618
1.78675	3.71403	2.95815	1.59299
3.37058	3.61385	3.64725	1.28325
2.67595	1.37076	1.96452	0.466394
2.67956	1.54814	0.914401	1.58866
2.27018	2.82005	2.92195	0.580873
2.98455	1.86825	2.48595	0.425618
3.41923	1.85442	2.68762	0.601869
3.22531	1.14109	3.97375	1.95921
1.01385	2.74086	3.47979	1.54873
2.16498	2.86669	2.29453	1.85001
3.48436	3.3343	1.4062	0.671367
0.755885	1.24349	1.14262	0.866638
3.39593	3.42167	3.2098	0.806382
0.967554	1.60933	2.91565	1.58441
2.59186	1.38678	1.178	0.51041
1.80691	0.96044	1.62709	0.709493
2.78769	0.879905	1.23995	1.95338
2.86094	2.48479	3.76496	0.814447
1.95274	1.01672	3.32028	0.637829
1.53547	3.70526	3.37512	1.95037
3.11254	2.48744	2.05181	1.30218
3.27669	4.05606	2.30426	0.543881
1.46687	2.64868	2.63153	0.987951
2.68267	3.37189	3.72004	0.289256
3.53592	4.07757	1.22215	0.815182
2.50728	1.05332	3.54296	1.68194
1.1133	2.6604	1.3369	0.607678
2.27776	3.85344	1.75658	0.132021
2.13945	3.14723	3.15841	0.208701
3.10052	1.43378	2.22464	1.6467
3.22944	3.82412	1.88077	0.510839
2.93998	1.38949	1.87657	0.876524
1.37656	2.6388	3.59562	1.33363
2.62285	2.94648	2.53458	1.2546
1.62851	3.06701	3.86043	1.29807
2.65472	1.95012	3.31022	1.9358
3.49776	2.09762	1.15569	1.0387
2.87165	2.3696	2.00343	0.578738
2.0011	3.05248	2.72492	0.0347444
3.58813	3.96784	2.36799	1.93989
2.43209	1.93217	2.95912	0.0211708
4.10432	1.33486	2.87	0.36109
3.55435	2.73362	3.58361	0.78402
3.40712	2.61051	2.04222	1.29352
3.9845	2.20161	1.34328	1.13863
3.7778	2.53827	3.68527	0.46536
1.35688	2.17901	1.60995	1.98979
2.05059	3.24469	3.88335	1.62902
0.919996	2.84553	3.60844	1.93866
3.31424	2.27972	1.39001	1.11673
0.837309	4.18637	4.10585	1.6224
2.69004	1.91484	2.36388	1.0017
3.40038	2.9281	1.09388	1.24629
1.20218	3.95867	3.83469	0.603414
1.86975	1.15457	1.7363	1.36124
3.49055	1.72148	2.49225	1.63747
3.69083	1.85623	3.41441	1.21837
3.53383	3.9925	1.28031	1.63043
3.93749	1.14478	2.9685	0.882941
2.38002	0.962045	4.01892	0.341296
3.16502	0.904776	3.44479	1.68264
3.89793	3.05335	1.30003	0.547275
3.52134	2.6026	3.83272	1.13412
3.1374	2.40461	2.10008	1.12822
3.29599	1.54373	1.51726	1.10564
1.17511	1.92032	1.99268	0.0583893
2.36835	3.99002	2.37896	1.77395
1.04366	2.1213	0.965657	1.57453
2.26161	3.52488	2.84265	0.733576
2.48115	3.3233	2.95143	0.513059
1.50738	2.81345	3.59894	1.82462
1.112	1.40801	2.2832	1.62738
2.15088	2.91199	2.15946	0.990091
4.06876	3.33026	2.69807	0.898682
3.35213	4.03522	1.92534	1.61564
2.23214	2.22322	2.8668	1.66671
1.56708	1.51165	1.42975	1.49279
4.26889	3.7353	0.752938	0.413026
2.25086	3.64695	1.29365	0.958652
0.974196	2.76527	1.81613	0.838279
1.46745	3.08031	3.63929	0.471067
2.30863	2.34608	2.93537	0.246148
2.37062	0.995697	4.04111	1.68244
2.29125	2.58118	3.00314	1.321
3.21342	3.68077	2.22712	1.48983
3.25312	2.22073	3.95318	0.301069
1.624	1.1033	2.99634	0.544456
3.07177	3.91541	3.01759	1.82092
2.84231	2.85383	1.39133	1.95296
0.955768	3.70778	1.13398	0.954617
3.70637	0.994938	1.82006	0.534394
2.72554	4.19175	3.99895	0.612131
3.71082	1.92132	1.00264	1.1662
3.26688	0.88029	3.4342	1.96148
1.17213	1.96644	1.74221	1.47631
1.76539	3.86926	3.0148	1.73755
2.58814	3.42356	3.69256	1.18773
2.9019	4.03044	0.978483	0.955067
4.06583	2.03438	3.39165	1.06336
2.08281	3.16086	3.59272	0.501248
0.867786	3.96216	3.71287	1.50284
3.73135	2.76369	3.27224	1.9276
4.05525	4.19049	3.29368	0.43446
3.87935	1.93629	1.11247	0.958715
1.20573	4.03725	1.06431	1.5413
3.70944	1.34577	1.6101	1.70265
2.59249	3.99665	2.05968	1.83382
3.11973	1.58971	1.46956	1.3447
1.08995	0.860414	2.23157	0.00123263
2.86158	1.30371	4.033	0.998952
1.36657	3.12494	3.19788	0.141074
0.941221	3.59878	2.68713	0.324224
3.33417	2.93997	3.90546	1.22009
3.35453	1.44733	2.35454	0.603239
1.40882	3.60313	1.71382	1.67838
1.12349	2.19522	2.59463	0.349216
1.76434	3.91769	1.36883	1.91187
1.12225	1.21454	2.36063	0.464637
3.45573	1.4391	1.78908	1.64589
4.25699	3.91566	4.28621	1.4176
2.47945	3.88435	1.91757	0.48677
1.23851	3.44166	2.77154	0.545224
2.95999	3.31326	1.31769	1.37944
1.339	2.86201	3.64421	1.07382
2.85376	1.07898	2.49287	1.29982
1.36283	4.00525	3.87034	1.9704
1.21468	1.40567	3.50492	0.190399
1.01507	3.56006	3.54645	1.0274
3.24319	1.23002	3.37118	1.61955
3.81005	1.84766	1.09375	1.05531
0.987913	1.37894	1.44774	0.430426
3.55484	1.1253	3.37316	0.752387
0.9436	1.60543	0.965771	0.600892
1.41424	3.83405	1.72485	0.627176
1.03277	1.1177	2.16901	0.262488
3.79341	1.53325	3.01878	1.19602
1.97324	2.23975	2.25989	0.477392
3.1706	2.44981	3.35809	1.53948
3.23403	4.21919	4.20125	1.00381
1.14325	3.13689	3.89204	0.373357
4.12438	3.89117	2.4397	0.350512
3.53071	3.40996	2.43973	1.81188
3.80623	3.90947	0.991627	1.5071
1.27515	3.08174	2.01428	0.892108
1.33034	3.3218	3.19383	1.57655
1.64193	2.44928	2.69276	1.86779
2.26463	2.7467	2.33418	1.00049
1.67508	1.92973	3.16024	0.524171
1.50227	1.30372	2.2199	0.0612508
4.13798	4.09105	4.16801	1.62676
3.61973	4.04849	2.69913	1.86847
3.01523	3.7598	2.11852	1.48008
3.19481	1.18109	2.54227	1.85474
2.59872	1.06952	3.67642	1.90192
2.89231	1.90288	2.29316	1.81871
2.91366	1.32226	1.41166	1.65812
1.84685	2.89131	3.64323	0.518004
2.56325	3.46721	1.13906	0.717563
3.43879	2.99098	1.77905	0.851766
2.75386	3.02837	1.42247	0.471304
3.44664	3.14826	1.40689	0.508969
3.48861	0.965794	1.46478	0.81976
1.98655	3.00861	1.94986	1.86464
3.48061	2.45759	3.33987	0.213937
1.24815	2.91886	2.07013	1.26884
2.2207	2.30798	4.07556	0.374637
1.12785	1.51169	3.04349	1.27094
4.12127	3.49626	3.87895	1.39574
2.33948	0.915146	3.99327	0.507869
1.09133	1.31206	3.12208	0.759597
3.55619	4.06764	1.84949	1.21848
2.45042	1.08629	3.20526	1.14635
3.16875	1.18526	1.51027	0.223763
2.63375	1.47144	1.81179	1.19639
2.3894	4.01594	1.55027	0.893085
3.12209	1.24109	1.22689	0.329774
1.26695	1.15716	2.23709	0.394763
1.64297	1.12751	2.82346	0.138039
1.11369	3.82598	3.11179	1.07881
3.98608	2.10873	1.21257	1.31473
2.23445	1.94782	3.44525	1.99435
2.55939	1.17661	2.87453	0.0159914
4.07589	3.64415	2.33069	1.34475
3.98028	3.0398	3.65753	0.145543
3.26732	1.66647	1.67526	1.90057
1.93607	3.71869	0.915195	0.808807
3.38408	3.1931	3.9321	1.39887
1.06203	1.0036	2.01295	1.13735
2.08661	1.33403	2.80045	1.7951
1.43571	1.34659	3.84677	0.350685
4.10619	1.99237	3.67847	1.84817
4.08957	3.25077	4.25425	1.3095
3.92301	1.68571	2.89125	0.559557
1.3104	2.96445	3.1201	1.70196
1.93032	2.93154	2.64988	0.827858
3.2543	3.86817	4.15994	0.121912
0.955602	2.66165	4.04792	0.455506
3.23908	3.69877	2.1743	1.39985
1.52898	1.64502	2.87111	0.366338
3.9346	2.91286	3.64822	1.7537
3.785	2.2558	1.3272	0.00444717
1.08723	3.71786	3.69254	0.778388
2.37881	2.04851	3.57931	0.306366
1.88145	3.49019	1.57898	0.688172
1.89302	1.44257	2.75272	0.0876878
0.958663	4.06494	3.26689	0.521662
1.41396	2.08487	2.36623	0.323067
4.15092	1.717	0.919328	1.75305
3.21322	1.5723	3.72251	1.58434
0.973463	3.35683	1.3947	1.00923
1.26678	3.99575	3.12482	0.892784
3.41764	3.71499	3.533	0.208775
0.93905	1.98074	1.32477	0.162555
2.24448	3.56427	2.02971	1.12599
1.67949	3.34811	3.22719	0.496846
1.0543	3.48057	1.2526	1.58581
4.1143	0.831045	2.80358	1.98747
3.18023	3.35096	2.39665	1.74242
3.40708	1.42438	1.76441	1.04227
0.935016	1.14506	2.9413	0.145329
2.39236	3.44237	1.36594	1.6153
3.0338	2.43313	2.0458	1.85106
1.67118	1.14162	1.41024	0.70038
3.573	1.81328	1.35524	1.63202
1.88338	3.29167	3.41891	0.0764914
2.52347	1.86495	3.76116	0.491059
2.41893	1.64383	3.42535	0.984646
1.94775	2.20974	2.73829	1.61108
1.45536	3.27319	2.90347	1.66339
1.72075	4.17247	3.35897	0.994284
1.03744	4.00096	3.77973	1.87421
1.3446	4.01606	3.45476	1.06537
3.20586	2.78017	2.79032	0.426405
3.65373	2.43404	2.33887	0.670388
3.21754	1.56601	3.69816	0.0851834
2.89047	2.11688	3.61438	1.56706
1.25599	2.41289	2.92042	0.652835
2.41119	2.10863	3.54487	1.04836
2.01443	2.98835	2.39103	1.06745
2.75054	1.62049	1.01841	0.759828
3.35224	3.05201	2.69881	1.29644
1.04241	0.922944	4.14201	1.65035
1.67529	3.37463	3.76107	1.78966
1.76577	3.18435	3.32676	0.629746
1.46709	1.84322	2.98749	1.24478
3.06342	2.41449	1.45514	1.93935
1.36977	2.84098	2.62052	1.59412
3.57615	2.76157	1.43261	1.19906
1.48322	3.4606	1.62721	0.649748
3.54872	1.6704	1.47929	0.198366
0.898465	0.803954	4.24708	0.491069
3.16596	3.07112	2.8191	1.8219
4.08686	1.47848	2.4398	1.26399
3.16118	3.0477	2.8285	1.60458
1.76412	1.21658	2.89186	0.220072
3.13446	3.44077	3.1682	1.76404
2.64266	3.99027	1.52321	0.736694
1.40781	1.99192	2.28131	0.461162
2.10955	2.43735	2.40929	0.216971
1.07738	0.799296	0.783813	0.199743
1.64635	2.73899	3.23095	1.80954
1.56995	2.12069	3.22911	1.04091
2.34755	1.91743	2.94629	0.226943
1.02587	1.96561	4.16533	1.25826
1.77166	1.44678	4.16451	0.97172
2.6846	2.35034	3.182	1.86818
3.97883	1.42173	0.961291	0.120934
1.47882	1.00134	1.34081	0.9346
2.93415	3.7569	2.12718	1.69493
1.40401	1.2822	2.12429	1.32867
2.05481	4.09679	3.50124	0.936497
2.00238	3.52528	1.23969	1.27169
4.01983	1.21581	1.37267	1.07001
2.68851	3.53075	2.35145	0.972836
1.04142	2.50943	2.68814	0.519565
2.76629	3.34486	3.34052	0.376931
2.84697	1.14134	0.950036	1.65032
1.43228	2.15553	2.49751	1.1276
2.18311	1.67406	1.00101	1.48147
1.05258	1.17123	2.1948	0.032556
1.62176	2.41867	2.71923	1.56831
1.82024	0.961721	1.62152	0.734269
2.41737	3.24844	2.9263	0.211474
2.66099	2.04306	1.83141	0.248207
2.38508	1.92068	3.90578	1.26285
3.28935	2.28611	1.44269	0.2725
3.2629	1.38898	3.82908	1.49332
2.05874	1.70197	3.35112	1.16197
3.3257	1.95108	1.98948	0.176557
1.94368	2.98359	2.40533	1.73332
2.31534	1.03279	4.03194	1.95568
2.36926	1.64515	1.08705	1.77896
2.75752	1.14698	2.27292	0.661439
2.5295	3.20152	2.39661	0.39207
3.98717	1.90152	3.96119	0.600186
2.75367	3.23409	3.75552	0.698726
0.969676	1.53198	2.28561	0.708936
3.87655	3.79182	1.41533	0.670175
4.01183	1.45363	1.8372	0.823428
2.33372	2.39069	1.81935	0.113716
2.46912	3.57853	2.23296	1.91211
2.68891	3.75337	1.31575	0.963227
1.43609	1.16256	3.42898	1.59203
3.69912	3.00936	1.31139	1.64057
3.81888	2.81086	1.40939	1.58185
2.41353	2.15874	1.24709	0.902919
2.74953	2.28723	3.63709	0.0990661
3.72395	1.33928	1.26246	0.639794
3.91065	2.42758	1.57274	1.04936
1.85649	2.26023	0.904723	1.09403
2.5802	3.44289	2.08922	0.646511
2.35024	2.47159	1.40135	0.719568
1.03015	1.84223	1.23896	1.09501
3.26615	1.67778	4.09782	0.607178
3.24211	3.6907	2.02218	1.13894
0.96369	2.37315	3.83324	0.0259267
4.08293	1.47111	2.51442	0.603994
2.82011	2.61523	3.66085	0.232388
1.81095	1.36529	2.2807	1.56544
2.9997	2.61246	1.65408	1.50376
3.72525	1.88989	1.84044	1.23094
2.81428	1.8554	3.79028	0.571178
1.29709	1.63939	3.6349	0.373962
3.36414	3.26046	1.48692	1.37035
4.10436	3.34622	4.20938	1.00623
1.7824	3.63019	2.93381	1.22692
0.920577	0.994301	2.17008	1.41735
2.97394	2.61853	2.38218	1.08608
3.65226	3.2275	1.41357	0.803659
1.02038	1.09034	3.17704	0.437515
2.06279	2.71963	2.26369	0.162883
1.74015	2.88545	3.31637	0.393318
1.96804	3.272	3.18338	1.24959
2.87177	1.88662	1.6439	1.2364
2.1649	2.91531	1.88311	0.0391743
1.42878	3.29002	2.92127	0.0100449
2.62401	3.2827	2.27963	1.21128
3.47964	1.17157	3.63775	0.296899
3.04861	1.66992	1.58625	1.84732
3.6448	4.13913	1.17572	0.358184
3.32087	3.61114	3.5531	0.680538
1.00441	0.911924	4.13073	1.03402
3.05075	1.84934	2.53884	1.69941
1.01001	1.05843	3.76174	1.24027
3.44714	1.98741	1.56604	1.23812
1.99241	0.975932	3.38669	1.9852
1.72848	4.07823	3.93866	0.232273
4.17914	0.955795	1.65782	1.4884
3.75251	1.15342	1.11483	1.99168
1.20975	0.973326	2.50433	1.63568
1.90376	1.07281	3.14665	0.8021
1.19725	2.66109	0.844909	1.93804
3.50622	1.70458	2.81365	0.279401
1.76568	1.97722	1.25339	1.1549
1.93736	1.03432	3.15232	0.693781
1.02933	4.14902	1.05066	1.8836
1.06134	1.37586	3.99806	0.45838
1.52575	2.29924	0.980374	1.09357
2.51534	3.28586	3.91426	1.29719
1.62486	3.97592	2.95937	0.0413927
1.48227	1.446	1.30501	1.02623
2.73131	1.76491	1.18595	1.82854
1.94153	3.5037	1.73085	0.85278
3.33837	2.03434	2.02794	1.7218
2.61778	1.79269	1.19795	1.49264
3.40515	1.46432	1.83497	0.512495
3.79095	1.63176	3.80738	0.177076
1.51673	2.52887	1.18683	0.851864
3.27638	1.67042	3.91657	0.578894
2.70929	0.985771	1.48199	1.80717
3.73373	2.56887	1.90913	1.17345
3.52851	3.17612	2.36065	0.6899
0.803569	2.58914	1.06767	1.52063
3.0463	2.20034	1.01239	1.05305
3.01529	3.86646	2.95923	1.67054
2.28876	3.20013	1.80332	0.344058
4.05933	1.47749	2.51416	1.11251
1.68386	2.93069	2.49773	0.0872308
1.37706	3.34381	2.96801	1.89441
2.41546	1.11223	1.74866	0.983947
2.93016	2.06718	1.73443	0.581027
3.40101	1.73315	3.55867	0.786229
1.27061	2.16789	1.62874	1.26824
1.35997	2.56117	3.62227	0.300645
3.13133	1.77282	3.2094	1.83937
4.06427	1.21483	4.20631	0.125779
4.15603	2.74978	0.788027	0.888413
3.02768	1.85645	3.84108	0.574583
3.12973	1.47661	2.72249	0.906946
2.35633	2.00401	3.42532	1.29513
3.62402	1.17051	1.71177	1.96667
2.73733	1.16788	1.30849	0.508763
1.99554	3.65059	1.42686	0.576555
0.854082	1.19695	1.96441	1.92576
3.2507	2.04504	2.1113	0.805231
3.042	2.0079	3.1847	0.698358
2.44267	1.92526	3.5964	1.9781
3.16748	3.09221	2.78479	0.978991
3.25864	3.79471	2.37131	0.577524
0.932067	2.9378	2.5927	0.723195
2.30501	3.2599	3.00726	0.906757
3.73303	0.845159	2.19438	1.17116
2.01949	3.63001	4.03608	0.0516172
1.40319	3.07463	2.06967	1.3967
3.93141	1.40872	3.09729	1.21674
3.44198	1.87637	1.33218	1.10218
1.49198	2.82949	3.59739	0.496909
1.55823	2.22204	2.80847	1.24782
1.10391	1.54901	0.931202	1.90955
1.57384	2.47938	2.6562	1.24654
1.90268	2.67723	2.96859	0.967019
1.49018	0.984905	1.41371	0.304927
1.5397	3.7079	3.36513	0.0571682
1.4878	3.63196	2.9171	0.871175
2.22789	2.33746	3.0471	1.21315
3.51651	1.59213	1.48456	1.80544
2.69426	1.86467	3.5974	1.62998
3.43331	2.1783	2.25045	0.236435
3.88898	1.29001	3.00653	0.266094
1.21735	3.51239	1.73849	0.626219
2.98404	1.09605	1.89612	1.69223
3.86523	3.93187	1.61157	0.66885
1.85139	3.97766	3.89275	0.286803
1.54935	1.38827	1.0119	1.62772
2.43282	3.69875	2.92692	0.561156
1.93318	1.27203	2.12783	0.455714
1.26865	0.844718	2.00002	0.531696
3.16686	2.90495	2.97431	0.8739
3.23051	3.8531	1.83094	1.19559
3.59605	2.78707	3.92689	0.365807
2.61027	3.72968	1.9894	1.58069
1.05685	2.10624	2.85155	1.04791
1.77769	1.55026	3.48857	1.15499
1.7239	1.61956	3.49608	0.909197
1.46893	1.31952	3.20202	1.97592
3.48079	1.82727	2.19478	1.01086
1.54257	3.31055	1.23749	0.124146
1.58387	0.961048	1.53507	1.60648
3.76801	2.77602	2.84507	1.90672
4.10621	1.46908	2.49768	0.439486
2.35826	1.84886	3.42879	1.46198
2.48687	2.77629	1.50064	1.37805
3.40595	3.81076	3.11553	1.16305
1.31113	1.14838	1.07528	0.850993
3.49072	1.48866	2.45067	0.165196
1.49071	3.32188	3.68025	0.268563
1.82682	2.41086	1.16088	0.49507
2.98403	2.66287	2.39632	0.216101
3.6828	1.63843	3.65161	0.663939
3.82329	0.823986	0.802497	1.27193
3.61958	3.2153	1.44461	0.272214
3.44181	1.83053	2.72859	1.21946
2.44464	1.07562	3.22317	1.4405
3.48239	2.75673	3.65703	0.171098
1.0594	3.99801	1.83918	1.46962
2.62757	3.48569	3.74935	0.707837
1.19615	3.1639	3.14934	1.86399
3.14426	3.06478	2.81285	1.27439
2.13762	3.41747	3.39345	0.409443
1.14721	1.95182	3.54701	1.16904
2.15673	2.58908	1.9118	0.331599
1.09589	1.28488	1.54062	0.285074
1.24492	2.79098	3.69841	1.2172
1.96813	3.1841	3.937	0.89935
2.14682	2.95244	2.06223	0.217266
1.9726	3.95104	3.39304	1.52028
3.32722	2.52858	3.94746	1.64993
3.70028	3.41413	2.17888	0.476236
1.8499	3.20935	2.23304	0.742065
3.53817	3.00355	2.509	1.95008
1.53124	2.12499	2.82325	1.24899
1.20826	2.59634	1.00214	1.02644
1.54468	2.34764	2.84057	1.09969
1.99643	2.21212	1.83897	0.281069
3.82962	1.73307	3.98464	1.48171
0.99463	2.05079	4.14335	0.680504
1.14208	1.89921	3.32815	1.92564
0.935187	1.52827	4.02625	0.555707
2.9761	2.61296	3.77121	1.45378
1.03312	4.10755	1.56164	0.524436
2.24301	3.67333	3.58687	1.67563
1.51003	1.15592	4.11568	0.232929
2.06271	3.94793	3.79955	0.90213
1.87699	3.58997	3.50162	0.816187
1.59662	2.56529	2.13818	0.514668
3.12498	1.90785	2.5767	0.686451
3.55121	2.16576	1.12941	1.79586
2.26379	1.84324	1.35819	1.6928
1.30645	3.98216	3.14194	0.803674
1.2442	2.96889	2.63728	0.982337
2.89729	2.06609	3.85671	1.8505
1.5493	3.26381	1.94452	0.862177
1.65235	3.18468	3.17171	1.92722
0.878417	1.48476	1.78345	1.68661
3.05791	2.07511	3.30829	0.150388
3.22972	3.91519	3.96148	1.71872
3.69961	2.87374	1.69597	1.93574
1.78635	3.39114	2.39446	1.74956
1.39072	2.22091	3.50828	0.734056
1.21309	1.25747	3.46951	0.741951
3.47161	2.36143	1.95491	1.70133
3.20689	2.9566	2.97534	0.742585
0.929922	2.26366	2.24666	1.41108
1.95742	2.10507	2.74531	0.420404
4.16474	3.74008	1.30822	0.484521
2.87672	2.90594	1.34993	1.52143
0.9487	4.00651	1.15681	0.346415
0.946277	3.90086	2.75749	1.77616
2.16008	3.68062	3.33354	0.24509
2.60267	2.30706	2.48949	1.07711
3.89279	3.98594	1.46295	0.409038
1.89808	3.46322	2.21834	0.564591
2.83615	2.8386	2.58438	0.481366
1.57997	3.01262	0.859505	0.536578
2.77457	1.41447	2.23758	1.21823
0.97636	4.06828	2.48145	0.934789
3.58995	1.68779	2.82905	0.769266
3.22391	1.20125	3.9605	1.07314
0.989729	1.29372	3.33818	0.665011
3.99141	1.28708	2.94272	1.22271
3.3119	1.31095	3.75278	1.95702
3.46859	3.67685	1.6998	0.679246
4.15633	3.30439	4.1619	0.0751479
3.0126	2.36657	2.50673	1.07684
3.09966	1.07206	3.9948	0.701054
1.39505	3.67222	3.8462	0.405571
0.965561	2.74503	2.71606	1.97958
3.46207	1.31306	2.8217	1.06522
1.80899	2.41168	2.50815	0.140805
1.87887	3.40163	2.14389	0.578394
2.36015	2.10588	1.9183	0.24038
3.51793	3.56691	3.04789	0.973154
3.92945	2.89971	3.65008	0.210663
2.27507	3.19066	1.87996	0.882856
2.16469	3.48401	2.20586	0.272792
4.208	0.884477	3.07711	0.565898
2.52655	1.43164	1.96638	1.58433
4.03717	3.44968	1.13306	0.768512
1.31374	2.18742	2.53916	1.85369
1.54544	1.29981	2.21016	0.333036
3.20847	1.5681	1.60316	0.345271
3.96635	2.73393	2.9096	0.654244
2.23573	1.0255	2.40019	0.83375
1.10867	1.27632	3.21865	1.12637
1.78438	1.08959	2.05227	0.501374
3.45482	2.30515	3.03152	1.87739
3.80044	1.32787	3.71627	0.169426
1.71264	1.76345	1.71198	0.0943483
2.67962	2.58488	1.61559	1.00843
1.12648	3.67881	3.66756	1.05285
3.83126	1.74086	3.94639	1.91359
2.53691	2.97189	2.41774	1.48004
3.28297	3.76115	4.21307	1.0257
1.92964	3.0215	2.42924	0.313752
3.4933	1.7661	1.50894	0.134978
2.90228	2.4401	1.33739	0.251056
0.987762	1.94954	2.94708	0.237897
1.47035	2.37854	2.89124	0.0949976
3.38529	2.84996	0.961607	0.36662
1.53029	2.75892	3.65883	1.85617
2.20756	3.78494	2.32601	1.42325
2.56311	4.00586	3.54904	0.60947
1.58675	1.01067	2.06943	1.6112
2.89961	2.42008	3.80032	1.23762
3.59089	2.71902	3.25062	1.97941
0.8664	2.0192	0.886635	1.55577
4.21487	0.867713	4.18339	0.407178
2.68845	3.75213	1.31448	1.93071
3.37525	2.76181	3.03324	0.676521
2.33318	2.66809	2.95039	1.34929
3.00647	1.00403	2.50495	0.516977
2.55839	2.1925	3.64278	0.646935
3.99628	2.88836	1.83369	1.9884
4.08955	1.97873	3.40666	1.93998
2.11586	3.30135	1.48224	1.91528
2.97991	1.89587	3.82881	0.832739
3.69313	2.75743	3.21748	0.685901
1.27293	2.06282	0.866672	1.60209
2.14125	2.46154	1.11067	1.8299
3.85713	3.95819	1.52604	1.76294
2.72234	2.64582	3.67702	1.10016
3.54052	2.92353	2.35421	0.587697
2.12344	3.11868	1.73408	1.99766
4.11984	1.3759	2.23757	1.75354
3.36469	1.51632	1.5433	1.83987
2.87204	1.331	3.19883	1.9606
3.37978	3.49468	3.79958	1.28876
3.24638	1.19985	2.54346	0.538466
3.11082	2.14828	3.55928	1.17448
0.990391	1.91714	3.79626	0.860587
0.970055	1.23767	2.10643	0.0638905
1.84148	3.70625	3.84208	0.163056
0.679373	1.01874	0.641659	1.16321
2.08106	3.14965	2.75288	0.201824
2.53237	2.3336	3.24885	0.440577
2.92941	1.87744	2.38864	0.552188
3.09814	1.87038	3.67688	1.44384
3.05399	3.14764	1.3085	1.36253
3.79936	2.71337	3.37091	0.368111
2.20126	2.9511	1.84023	0.879622
3.39255	1.75702	1.02254	0.232225
4.06403	2.78021	1.53312	0.984858
0.910157	4.08129	3.34937	1.26261
1.54219	1.46558	3.82799	1.81222
2.54073	3.30382	2.91593	0.318602
2.55238	3.54415	3.7387	0.78429
2.06538	2.72572	2.81525	1.57449
1.30018	3.67906	1.31085	1.85212
1.08273	1.60758	1.03033	0.196619
3.60654	1.67567	2.84431	1.74455
1.54262	1.9303	2.52294	0.90994
2.55079	2.24625	2.04112	0.0335407
1.31791	4.11957	1.33255	1.39373
3.44674	0.874616	1.04405	0.261901
2.70596	3.13156	3.87735	1.49222
2.5269	1.33554	3.05963	1.23164
2.19841	3.23604	3.02598	0.451048
4.02976	1.77839	1.09853	0.390111
2.85164	2.86417	2.92397	0.228041
0.683293	0.678397	1.01974	0.388145
0.828633	1.81925	3.85879	1.53917
1.89648	3.952	3.91475	1.78782
3.01642	3.51519	2.96878	0.304303
4.04254	1.92329	3.43637	0.715436
1.06575	2.23328	2.67832	0.000160766
3.48697	3.17976	1.45303	0.790604
1.81371	3.5616	2.64645	0.589553
3.8059	2.9338	2.69803	1.71298
3.92218	2.09444	2.95894	0.540948
2.07378	2.803	1.42378	0.0097814
1.98124	3.55434	1.37445	0.618684
1.41942	3.81486	3.20616	0.28628
2.2513	1.68738	1.26852	0.388195
3.90807	1.92266	2.82154	0.427517
1.37243	1.14571	2.44886	0.0795727
3.42159	4.21712	3.94568	1.37162
1.68228	2.34727	3.78869	1.47381
1.06776	1.25024	3.36172	0.788655
4.00634	3.87948	3.26245	0.0833556
3.51284	1.92128	1.43565	0.461948
2.83377	1.92964	2.23253	1.10475
3.11522	0.829772	3.5801	1.69982
1.03034	1.28474	3.77583	1.70406
1.75814	3.4452	2.68183	1.29844
1.88528	2.5492	2.17247	0.71462
2.89069	1.27905	3.39027	1.07974
1.0396	2.24657	2.71171	1.70122
3.66206	3.39509	1.15999	0.894138
1.1027	2.4627	4.1256	1.52159
2.43488	3.43215	3.0199	1.26864
1.05831	2.46262	2.49206	0.624582
1.72324	0.831823	4.09882	1.18944
2.60591	1.9913	3.90555	0.266196
2.35544	3.32018	3.02247	1.00462
1.33057	1.66334	1.97748	1.97002
0.815112	2.27072	2.18742	0.230556
3.88405	2.25776	3.74537	0.924567
1.47467	2.45046	1.13488	0.474673
4.01392	2.79218	2.70603	0.547154
2.91718	2.54753	3.81591	0.250875
3.7241	3.58952	1.66122	0.668665
2.61456	3.83324	3.69924	1.36594
1.33114	1.31989	3.10904	0.413776
2.8791	1.28212	1.84771	1.13046
2.72653	1.58431	0.934614	1.45736
3.23208	1.22834	3.98406	1.34443
3.42441	2.48729	3.93033	0.628384
0.932625	3.55203	2.27212	1.77112
2.98509	3.14276	1.54585	0.31682
2.9271	0.999042	3.68047	1.63136
1.59414	2.46407	0.947565	1.74034
2.88959	1.90454	2.16386	0.282004
2.7151	2.2976	3.60622	0.455996
2.71737	3.61907	3.82619	0.588172
1.96397	3.64078	2.94238	0.756245
3.03022	0.985813	1.64005	0.589031
3.26565	2.51064	2.39627	0.751474
2.63897	1.80172	1.44486	1.57243
3.52411	1.57596	3.03944	0.826162
2.71477	1.18827	2.64938	0.203374
2.75078	2.2736	1.94891	0.283443
1.6731	1.55514	2.28906	1.2216
1.06881	0.927324	4.12972	1.47202
1.07488	1.57485	0.964844	1.67613
3.30912	2.3893	1.50732	0.552578
3.49119	2.09233	1.16916	1.16283
2.9129	3.2828	4.1056	0.355824
3.53779	2.65832	1.7813	0.730735
3.9647	2.8767	2.56604	0.463612
3.73122	4.05078	3.83003	1.83019
4.1072	3.68785	3.07928	0.157947
1.13196	3.17828	3.85381	1.64063
1.2925	1.14718	1.06717	1.88566
2.59557	1.45067	2.53539	0.310507
3.65566	2.52541	1.92612	1.37733
1.02193	2.84661	0.966463	0.0793288
1.58741	2.71371	1.75218	0.122467
2.49832	1.12657	4.06626	0.981996
3.84732	2.92095	2.7547	0.0594915
1.80449	2.48025	3.60362	0.948263
2.92309	3.82787	2.17898	0.307808
1.12855	4.00926	1.83184	1.96753
2.32909	3.06533	3.08289	1.05453
1.64669	3.22698	2.80575	0.954272
1.78499	3.55036	2.67323	1.5832
4.02483	2.46944	1.68392	1.79617
1.2533	3.80141	3.93484	0.902367
2.04261	3.43245	3.90107	1.91485
3.36998	1.94952	1.25096	1.66066
1.68734	2.26306	3.49974	1.48685
1.13627	2.39171	1.72203	0.635795
1.53435	3.64712	3.46853	1.00114
3.05152	1.8999	2.03689	1.25698
3.69739	2.69408	2.58918	1.98046
2.34775	2.37487	2.32922	1.53382
1.63114	1.86403	3.21542	1.91371
3.2684	3.62593	3.48622	1.98496
1.66915	2.84252	3.24603	0.63793
1.13111	0.848713	2.91935	0.601592
3.60839	2.16049	3.42372	1.04044
3.43915	1.2087	1.32752	1.2268
3.17213	3.14042	2.77242	0.191253
1.17002	0.942242	3.78278	0.723984
2.26826	2.79841	1.92979	0.241534
2.11516	1.09328	1.185	1.35739
3.25831	3.85642	4.16309	1.59026
3.74978	2.96526	1.17537	1.3999
0.985447	3.86858	1.54804	1.66343
4.01136	2.08292	2.31103	1.31823
0.96906	0.800062	3.66056	0.347725
1.29996	2.89108	2.6573	1.01109
1.48213	3.63385	2.9533	1.25339
3.96331	3.3714	1.85914	1.33613
2.92133	1.87958	2.21665	0.888912
3.89887	2.73583	1.32591	0.00797862
2.41693	2.09879	3.55036	0.894474
3.37041	1.83835	1.28258	1.55526
1.89755	3.80727	3.93319	0.846683
2.45689	2.45632	3.83685	1.36506
2.12781	2.78941	1.97204	0.605584
1.77451	2.93476	3.98122	1.76694
3.8228	2.28896	1.90861	1.71047
4.12981	2.38777	3.73622	0.899175
3.53967	3.1564	3.86221	1.14074
4.17822	0.798195	1.91343	0.610626
3.65184	1.76409	3.35919	0.685305
3.45781	3.00048	1.04304	0.257784
1.40126	2.03295	2.3832	1.01499
3.92941	2.15809	2.15145	1.73338
3.61651	3.28104	3.24769	1.65953
1.49033	2.79898	1.77714	0.0562572
1.75946	1.45332	2.85511	0.503665
1.41748	3.95708	2.75703	0.0872571
1.59961	1.77641	2.12249	0.0656741
3.93509	2.18422	1.3485	0.312154
3.28981	2.80347	3.00128	1.38979
4.17925	0.954313	2.744	1.66509
3.42905	1.79992	3.06971	1.92928
3.93497	4.16261	4.24545	0.281483
1.27436	2.85083	2.13732	0.594372
2.57494	3.95569	1.99582	1.56753
1.60268	3.27905	3.53628	0.35772
1.2657	4.0583	1.95473	1.76887
2.77829	4.09222	2.78208	1.13539
0.990839	1.20116	2.14878	1.65292
2.2422	1.00079	3.47804	0.578171
0.926179	3.59215	2.25796	0.244069
2.06719	3.58195	2.25226	1.8258
3.37912	3.43295	3.2479	0.0152801
2.48089	2.54393	1.53195	1.25138
2.50673	2.63653	2.52443	0.12667
2.57743	1.2528	2.93694	1.14597
1.66257	1.00051	2.10996	1.30959
1.04838	1.32347	3.99789	0.196032
4.00519	2.05838	1.50284	0.699079
1.48364	2.98242	1.74336	1.93646
2.19023	4.03837	4.14898	1.77288
2.4522	1.42007	2.56933	1.92791
3.18975	0.855262	0.867675	0.407499
1.27487	3.08585	3.43282	0.684145
3.24161	1.26966	4.01796	1.56681
1.90022	3.98658	3.92505	0.682265
1.84413	1.11195	3.11081	1.02112
3.31321	3.98463	2.46733	0.280101
3.879	2.30892	0.955219	0.769149
2.91729	2.5945	2.04343	0.601652
2.74515	2.09121	2.51854	1.34514
0.877384	1.62735	0.807912	1.44747
2.36366	0.942983	2.55648	1.64843
3.91949	2.19168	1.37803	0.533412
2.42455	3.6479	3.48482	0.461556
3.48392	1.69384	1.98281	1.44268
3.30023	2.09404	1.25989	0.655452
3.88074	2.39704	3.01017	0.9936
3.66612	1.32749	1.39126	1.72882
2.16635	1.44422	2.83513	1.74386
1.46462	1.23462	3.12281	0.29556
2.53358	3.17076	2.40041	1.94776
3.3702	1.50834	1.52937	1.05329
2.32648	2.76225	1.71863	0.317014
4.03791	2.02019	2.39048	1.81748
3.52503	1.27139	2.13911	1.27723
1.61333	2.85442	2.51866	1.32471
3.67207	1.27982	2.81204	1.9089
1.33778	1.53187	1.17017	1.3406
1.23776	2.50987	2.9794	1.61888
3.24664	3.71034	2.23476	0.31254
2.10779	2.75181	1.9746	0.79427
3.89606	3.55369	1.89029	1.49264
3.81432	3.26742	2.08109	0.327419
1.77841	3.78651	3.65871	0.0904908
