-0.00106711	-0.000210506	0.00430203	1e+08
-2750.53	853.946	-2288.95	1
-1094.36	-1509.48	1109.05	1
2194.49	-3572.25	2959.58	1
-14488.1	6067.69	-34595	1
977.903	-96.9172	-3270.62	1
-2714.26	-885.064	-1417.13	1
1189.4	-355.005	1605.25	1
1250.64	1764.58	-1479.57	1
1917.96	553.375	2068.18	1
883.734	-1127.11	636.482	1
-215.582	-5652.88	-1877.66	1
10287.4	-6937.59	-1224.95	1
35.4822	-2613.32	1146.88	1
-3661.15	-360.843	-3641.67	1
788.445	-3094.09	1712.37	1
710.962	-1482.84	-2019.18	1
1351.39	-1411.33	-81.6558	1
1987.72	1477.95	-783.794	1
-1342.58	519.875	1499.45	1
1320.39	116.362	1201.9	1
651.432	-1171.43	-1001.1	1
-3525.08	2343.9	-399.406	1
3944.31	-8225.66	-396.204	1
-1076.58	-202.875	2957.25	1
205.201	-1420.94	-1417.57	1
-2834.09	2766.8	-3059.61	1
-5072.49	5288.92	-6807.64	1
1921.67	344.585	-2186.6	1
-2593.84	1336.8	2135.51	1
-3069.58	1167.67	-1456.62	1
-2937.78	-570.486	-1012.39	1
-1564.06	263.55	-1848.77	1
1426.25	-4420.24	-2586.96	1
-2503.12	106.644	1730.84	1
-949.624	-886.089	743.116	1
-4151.48	-1537	741.336	1
-1667.14	3051.98	-3986.81	1
3767.68	1036.43	5359.55	1
4062.08	2908.94	-733.759	1
425.009	1681.68	-2070.61	1
1861.38	1753.95	21.3698	1
-568.888	-1058.72	-950.059	1
-3850.2	2438.38	-5213.84	1
2103.56	3296.85	4288.25	1
-757.3	2290.91	3115.75	1
-1190.1	1920	-1504.47	1
1211.16	-883.665	1534.13	1
-1331.6	1323.8	-63.7931	1
1846.99	1482.76	-1698.73	1
-1092.44	-735.159	-2194.71	1
-838.237	-1561.18	2443.45	1
1595.6	-88.3196	1843.27	1
2285.28	1569.3	204.989	1
-3387.95	-777.034	-2708.65	1
784.448	599.095	-875.376	1
958.215	-1263.77	1213.79	1
-834.36	747.444	-621.058	1
673.44	780.786	-666.195	1
-672.334	2288.68	2412.13	1
542.833	-2070.03	-1602.26	1
21819.5	-8127.47	-12300	1
411.092	-1624.34	3470.46	1
-685.644	-5726.21	4355.52	1
-1527.38	-238.841	-1171.73	1
-1183.03	-615.409	2217.88	1
-895.47	-1204.21	-1537.16	1
-850.17	-753.977	-1091.97	1
-598.244	-989.751	-1186.61	1
-2407.62	39.5519	4848.01	1
-857.747	-1010.93	1099.45	1
-3468.59	5837.62	-2999.93	1
3656.37	-2708.16	2472.1	1
866.105	1358.54	2154.05	1
-2536.77	5267.98	-2881.05	1
-57.7178	-2545.92	1187.78	1
-393.36	-1870.68	3299.3	1
230.954	-749.476	-3598.53	1
643.298	2144.86	-4556.92	1
345.276	2619.18	817.526	1
-894.739	-3027.64	2417.7	1
-24007.9	2332.68	2471.47	1
1885.72	-2050.5	3069.11	1
-824.444	3107.23	582.121	1
-5759.74	-5111.8	-4045.09	1
2355.54	4859.14	-1681.04	1
-3117.56	-5656.85	4207.79	1
-992.269	1228.94	-1737.08	1
-3540.69	-2934.61	4651.79	1
-226.216	2875.43	1670.09	1
-1432.34	-706.429	1541.94	1
4006.06	1426.3	-790.338	1
-3078.79	-5501.38	6976.7	1
-3622.38	2779.76	2237.76	1
529.401	-826.509	847.089	1
-2219.11	1142.26	2113.42	1
197.756	-1428.26	-1304.6	1
-1581.18	-1188.4	2261.63	1
-3272.6	2046.28	-4831.31	1
-942.525	-885.557	-769.923	1
3047.76	-3019.02	-493.909	1
675.428	-1349.22	-1364.92	1
-5125.64	25.4424	-1044.37	1
1578.26	1058.07	-1706.19	1
134.053	640.85	-6153.95	1
55.053	2859.77	4373.95	1
-1397.37	-1726.44	2738.49	1
-1777.47	130.631	-5829	1
-1536.46	2204.76	1904.94	1
7.81075	2005.57	1915.66	1
922.606	1158.19	-2855.25	1
-1936.58	-578.838	-1596.86	1
-5265.77	64.9766	2731.61	1
7596.43	-11417.8	-7827.2	1
838.412	1212.86	1486.49	1
3494.27	-1311.69	1215.41	1
1367.32	1088.88	2640.3	1
614.016	-3671.09	-706.093	1
3115.58	-2108.76	-3477.41	1
70.401	1919	-2144.69	1
-2963.29	-417.727	6889.28	1
-1087.45	1394.22	-6233.23	1
2306.2	5583.04	3799.28	1
-1025.56	-619.971	-2167.94	1
689.937	-1695.69	1552.24	1
352.963	1956.82	-1120.79	1
-1519.01	1142.21	2133.21	1
-1157.03	-699.552	1427.04	1
257.886	-2464.94	-1053.48	1
2168.63	195.818	-2739.19	1
1562.88	1541.18	450.701	1
2370.64	-1878.94	-3696.36	1
704.689	858.13	854.472	1
799.364	-5309.65	-3631.09	1
707.525	4691.7	-1104.12	1
-29252.2	-11122.5	-35356.8	1
1104.81	1565.92	-3110.18	1
420.781	5933.42	-1971.86	1
-5252.27	-24260.1	-19623.5	1
918.344	-1137.17	1482.32	1
1005.83	-1062.4	828.283	1
178.54	2683.04	-3193.83	1
1688.61	1152.86	-3053.78	1
2068.61	-4182.51	-2113.72	1
1691.15	884.579	-1014.88	1
-1423.7	-3798.78	2168.29	1
2744.82	2971	-1106.25	1
2208.65	-988.151	-1597.42	1
-2945.57	4021.81	1326.24	1
3814.21	1365.45	5565.96	1
1787.98	-514.023	5403.39	1
-331.234	2902.42	716.219	1
2526.12	4171.7	-5089.59	1
7701.08	-4811.14	-1681.84	1
-1878.85	-832.81	-1387.16	1
-5085.76	4833.89	-3750.13	1
1711.4	-114.184	-1191.44	1
-13936.7	-16789.5	-2178.5	1
3557.7	4939.16	-7842.25	1
-1915.55	-1128.22	2202.51	1
1197.25	1118.65	-476.022	1
4022.41	-1531.77	-2579.18	1
-145.529	1070.34	1060.5	1
3619.25	4430.75	-2887.2	1
-2117.43	1888.16	939.496	1
-1478.54	-3348.74	-1354.53	1
951.02	-1960.46	1597.51	1
2433.51	-24.559	-2334.82	1
-857.134	-1972.22	1507.27	1
972.532	-1899.97	-3401.54	1
-294.993	-1487.28	-2691.76	1
1569.64	-2508.86	-302.562	1
-3966.23	51.1821	-481.052	1
-1414.41	-965.141	-1011.82	1
-487.901	-811.65	-2557.3	1
-1526.03	614.323	-1310.54	1
-2350.89	-3632.75	-6837.85	1
-2045.08	-2189.79	1761.39	1
-1851.15	522.043	5906.54	1
-1039.43	-1284.24	-1312.16	1
-12203.3	6495.79	-8311.54	1
-12846.3	-19303	-5111.59	1
1300.51	-292.236	1727.22	1
-2600.68	-234.956	-4305.46	1
-196.655	5061.76	133.162	1
-47.2297	2060.5	-1434.59	1
13682.5	-16329.6	5679.51	1
3071	749.811	2182.09	1
456.684	2363.64	-1065.85	1
-1535.61	-6518.69	-1722.28	1
327.175	139.075	-3041.93	1
1343.18	1295.88	-428.467	1
-1106.56	3155.39	3187.41	1
-779.256	-2533.91	-1423.6	1
617.697	1021.59	-5829.54	1
-797.202	-790.596	-702.848	1
-6401.66	3990.18	-880.901	1
1428.77	114.196	-2288.27	1
115.373	-1310.63	-1593.55	1
3147.06	417.583	-2788.7	1
-1273.66	-1934.93	1158.78	1
-1143.55	-2026.07	735.03	1
36052.5	-22448.4	-20108.3	1
-2521.8	6377.88	454.939	1
1055.8	-1161.34	-3143.53	1
2015.53	-742.249	-2545.87	1
2254.87	730.646	1739.28	1
-7368.63	-4661.55	-8879.05	1
-775.772	3552.23	-490.163	1
-291.839	1180.68	2206.96	1
397.86	1250.77	-1079.47	1
-684.495	-1826.76	-2613.05	1
-2032.29	1533.51	243.996	1
268.733	-6461.19	-3042.24	1
-1516.52	1122.42	674.47	1
-1577.94	553.107	-1649.05	1
-4939.04	482.548	4527.69	1
-1026.87	868.307	-840.733	1
-781.817	-1387.69	-2694.19	1
1834.84	1264.42	1932.99	1
2368.39	-1005.69	2581.59	1
1063.9	776.414	-1273.64	1
1049.55	732.272	820.435	1
335.092	-1304.67	-3646.89	1
1421.73	-406.878	1529.64	1
42604.7	1431.08	25427.6	1
1071.45	1325.86	-2136.39	1
-282.388	1320.04	1985.82	1
758.293	-3492.42	-2819.08	1
321.5	-1114.77	1039.47	1
-453.267	5756.28	-3114.22	1
-1462.17	1261.62	-2849.46	1
-898.763	971.09	2755.7	1
-2227.13	-2533	-1659.38	1
-1243.91	-2763.68	1279.04	1
-2145.46	1717.08	-2628.9	1
1407.61	-412.461	2021.59	1
1515	1302.8	972.571	1
1421.35	-348.155	1726.52	1
-722.069	-825.777	822.95	1
-2738.91	199.356	1565.4	1
-1511.35	5752.17	-1469.21	1
120.336	-1605.75	-2168.17	1
-1371.94	-4254.59	-11866.2	1
3641.88	3125.8	-1770.6	1
-105.69	1338.13	-1194.64	1
3169.09	6117.37	-470.383	1
3375.54	6573.9	-6133.16	1
-5113.94	1996.52	8138.73	1
-2646.32	2176.43	3718.07	1
-3103.47	2896.09	-2197.9	1
1106.87	-789.556	-806.231	1
-4125.28	7308.82	-6876.38	1
-258.502	-3352.89	2406.66	1
1561.14	2733.05	-92.1042	1
-4418.11	-1262.73	-351.725	1
-1083.51	-1547.58	-798.297	1
938.975	842.797	2744.5	1
1109.03	1152.79	29.6877	1
1923.79	-1934.46	-2973.69	1
-74.5507	327.287	4243.29	1
1630.16	86.2541	-2233.47	1
1157.81	1053.8	646.958	1
-1530.26	-805.415	2947.81	1
-1119.2	-891.034	809.651	1
336.176	-3595.96	-3878.62	1
2223.5	-354.545	-1066.43	1
-727.69	-1261.66	1205.01	1
-743.141	-1153.39	1029.59	1
1724.81	1997.41	-2373.35	1
2142.26	-1305.22	1178.56	1
1117.9	-1497.77	-892.619	1
825.364	-984.561	-706.58	1
7450.28	-9048.99	2044.57	1
3487.1	-8187.48	9356.26	1
-417.26	1536.37	1738.62	1
1300.26	3869.17	-1703.91	1
1780.86	-1758.43	-380.844	1
5818.72	-3387.46	-581.292	1
852.922	-2014.5	-1219.02	1
1349.2	1648.46	-53.3223	1
2597.2	7439.13	1221.23	1
4176.56	2356.61	814.101	1
1444.32	-437.433	1091.57	1
227.733	2488.6	-1677.26	1
-1435.93	-927.489	-2060.14	1
-713.009	849.182	879.263	1
-133.189	1588.47	-2105.07	1
4089.24	1172.95	-1007.36	1
-7026.83	-10170.9	-2000.96	1
1739.91	-6007.3	-1447.27	1
-1623.61	1071.78	-1114.02	1
1140.9	1071.19	3650.47	1
-3386.79	1239.17	-2719.45	1
-1206.02	-970.166	-920.694	1
-9969.93	-6286.26	-750.356	1
-29567.5	-569.558	-18693.4	1
-733.753	2009.12	-1092.88	1
-549.8	1990.61	1963.36	1
1496.8	-1365.42	-1694.56	1
-2289.83	3074.77	-1622.23	1
711.938	1501.55	-1478.75	1
3117.1	158.474	1799.88	1
3572.45	2525.34	-1875.52	1
-2330.24	1449.66	-36.0489	1
-846.866	-1327.03	1088.38	1
9066.36	-2692.88	-6379.15	1
-2401.48	1718.11	-1119	1
-921.12	-2368	-2228.73	1
-1232.21	2126.02	-407.608	1
-1416.97	-3178.58	-3307.15	1
726.977	1426.4	-1280.68	1
2261.76	2218.46	968.997	1
5481.34	11672.4	-14196.9	1
1627.72	710.451	-1505.94	1
-611.418	2249.19	-1737.58	1
-7007.58	2840.56	3737.95	1
4085.21	8799.58	-3848.94	1
1567.89	-1458.16	246.212	1
-3885.18	-1781.92	401.005	1
521.006	3813.09	5062.58	1
5311.54	-1604.81	4159.04	1
3126.97	-2086	165.956	1
101.829	2215.41	-2585.37	1
1916.51	1081.22	1648.91	1
1234.73	-995.318	524.635	1
-3927.12	-1914.98	-2386.27	1
643.612	902.745	-911.568	1
-983.145	1383.4	-1291.28	1
1166.67	-1969.51	-143.933	1
-2514.92	511.725	-4920.95	1
-3154.46	-1703.81	761.693	1
1243.13	-1370.8	1400.42	1
-5384.5	5462.03	4738.15	1
-7290.36	9587.79	-31473.5	1
-14611.4	2687.68	-2768.91	1
1521.63	712.278	949.543	1
-4038.01	1167.37	5505.4	1
-2639.35	4842.01	2597.78	1
-2092.14	10727.4	22811.1	1
1080	974.642	-743.219	1
-1222.63	-1569.82	-68.5884	1
2372.85	3518.39	1548.24	1
710.214	-4118.44	-2131.46	1
-2052.96	815.634	2580.02	1
779.167	4207.52	-1065.17	1
-973.651	813.496	-768.365	1
2171.34	-1928.68	1190.68	1
48451.9	20580.6	-15021.9	1
-536.166	-1028.63	-1003.93	1
662.877	772.455	719.995	1
-775.621	-778.808	897.262	1
774.085	3027.16	2682.01	1
-1473.81	-650.061	2257.18	1
24130.8	57033.6	25103.5	1
-1715.32	-5652.2	-1066.77	1
2349.99	-2393.07	-1361.85	1
1292.22	-1394.34	74.8716	1
857.721	1052.85	-3199.85	1
-910.877	866.971	-876.021	1
-1069.13	877.348	-1199.5	1
-1054.94	1009.83	-789.763	1
-1116.4	-20.9792	1180.47	1
3755.88	2563.86	-1536.28	1
939.746	-981.442	1829.28	1
-1756.02	1183.44	-2945.1	1
7282.79	-1787.64	-5940.62	1
-2892.99	-784.137	-871.012	1
146.608	1073.28	-1083.35	1
478.599	-1494.1	1407.34	1
2170.54	-2775.92	1926.79	1
3550.75	-2597.73	1349.05	1
1304.36	-524.066	-1030.46	1
1065.91	-843.315	705.702	1
-573.368	1448.96	-1752.16	1
-1314.16	-2767.93	1676.35	1
-331.246	2393.24	-2280.96	1
1927.07	2692.74	329.168	1
-5619.82	-713.169	603.601	1
-1587.99	-1822.46	504.359	1
-1307.42	934.076	895.214	1
1470.91	813.527	-2428.3	1
-9456.22	9826.07	-8540.11	1
-7203.29	50201.8	-760.207	1
-933.002	2317	-721.368	1
-7633.64	-12376.1	-1285.47	1
-2351.91	1538.27	-1042.95	1
-3459.76	550.024	-4452.32	1
3755.24	2030.35	1927.7	1
-1310.49	3021.86	2437.2	1
1644.48	1251.75	284.798	1
3042.85	1213.18	-2938.11	1
788.642	1036.74	756.112	1
-12219.1	-1522.8	-1183.53	1
3619.17	3938.83	-597.105	1
-1481.06	-1283.58	986.857	1
3831.46	-11077.5	1070.9	1
1419.43	127.333	-1536.95	1
-2826.24	-1039.99	1733.94	1
4465.81	3475.4	807.457	1
3004.1	14211.6	-6229.48	1
-1298.24	-51.2833	-1629.37	1
-790.607	-743.063	-2493.68	1
-7025.12	2594.88	-365.285	1
3818.52	-2939.05	-5165.42	1
-5248.46	-485.832	-1214.69	1
1224	-1378.43	538.809	1
-359.614	2147.07	-1350.42	1
-169.032	-4045	693.44	1
-1696.25	2155.99	-1225.58	1
1106.36	-401.758	2035.9	1
-7349.24	620.79	-523.468	1
-1141.61	1464.49	1305.83	1
-1579.93	-2436.68	-325.88	1
1763.84	2131.46	2591.51	1
1295.9	1073.03	-628.795	1
-1923.14	4782.63	-2956.4	1
-1799.17	-1179.66	-906.603	1
-4718.46	4035.51	-3029.43	1
1172.92	1390.01	-964.796	1
-3751.8	1850.69	1235.82	1
-1147.79	1119.29	-1108.18	1
293.884	-1156.6	-1286.87	1
-445.661	-1622.77	-3165.67	1
778.925	1009.4	696.685	1
844.383	2057.18	1023.07	1
3040.88	-964.973	138.202	1
-4623.71	-1891.06	5050.2	1
5352.84	15252.8	-5997.68	1
3475.29	263.49	-1352.07	1
-1097.16	518.322	-1461.22	1
1197.72	1441.16	1758.65	1
1404.44	-299.267	1547.6	1
1381.13	1183.56	-890.282	1
-1641.09	816.322	-902.173	1
2605.95	-470.952	-2204.59	1
23184.9	-26026.8	13546.1	1
-1154.84	554.646	1373.92	1
2893.95	-2089.31	1271.33	1
-1312.7	-1864.35	-1808.19	1
1112.8	-2019.4	3720.4	1
815.21	-2978.95	1083.63	1
-23.4803	1417.91	-1311.26	1
-267.931	1485.14	1701.83	1
1308.9	3116.9	1413.82	1
1354.7	837.214	-1336.19	1
-3624.73	-1498.03	110.072	1
2847.25	-1154.49	-5908.41	1
5533.42	-10964.2	-2401.79	1
-8699.27	1921.98	4523.3	1
-260.585	-1525.99	1936.74	1
-706.177	968.952	1712.18	1
1083.43	-542.288	1077.2	1
-1574.91	683.482	1110.41	1
2376.12	-684.966	1121.51	1
4838.15	-8341.29	-1323.77	1
2708.61	-1586.26	3172.93	1
-785.41	1650.35	-878.317	1
-18658.9	53866.4	9511.22	1
912.989	805.005	-940.211	1
841.09	-3968.84	-5563.86	1
-162.116	632.604	-2957.93	1
-2122.6	3880.56	-13901.4	1
-483.383	554.999	2944.29	1
-7421.32	1632.63	-4402.32	1
1908.6	-1244.08	457.298	1
-190.735	1240.15	1299.02	1
-904.73	-962.877	1526.72	1
-4480.09	19315	7966.34	1
3081.07	554.567	-406.022	1
-1340.96	-1114.99	732.456	1
-7340.2	3377.19	-5069.42	1
-622.255	-1302.2	1234.24	1
127996	-22019.5	3663.65	1
357.3	1392.98	-2592.03	1
2166.75	1089.09	-1306.27	1
186.923	-2598.61	-2195.42	1
-1377.78	-22264.5	-15960.5	1
-219.213	1587.91	-2081.73	1
-1790.41	1148.81	603.624	1
-297.448	2809.85	2265.85	1
-2029.53	-2509.51	-784.196	1
42586.4	-51178.3	-34406.2	1
-83.7963	-1283.54	1146.5	1
2738.29	393.602	1042.75	1
-3120.92	-125.641	-747.034	1
-1064.72	-2360.95	125.252	1
-342.158	-18.7438	4950.68	1
1153.05	1391.02	662.591	1
1197.32	1275.6	54.7003	1
15484.6	-8260.01	-17459.2	1
-13090.9	18850.6	1840.62	1
973.801	-1009.29	1531.01	1
-1192.81	789.687	2053.68	1
-5572.14	2490.31	342.921	1
1046.16	500.042	-1462.53	1
-531.074	929.513	-1020.82	1
9242.3	-2693.87	211.148	1
6826.78	-8597.54	-1705.18	1
-3931.63	-8085.74	-1951.96	1
1066.66	957.247	1020.67	1
-4547.26	-4959.29	589.68	1
1043.66	-1675.87	852.056	1
4634.69	-4468.24	-1794.04	1
1232.83	-314.841	-2954.52	1
-3118.25	-2022.21	2376.53	1
-5484.54	998.756	3223.3	1
-1482.03	-917.32	-2111.3	1
1046.84	2295.89	-517.577	1
-4633.72	-2012.18	2000.55	1
4670.52	-9419.12	-208.534	1
-0.91154	1592.61	12070.2	1
-1846.26	-701.636	1117.63	1
636.43	-1068.97	-1059.7	1
-3712.15	2753.62	131.566	1
-889.55	1461.32	1047.24	1
1741.14	-1331.42	-484.693	1
4935.25	-5214.55	7911.77	1
1337.44	-2525.66	1122.9	1
-1112.05	-648.838	-1294.29	1
1477.31	2350.2	-1189.59	1
-2358.43	-992.826	3041.29	1
1693.83	-277.703	-1193.02	1
1592.78	-1838.27	-1682.58	1
1297.74	-551.309	1769.45	1
-1405.71	775.408	3612.4	1
-1470.9	163.66	-1948.61	1
701.92	-6052.78	-1323.7	1
-2052.69	2947.88	126.955	1
910.846	1054.23	624.362	1
2152.16	1073.58	828.206	1
-563.411	1128.49	-1033.48	1
-1342.61	1540.84	-38.2014	1
-3416.57	3253.86	2426.33	1
-234.23	464.8	-3356.79	1
-746.919	3839.99	1110.96	1
-707.447	-1691.22	-1366.42	1
-6106.41	5645.49	-9185.2	1
1346.35	1552.79	-1358.55	1
-1445.27	2160.42	-2575.99	1
-1292.97	763.364	1348.32	1
661.774	1152.69	883.185	1
1046.22	-1192.66	1004.83	1
-10185.6	-9534.31	4674.89	1
-1140.06	753.212	-854.492	1
-1031.93	-592.563	-1036.87	1
1709.93	638.603	-3916.47	1
1174.74	1606.24	848.661	1
-3149.77	2117.12	717.638	1
-1083.41	-2808.73	-952.849	1
52.836	-1674.21	-2114.53	1
-248.951	1418.47	-1305.92	1
-1292.54	2006.78	-2093.51	1
-2172.92	-2103.67	179.374	1
2153.65	-3362.02	-1522.2	1
2742.54	-2228.32	705.336	1
1086.9	1049.01	-955.824	1
-1243.01	521.779	-1046.09	1
1203.71	1660.68	1630.98	1
-808.127	-1554.5	1894.34	1
1091	1100.23	-2586.44	1
656.438	-980.4	-1175.1	1
2232.22	-618.965	2155.07	1
-1133.29	105.923	1155.39	1
521.103	-2391.03	-3411.09	1
1589.53	-1551.08	-515.12	1
-33.4563	-2200.96	-1100.59	1
349.613	-1166.18	1100.93	1
1815.57	2039.09	2276.69	1
223.941	-1263.65	1466.16	1
-705.532	6574.69	3621.17	1
1650.95	1802.35	10777	1
1015.41	-1766.69	-5404.83	1
-5285.49	-4553.05	10603.6	1
-297.164	1191.82	1184.34	1
157.837	1528.8	-1791.8	1
1381.54	-475.009	-1450	1
-664.807	-966.142	-798.619	1
-1522.11	949.324	1402.91	1
1196.3	-546.704	1315.44	1
1988.6	1480.36	1196.71	1
997.862	-5472.23	-7026.32	1
-1568.67	2862.21	1189.06	1
-348.963	-1470.94	-2908.77	1
-1206.1	583.958	-1609.83	1
-1159.24	-887.032	1220.32	1
-1427.73	-1751.77	-1065.85	1
-2781.23	-2608.04	-2644.12	1
-798.444	-595.506	-2564.88	1
-3499.1	-2398.25	-2095.17	1
-1117.93	-1047.18	-1278.03	1
3371.53	1838.13	-643.284	1
-1027.79	1479.03	-556.946	1
6465.61	-1108.12	1982.2	1
2951.53	758.556	-1797.73	1
2984.11	1511.27	-210.737	1
1735.9	2107.9	439.243	1
-1175.65	-993.43	1029.15	1
-4176.63	128.99	-7871.2	1
-6484.6	10573.9	1951.94	1
1489.06	2762.67	1638.41	1
3714.81	3032.19	-947.735	1
-1765.09	2581.48	-511.88	1
389.571	2099.75	3601.23	1
-5089.41	1411.88	-470.496	1
-2020.82	513.729	-6468.34	1
1458.16	-572.729	-1649.2	1
-1767.28	-1973.03	-10018.3	1
-1728.46	2821.21	2193.63	1
1142.78	-7081.44	-1131.88	1
-1519.02	1402.3	-697.421	1
1268.05	747.825	-1851.13	1
-689.808	1027.74	1152.8	1
9089.19	-3318.24	10400.8	1
789.165	4293.81	-12009.6	1
880.553	882.446	541.037	1
-1182.15	1237.06	-1225.68	1
-5156.55	-3889.8	1985.54	1
-4333.38	27256.7	-21157.8	1
-2423.03	-2920.02	824.843	1
4876.74	-6866.94	-753.516	1
893.814	-811.397	-641.039	1
-1146.87	-530.898	-1102.44	1
1302.99	1143.22	12.0499	1
1405.23	-416.746	-3496.93	1
1408.68	-218.81	-1390.19	1
1493.97	610.075	2712.97	1
1501.2	1328.3	-1063.93	1
-240.299	-2323.3	4454.5	1
1201.45	134.566	-1499.09	1
-225.138	-4386.88	-3598.07	1
1846.01	-1201.12	-692.236	1
-2669.13	-1768.23	792.647	1
-3300.77	-2610.03	511.141	1
447.965	1039.99	-1278.93	1
2415.43	3160.6	-610.118	1
1285.47	288.453	-1833.51	1
2138.14	-365.782	3115.08	1
962.459	876.773	-624.581	1
1782.2	1803.28	1267.25	1
1241.04	-680.032	1649.99	1
-1586.64	-909.143	-1406.32	1
-10178.1	-17536.4	-16386	1
-3242.05	394.573	945.061	1
3096.04	-8390.19	1135.52	1
564.87	2724.26	-675.849	1
-922.89	637.688	899.36	1
-3623.29	608.437	-755.404	1
3347.21	419.379	-1180.86	1
-2143.6	-677.462	-1821.95	1
2914.67	-2341.84	-64.42	1
2709.9	-1599.89	2400.22	1
1401.2	795.974	-1085.16	1
-1870.1	3631.3	2455.43	1
1301.34	-261.789	1193.77	1
30.7384	-1347.12	1162.06	1
1074.12	-1262.85	680.256	1
1550.34	-1783.05	-816.818	1
-706.49	-1309.27	1062.1	1
933.639	-3224.08	-2327.27	1
1179.3	-2091.25	-122.718	1
-1529.68	2052.72	1938.68	1
-2291.92	1287.81	245.404	1
-1648.3	-2068.92	-761.611	1
1185.47	-1274.15	785.021	1
3119.28	867.023	2533.51	1
3047.14	-236.946	3707.05	1
-5.88757	-1480.36	3449.34	1
1389.23	320.312	1971.81	1
915.576	-1553.81	-1839.54	1
839.228	841.3	-707.946	1
-429.266	-1491.5	2281.6	1
-2788.08	-2419.48	1898.49	1
3025.07	-744.103	3471.01	1
-1597.26	-722.03	1584.83	1
2129.91	-1964.85	-163.765	1
441.635	1270.96	1413.55	1
-2501.49	-4587.53	-10947.9	1
-1047.45	-2096.42	2641.88	1
-480.351	1085.04	-1248.49	1
-258.967	1297.11	1664.99	1
660.585	-2862.03	-4163.28	1
-38271.3	-12071.5	-159980	1
-1494.85	-1134.98	1728.79	1
1848.15	-484.511	-1165.86	1
2745.79	-1902.32	-1140.44	1
-1082.59	2524.39	-1577.43	1
-5323.07	-3965.14	3967.74	1
521.044	1817.08	3478.94	1
-372.614	-1898.64	1189.21	1
-8111.68	-6068.44	18045	1
-261.748	1203.8	1097	1
64255.2	-18310.3	-46029.9	1
-2205.33	714.176	912.279	1
1433.1	524.614	-1595	1
-3369.93	5.76078	-1388.36	1
-635.51	2910.94	-2476.27	1
1778.17	-3718.47	540.113	1
-3088.3	3464.53	-4817.95	1
-1245.45	-1934.88	-1043.56	1
-2596.31	26.1154	1205.87	1
1274.85	2536.09	1347.1	1
2756.14	-479.513	-5718.47	1
-2023.62	-75.5323	1736.34	1
6512.11	-2943.56	-285.354	1
1206.44	-184.149	1575.63	1
-1202.58	1480.72	1283.14	1
-707.256	448.782	3681.96	1
1450.25	1222.84	346.733	1
-1654.98	-2272.07	1173.89	1
14.8778	-2743.17	-2439	1
-938.157	1199.67	-1353.36	1
3963.86	83.9534	632.223	1
-1365.52	373.049	-1601.49	1
3135.1	-663.315	-543.081	1
-445.461	-2174.2	3493.74	1
-3181.23	-1417.92	12643.2	1
-1410.13	2313.42	-1271.39	1
-1254.38	1512.38	-1325.49	1
1432.56	-1877.42	-867.221	1
4800.22	77361.1	-25271.3	1
2270.76	3474.02	-1908.17	1
1697.82	1372.61	1930.72	1
-1741.33	4686.47	-748.455	1
-549.036	2235.41	2351.51	1
1502.73	-972.944	-1692.27	1
4972.81	5495.69	2284.29	1
-432.663	3146.78	-115.967	1
2343.53	-3370.25	-1674	1
1142.77	1413.67	-189.67	1
-1275.12	15.8583	-2111.16	1
1246.58	-1998.09	2283.92	1
-1074.26	-1092.3	167.544	1
4892.25	-1804.77	-892.718	1
-2006.36	2819.96	-2305.08	1
-4750.61	1691.03	567.417	1
-3422.5	-2378.93	-3284.61	1
2080.86	1575.94	-1495.3	1
-21179.9	-2161.47	-8125.71	1
12636.1	-8363.24	-4900.5	1
-1413.78	352.72	1568.4	1
-1613.33	-958.136	-1563.73	1
1481.36	-654.78	-1119.58	1
710.688	-5881.4	292.068	1
2596.08	-335.774	-1041.25	1
-1454.1	423.684	2459.78	1
1789.89	2078.34	-1462.34	1
-1109.32	441.254	-1158	1
-1018.31	-2505.41	68.1119	1
1454.88	1128.56	2464.87	1
-2962.04	2579.4	-30.2675	1
-1138.48	1210.06	798.927	1
-763.682	1170.2	-1293.9	1
-2682.94	-1759.65	-7198.95	1
3467.7	-762.233	1297.12	1
-2925.28	1577.21	-2825.08	1
-1473.45	-274.386	-1887.98	1
-3655.6	-648.489	11490.4	1
-620.479	3924.96	3392	1
3353.43	158.462	-498.726	1
2244.48	1163.73	-1717.29	1
-916.907	1970.31	-2408.97	1
-638.431	-815.58	-839.187	1
-8302.23	-1864.84	-1196.92	1
-823.706	-1754.42	4224.45	1
-4190.58	671.007	191.804	1
-904.664	1073.96	2185.81	1
-1787.44	-4913.57	-812.719	1
-2591.74	680.994	-1807.37	1
3136.73	614.12	2192	1
-13564	-4070.54	-3812.26	1
104.378	3561.83	-3148.74	1
824.416	2436.78	-1237.67	1
1547.95	-3034.24	1849.51	1
-1433.23	319.391	-1735.49	1
-2430.84	800.571	614.939	1
138.956	2911.2	-923.77	1
-4546.98	-31471.5	-647.153	1
1617.82	-162.891	-1545.72	1
-3338.35	-1740.91	1607.11	1
1632.34	432.651	-1611.73	1
-616.698	-1482.96	1561.63	1
659.151	2328.11	3061.09	1
1153.32	-195.068	1642.53	1
22943.1	28055.8	29743.7	1
3632.35	2394.33	-7673.6	1
-1166.79	-1830.65	-1292.12	1
25714.2	21550.2	17787.4	1
-1256.06	-0.200209	-1467.77	1
-4373.58	2102.48	-2261.97	1
1435.03	187.123	1773.47	1
834.168	690.505	-783.922	1
2327.41	-240.53	2023.78	1
3242.03	-2769.39	-3463.54	1
990.364	1690.74	1540.99	1
-15354.2	-338.098	-6058.06	1
2240.16	12187.2	1189.12	1
1581.27	-970.073	-2372.7	1
-13821.8	-5634.13	8460.33	1
-3633.69	3058.31	-6183.87	1
3253.18	-270.425	4992.81	1
7924.89	-2745.25	10430.9	1
1773.24	-1541.65	-3093.14	1
210.616	-3602.6	-319.129	1
2861.53	2583.49	-1625.99	1
567.635	-1859.13	1405.18	1
-3393.13	823.964	548.255	1
714.237	-1170.44	3753.88	1
4426.04	4921.61	-3869.43	1
-523.229	-1083.45	1132.81	1
1648.89	10927.2	-2288.41	1
-1422.12	-935.298	3478.21	1
-1123.28	-953.79	-653.289	1
-3347.4	1235.98	-2369.86	1
815.603	-542.41	-2946.55	1
774.018	-755.747	-677.203	1
1459.27	-1979.77	1002.81	1
-916.679	1225.61	-2913.25	1
-3061.53	-1898.67	3781.54	1
1592.02	2001.16	4534.98	1
1617.28	-6328.31	1704.72	1
-1175.64	55.1121	1189.41	1
1459.32	154.784	-1462.95	1
-2826.72	1735.67	1564.98	1
-811.458	-1481.35	-3763.88	1
-657.581	-2298.71	-4176.43	1
295.149	-2962.05	-1826.39	1
-1510.94	-175.611	2542.31	1
-2797.38	3734.54	-3095.03	1
-1312.94	-440.998	1426.86	1
863.729	900.374	-754.844	1
64.9879	2961.26	944.189	1
-72.2496	2407.69	-1844.34	1
198.076	-1477.36	1338.82	1
-4459.7	-696.2	-4431.1	1
-1266.49	3772.39	618.235	1
2349.14	-6973.08	22413.4	1
1777.48	1223.57	-2333.69	1
542.452	-1289.45	1005.55	1
-1157.18	-943.085	-584.615	1
889.852	-950.13	-609.4	1
-2030.24	154.064	-1605.67	1
524.925	-1113	-1015.73	1
1632.21	313.757	-1515.12	1
2314.71	2338.68	488.72	1
-2367.68	-1733.85	-128.638	1
941.277	1307.86	2553.73	1
-14917.5	-765.051	9755.79	1
-720.441	-6736.17	2626.92	1
-1832.55	-3725.19	2690.15	1
982.222	-3271.84	2213.71	1
2249.81	-2053.56	-1757.65	1
1099.5	1080.97	-504.925	1
-1001.94	792.95	777.042	1
-2698.82	1538.42	1508.27	1
967.64	1422.88	1926.12	1
-5947.7	-830.896	2276.79	1
-1251.82	897.138	-1227.54	1
3017.52	-3443.47	-2581.16	1
-16657.5	10660.4	1771.47	1
-1924.72	-1239.87	724.695	1
640.789	-1110.42	896.968	1
-834.632	874.422	656.584	1
-666.729	2052.16	950.705	1
-2040.37	-2607.74	-432.881	1
1521.2	1215.94	-967.808	1
1042.43	-1601.75	630.944	1
-778.652	-4978.73	-323.395	1
598.872	3767.11	2533.12	1
1977	-1773.87	-912.927	1
-3105.98	-7476.37	1079.28	1
-1129.95	-1253.63	120.479	1
1348.08	-1323.61	51.2491	1
6962.84	-2379.73	257.69	1
4600.56	14469.6	19204.2	1
3399.39	126.775	-225.445	1
-5888.81	-3319.38	-400.905	1
2499.86	1719.6	605.942	1
-8674	-11947.7	-4700.44	1
-2256.04	-1724.71	588.875	1
-1303.47	1526.3	6250.57	1
1737.61	488.215	1209.86	1
250.469	1041.63	4755.78	1
-2454.02	-590.424	-1158.25	1
195.976	1696.16	1551.74	1
-1778.13	2233.91	-548.268	1
1006.9	-2575.45	1544.72	1
-1175.75	-1608.1	47.6238	1
2189.04	-1145.71	3227.94	1
-1373.76	-84.2087	-1894.73	1
1581.32	2413.46	693.469	1
701.757	2863.31	-1852.63	1
-1281.22	-1590.66	5613.87	1
-3694.69	-1115.07	-5334.31	1
300.369	1624.97	-1170.53	1
-99.4344	-1374.85	-1968.28	1
1205.68	1059.25	-1139.22	1
414.521	1632.81	-1240.66	1
-3788.16	2103.26	215.64	1
740.152	571.606	-773.952	1
-1331.27	382.762	1136.09	1
1377.07	-2716	3020.74	1
2182.45	883.981	-1684.53	1
1099.36	2304.68	713.17	1
3276.98	413.988	992.389	1
-917.899	-1052.12	706.328	1
-1488.05	1671.66	596.444	1
-10090.7	1452.36	5219.08	1
-3702.16	7314.04	-7862.37	1
1944.43	644.323	-1382.39	1
1792.47	663.107	1348.65	1
1251.94	-728.692	-1572.2	1
1596.27	-3467.3	2390.24	1
1466	1710.6	775.898	1
-76.7498	3202.48	-2363.15	1
-1169.44	1393.11	-709.869	1
1027.74	-988.427	-731.173	1
3034.23	-5211.69	7595.91	1
-3203.74	2879.73	-1235.61	1
147.893	1147.58	-2673.31	1
4997.59	3200.33	4460.48	1
283.936	-82.7245	3136.7	1
633.792	-2194.03	-1955.83	1
-455.93	1246.78	-1094.82	1
-1330.93	-75.9979	1164.1	1
-1942.71	762.54	2895.26	1
179.612	317.47	3684.21	1
1512.55	-2704.65	-1443.29	1
-521.385	-1223.96	-3160.89	1
1468.39	1669.5	1246.15	1
5379.15	1143.34	-1476	1
175.092	-1756.17	1802.21	1
143.982	1172.11	-2486.89	1
441.782	-996.978	-1091.1	1
1470.36	-2342.75	-119.287	1
1188.67	-1111.81	-2416.37	1
1400.72	5501.36	1934.93	1
1757.28	1817.24	12266	1
693.47	959.838	-882.151	1
1097.52	763.08	1180.04	1
13989.3	10356.6	386.632	1
-1870.66	-1479.23	536.556	1
2436.26	994.57	-804.844	1
2753.52	-615.843	-592.838	1
1755.53	-1172.34	-174.22	1
-211.783	3020.22	2047.55	1
33307.9	-26528.6	55465.3	1
-707.872	1045.01	-805.341	1
1022.76	831.834	-1050.77	1
1362.19	657.282	1026.53	1
4130.01	-1010.04	-141.773	1
-12436.5	-4006.08	21843.4	1
-2928.68	-391.097	-1023.64	1
-4687.48	-2874.15	9251.48	1
1790.64	-481.81	2555.6	1
-1206.39	1776.01	1223.55	1
2156.42	-229.987	-1178.04	1
1904.17	3179.41	-7597.46	1
1300.59	133.992	-3070.96	1
3276.59	-14.2995	3559.93	1
2378.74	-1650.31	-5635.72	1
-1970.14	1668.65	843.115	1
930.658	1277.14	-1398.11	1
-2879.84	-1834.39	228.6	1
621.538	-888.721	855.351	1
1495.12	-1599.32	2317.12	1
83.9844	-5718.19	-4318.21	1
979.857	1260.87	1707.97	1
3364.67	-46.432	-462.021	1
-1114.77	-563.345	1029.46	1
1635.57	1996.24	-793.003	1
-807.445	-814.901	-548.496	1
728.005	1121.06	-1919.76	1
1530.81	2056.95	-1206.22	1
-3599.27	3969.52	-3722.27	1
-11635.1	-3153.38	3001.77	1
-1024.95	1199.64	815.131	1
-5119.13	12567.4	7479.09	1
-1274.67	1210.07	-3246.3	1
4618.62	2957.1	-2272.6	1
4753.69	0.988989	-5456.21	1
-2664.96	79.0137	-1421.1	1
-868.409	-982.713	-1469.96	1
-603.521	1176.98	1033.78	1
1809.76	-10337	5741.62	1
1472.67	214.307	-1895.45	1
-475.568	849.507	2448.68	1
-1522.28	-2048.21	916.867	1
5109.09	-938.767	-2837.84	1
903.872	-612.813	-1087.36	1
-1462.08	2803.16	41.8698	1
65.7501	1138.89	-1111.34	1
1795.5	-1727.25	-1780.44	1
2587.56	-176.361	-2509.51	1
1152.69	-2301.19	-178.37	1
-432.328	1138.64	-1546.79	1
-1962.06	-5986.9	4668.41	1
-2261.46	-1015.14	8197.3	1
-2005.44	-1132.27	-1361.59	1
-1559.75	-6860.44	-1077.09	1
-18728.9	-12141.2	-32861.2	1
1120.22	1234.16	-310.27	1
2140.64	1293.34	448.551	1
-1513	495.829	-1958.45	1
-1153.03	-1161.98	-3185.61	1
1172.32	799.364	1675.49	1
1353.64	-1509.02	-1199.42	1
1448.01	6904.55	21123.5	1
-1109.6	864.1	2465.14	1
117.746	-1861.2	-1643.62	1
3162.98	137.252	610.735	1
-24253.2	-6700.26	13754.5	1
7497.21	-2412.19	-4479.88	1
-988.167	566.901	2807.61	1
-576.342	2872.88	-1194.58	1
2.53244	1268.57	-2304.21	1
-905.21	1531.55	-5981.66	1
1057.23	-2656.4	1468.7	1
-10447.4	-6646.12	-7618.48	1
-1532.47	3007.94	-242.79	1
-239.189	1184.36	1447.4	1
-2276.33	-1116.77	-239.643	1
273.463	-1521.87	1131.2	1
3141.15	-1147.65	-245.217	1
