-1.37698	1.27835	5.60491	1000
-99.9134	55.1544	-42.5773	1
107.641	1018.33	795.079	1
82.4439	-276.034	381.796	1
-33.2399	10.748	-77.2574	1
45.9206	-17.2502	-48.7802	1
-682.294	151.232	-249.822	1
101.654	-13.6593	99.9258	1
135.805	-271.233	-148.709	1
-133.25	385.627	-538.587	1
36.6849	-82.9615	77.4045	1
8.7618	-76.7458	-11.0457	1
324.688	-256.336	-109.476	1
-2.87362	-35.5465	28.7977	1
-307.039	-208.564	-157.693	1
-19.5642	-23.6516	-14.0343	1
2082.82	518.923	314.513	1
-175.353	63.9145	175.262	1
21.4373	32.2009	-86.6243	1
-246.875	158.293	84.1141	1
106.481	-81.7051	180.853	1
46.1076	-314.276	-190.229	1
-34.4373	24.2277	15.4457	1
75.627	1295.05	-28.6908	1
-314.969	-75.2711	321.567	1
66.0943	287.41	-56.7859	1
-223.226	570.859	-141.492	1
-944.849	650.905	-2028.42	1
88.9027	251.1	-416.491	1
-95.576	62.3111	144.665	1
984.813	494.764	348.61	1
-265.236	19.4241	-123.71	1
-49.5079	-35.1848	-84.6416	1
15.7999	-50.156	-30.3529	1
-85.5161	-2.98909	63.3355	1
-27.5888	-53.0825	55.264	1
-384.079	-368.595	61.2571	1
2.66387	-45.8585	147.855	1
125.726	49.3394	279.051	1
0.48918	-21.7715	55.1444	1
-21.8455	89.109	-94.6705	1
100.333	95.858	8.84548	1
-165.171	80.6048	0.414906	1
-124.909	94.4952	-154.312	1
-45.4656	-79.2679	-152.487	1
-46.3832	156.413	143.246	1
12.0643	-13.2144	-51.6961	1
752.45	-127.595	-72.5397	1
-205.172	115.751	-388.725	1
146.738	85.0442	-261.619	1
-72.3281	-18.4331	-175.864	1
-323.465	-460.801	-17.6641	1
43.843	-68.5051	28.9392	1
87.6793	354.872	207.017	1
-132.072	-18.5654	-101.961	1
35.3384	68.4066	-17.7978	1
82.7884	-85.0518	60.0394	1
-255.399	41.3122	-361.521	1
149.98	-68.6284	-217.15	1
1311.85	-488.244	1151.79	1
41.817	-90.8096	-224.412	1
569.296	-433.93	-562.775	1
-264.007	-176.991	301.906	1
0.930586	77.7273	-52.082	1
-58.5176	-29.3798	-111.974	1
-149.862	-150.017	110.113	1
176.842	61.027	-70.6833	1
-84.1074	-68.0028	-51.527	1
-36.1179	9.66192	39.0515	1
1051.56	766.227	1160.65	1
-61.1824	-78.3384	33.3117	1
-98.1392	156.929	-160.368	1
52.5606	-44.3956	49.9541	1
49.0403	20.9148	-48.9147	1
-63.7918	103.404	-82.6487	1
139.019	-357.845	406.244	1
399.508	868.347	-123.315	1
9.93751	-42.536	-83.2815	1
9.31734	28.3823	-49.0285	1
8.40453	119.122	63.5488	1
-73.6412	484.12	352.107	1
-18.9297	0.983497	2.23016	1
-135.883	158.056	-101.821	1
-32.3333	85.0656	44.4059	1
-113.622	-134.641	-64.9141	1
115.043	153.61	-45.208	1
569.935	-133.452	194.747	1
-272.45	1194.88	766.559	1
1021.56	943.631	1266.05	1
-51.9132	-10.1548	123.695	1
93.5807	-67.814	-82.0892	1
-517.58	-464.516	-449.311	1
45.5739	90.8167	-121.622	1
-68.1131	79.1172	75.6737	1
-5.07337	-140.733	117.464	1
451.515	-140.743	249.79	1
151.362	284.598	-367.451	1
-803.981	-377.008	506.452	1
64.6898	-85.88	148.96	1
67.5895	79.8642	75.7119	1
21.102	-23.755	-0.460097	1
-139.584	229.968	161.525	1
37.2221	11.6855	9.23518	1
157.228	29.9635	-162.423	1
99.2984	96.7038	-447.369	1
807.127	-23.3975	-1580.93	1
-27.9218	-70.382	107.468	1
-206.895	-94.6814	-650.672	1
-4.33722	233.566	93.0035	1
-298.734	180.72	319.349	1
57.1654	-12.2453	271.319	1
590.458	-959.557	-949.901	1
-95.5113	-8.90981	81.3694	1
117.678	-145.526	-107.57	1
-116.653	95.8726	89.5422	1
-119.026	97.0576	525.607	1
480.859	623.916	235.955	1
-7.85123	89.0094	55.5442	1
56.2239	-57.1347	-59.9347	1
0.348541	93.2543	-118.851	1
546.973	-569.529	311.55	1
-36.4569	-2.40944	-166.862	1
-86.6294	63.3497	-169.848	1
-75.725	-51.4382	-65.9433	1
-13.5783	55.2526	-72.5199	1
6.84812	9.27974	-35.6163	1
721.195	-893.972	-456.735	1
269.961	-193.591	-407.405	1
14.3649	-89.0789	-105.585	1
-31.3665	-43.4515	102.186	1
-79.3786	-267.841	-212.451	1
216.224	-313.597	-263.885	1
43.7609	108.313	116.486	1
-298.311	-592.164	1014.86	1
43.5892	189.368	-77.3262	1
31.7209	6.19702	36.4669	1
374.796	-22.1498	440.17	1
-61.306	-333.541	211.007	1
-31.0955	-136.933	-105.927	1
328.66	13.3618	-87.2277	1
-88.1338	192.485	-7.47583	1
-76.8263	218.844	-67.2673	1
-205.916	73.1432	286.366	1
378.92	-279.582	-798.947	1
-21.3365	53.4412	-105.325	1
-2.21904	18.7744	4.06577	1
1428.96	-1051.69	-832.382	1
129.462	-62.3295	-203.584	1
-66.1924	86.8937	51.8843	1
25.6486	-13.2272	38.6506	1
-23.3302	65.2641	-152.669	1
109.041	-571.029	650.389	1
62.548	59.4988	-81.9359	1
-442.718	-28.1429	426.696	1
37.1059	36.6447	-34.4571	1
54.8862	-669.193	-1998.34	1
-51.4374	-23.9461	-17.9289	1
-204.421	-315.931	-130.429	1
109.975	127.95	-217.32	1
807.936	-326.484	-670.308	1
31.4717	45.4559	-69.7953	1
503.271	-84.5477	-1621.48	1
-75.4375	93.2895	79.7031	1
-2.45332	-0.275506	7.11192	1
142.446	-310.44	-324.943	1
2.99057	302.412	277.556	1
-22.841	114.113	-83.8964	1
-105.551	47.2312	95.6666	1
-246.792	-159.408	215.806	1
2.94581	-13.1318	-14.1178	1
-621.412	313.041	79.7484	1
-76.017	-13.4275	53.5426	1
-111.839	9.5452	-10.6084	1
-216.458	-132.58	-109.556	1
-74.2147	5.23662	192.869	1
42.7851	-3.04635	-176.638	1
-2.15141	-410.121	-386.357	1
-138.7	-263.519	370.47	1
-39.3001	-16.1661	177.826	1
-88.079	-16.4687	-259.521	1
-249.058	220.874	-267.449	1
206	382.325	88.1142	1
33.8594	-23.3909	56.845	1
-96.5861	791.587	484.067	1
-6.08168	113.895	9.91652	1
-47.6987	-136.864	-130.077	1
804.408	-1521.3	-176.7	1
27.3707	44.9398	334.201	1
34.6999	-21.978	-188.034	1
-7.11861	-204.513	121.431	1
294.742	48.5254	534.594	1
14.4549	0.279975	-61.5869	1
-2173.75	498.934	279.835	1
-58.0227	-111.396	-75.138	1
-1441.83	-430.554	453.009	1
-449.444	-477.353	-305.497	1
457.461	142.748	-97.3501	1
117.571	97.9129	-5.62512	1
410.038	-262.099	-73.5657	1
673.928	163.662	-795.81	1
-87.9406	-94.16	42.7373	1
-103.474	-80.0672	76.242	1
-284.485	104.877	138.828	1
80.2664	-169.807	-68.9889	1
190.619	-152.118	-242.928	1
-280.929	87.7127	136.462	1
137.156	-217.874	-215.141	1
-496.781	-251.294	-712.128	1
-504.72	530.04	489.042	1
-63.967	149.77	57.8415	1
152.549	-22.182	-312.941	1
-2.74684	-32.6609	-96.6038	1
-119.3	61.7145	7.78575	1
248.181	-484.959	100.509	1
-106.527	83.9425	53.7059	1
64.4524	-203.916	42.2991	1
-141.953	-76.9049	311.657	1
-17.1729	13.5672	-36.8785	1
-0.436667	-86.9647	-127.299	1
-4.73546	143.907	113.694	1
72.3943	6.2784	273.802	1
-21.8393	25.6652	49.3003	1
-244.897	37.0044	39.4244	1
-541.623	-1674.51	-728.038	1
-186.312	-29.964	-78.9052	1
110.477	2.55494	64.2258	1
56.5966	44.7342	-78.1036	1
-13.2059	34.7536	18.6169	1
-75.8813	178.171	186.637	1
-64.759	305.145	-714.272	1
-13.4425	244.024	-116.321	1
-46.017	41.8151	-8.40566	1
-161.662	35.2549	142.952	1
-149.717	-140.008	-49.1012	1
87.5968	-1101.26	180.33	1
-584.797	613.452	5.52467	1
78.7699	-302.922	-246.677	1
86.1134	122.7	43.8082	1
-0.986378	0.392589	4.93434	1
-192.199	-38.8321	120.989	1
-378.453	106.629	423.381	1
-1826.39	406.177	977.962	1
27.8139	-83.5627	-125.471	1
-43.7682	-56.9725	-147.025	1
1128.97	-50.2575	131.826	1
-61.0416	60.9031	-141.422	1
-31.4343	-366.608	136.704	1
42.5548	65.682	-67.5366	1
-148.396	-21.3803	317.232	1
-148.744	143.101	234.231	1
324.584	-153.724	13.6875	1
-119.967	-84.5775	6.15138	1
-502.729	203.141	-702.971	1
-17.3021	-52.3949	67.8326	1
13.2665	17.2161	1.60499	1
609.232	340.772	387.003	1
-53.4971	-43.375	-92.9176	1
43.7868	35.4354	55.5989	1
72.6582	63.8343	34.9926	1
534.744	-82.3242	-1316.82	1
-131.548	94.9029	-584.696	1
-41.1917	768.947	1004.74	1
-189.306	-37.1184	75.1193	1
-212.812	-298.19	627.726	1
-54.9481	-98.9157	124.112	1
44.3257	-129.523	-114.961	1
15.3087	1.03689	-116.019	1
-73.5444	-25.1033	38.5439	1
-268.982	144.626	-157.396	1
99.6562	80.2784	-85.2987	1
94.9468	-105.594	82.3256	1
194.618	290.154	-386.81	1
-81.2805	211.94	-371.613	1
79.8092	-102.601	8.36378	1
194.988	697.193	-860.436	1
-370.91	513.605	-347.57	1
39.8706	115.813	-46.9489	1
-36.0538	-10.7559	95.9826	1
466.412	-165.745	412.333	1
39.824	-59.1218	-74.349	1
90.7491	56.0881	-33.1795	1
214.833	264.424	143.249	1
-106.971	-155.718	-4.95414	1
-50.6361	-9.22767	37.7474	1
-179.194	-243.205	-287.081	1
-42.7632	-34.9339	-67.6078	1
-373.462	-119.516	55.6152	1
85.226	-95.8919	136.512	1
56.6579	58.9723	-4.2983	1
47.0334	77.927	26.9774	1
-200.403	84.1154	156.718	1
-71.5037	35.8563	20.1546	1
-371.419	832.124	502.502	1
-67.0366	33.4573	-30.3319	1
278.388	241.044	-86.9331	1
-136.144	-83.7293	-16.7982	1
806.704	-242.129	434.835	1
-5.8314	13.122	9.96565	1
-167.089	61.4421	232.42	1
-282.572	201.092	193.334	1
-544.368	194.952	-463.574	1
44.0387	-81.5172	-6.23956	1
54.093	52.2602	178.928	1
44.0833	57.4999	-3.88216	1
-199.994	620.263	513.54	1
14.9832	357.935	-153.093	1
176.665	-69.9699	-121.913	1
-185.787	384.024	-217.782	1
-37.3873	-90.0048	-83.7274	1
-47.7851	88.1467	94.0862	1
119.678	654.537	-269.892	1
-35.5703	18.4358	36.1782	1
225.637	941.42	-1079.46	1
-655.337	-1105.85	1779.31	1
-40.0999	-20.0067	-0.156135	1
24.3112	158.585	-212.763	1
-44.5926	6.96393	34.4063	1
-44.7812	-22.4878	29.2016	1
82.9814	-146.037	-126.424	1
-236.674	-127.51	-53.5318	1
-1.27202	-60.8595	-141.52	1
51.9935	-26.4222	57.1955	1
-0.600904	0.418428	5.95108	1
-520.958	374.68	647.671	1
73.8113	301.95	489.335	1
-51.3742	-61.8021	62.3158	1
-365.183	-510.495	-603.77	1
87.0231	6.87687	-8.03875	1
6.84024	-82.9913	146.135	1
-1.1624	204.907	-155.011	1
1.35631	28.4853	244.808	1
19.8114	36.4898	-46.5608	1
104.102	-166.215	148.948	1
-231.578	-414.309	1127.8	1
-1435.23	-1458.89	-821.079	1
-99.5689	18.9803	-25.3571	1
-299.518	27.2715	-27.392	1
360.074	-399.243	-112.855	1
-560.88	1281.95	1001.39	1
-30.2854	130.279	339.942	1
-12.1287	6.23319	-91.7953	1
-43.7565	-65.4187	44.5881	1
98.2125	322.236	433.105	1
-172.583	-228.933	223.422	1
57.345	239.351	837.874	1
272.778	470.689	-1551.41	1
-53.8999	42.2108	-79.6389	1
75.4526	-79.4554	70.0333	1
380.391	163.195	-158.199	1
-28.0277	0.107848	3.89006	1
-129.955	65.6903	-368.843	1
191.648	172.856	-224.273	1
-185.834	81.3961	422.302	1
-429.959	-363.444	-67.6532	1
-326.197	-892.955	827.063	1
-70.3352	162.771	-30.8028	1
-705.371	-1270.55	-247.946	1
103.43	-111.965	-39.6652	1
44.9382	34.4614	-43.4643	1
-48.4995	21.8002	-76.2162	1
-56.5246	157.935	-115.932	1
-60.5365	23.8004	-117.115	1
231.217	838.825	-64.0032	1
-0.369696	3.23153	4.11917	1
139.274	-96.8405	21.7325	1
-26.5313	59.6221	-71.4177	1
81.6294	-35.8631	-46.0118	1
-46.8406	7.93904	-40.5114	1
-96.0463	207.77	-374.514	1
72.7814	228.972	-294.59	1
-65.7094	-83.3352	253.662	1
78.8468	-69.439	68.408	1
-9.75889	4.78761	3.52588	1
-89.1637	-52.1847	34.2246	1
-34.9818	76.262	-87.0224	1
98.6039	39.9107	-91.0772	1
-4.43654	70.7976	-51.1213	1
184.593	-313.101	301.907	1
-725.169	-241.891	1224.53	1
-144.676	-128.279	74.6783	1
-73.4804	93.194	95.0632	1
228.052	134.329	-90.9227	1
-165.698	189.895	-209.725	1
-26.2424	145.65	-6.1441	1
-83.7847	89.612	-123.199	1
277.912	725.03	-440.194	1
514.152	17.0376	-401.517	1
226.753	8.41774	188.407	1
36.4199	25.322	32.5165	1
-191.397	122.712	284.559	1
-502.114	505.382	-324.153	1
88.9453	38.3121	-78.8815	1
59.0062	30.1824	31.3853	1
-1789.06	-304.499	-859.604	1
52.1399	41.5606	-16.5204	1
-26.0225	-350.823	446.241	1
-22.6314	567.295	-69.111	1
5.01507	-43.3195	62.405	1
-7.11854	55.6378	-72.2321	1
127.249	-22.1259	-24.1683	1
371.928	539.946	-240.346	1
100.684	286.733	-386.841	1
-425.512	-347.67	-533.691	1
495.824	-1155.11	1176.05	1
134.836	-135.383	-104.364	1
-415.043	207.856	58.2025	1
-15.6801	15.9833	-7.03359	1
57.68	-85.1215	-111.815	1
-35.6697	288.875	195.418	1
63.0492	97.6042	-227.939	1
111.121	-93.894	34.931	1
-255.511	-1234.81	1093.91	1
-15.4783	25.397	23.7586	1
-269.391	377.265	-361.601	1
21.96	17.4549	30.8298	1
77.8574	62.7272	-84.7555	1
-29.7267	-84.401	78.8322	1
17.6331	10.6545	-16.2205	1
-103.984	258.181	-471.327	1
45.5977	-30.3229	-75.5396	1
976.738	-38.3753	-213.131	1
3.54438	33.0174	-117.605	1
468.149	-972.289	-117.447	1
-30.6883	-88.7707	-86.0896	1
6.10715	12.7404	24.2798	1
-71.0139	96.1744	5.03597	1
742.139	-661.29	-570.583	1
338.256	-41.745	-114.005	1
-29.2082	-120.224	59.2853	1
505.747	133.199	-115.211	1
-64.4383	4.20796	-59.6095	1
353.043	44.7646	-12.8008	1
108.417	-65.4129	42.9008	1
9.76859	16.368	-153.806	1
31.3065	9.77526	-31.8401	1
61.0466	32.363	-77.7041	1
59.6854	-73.789	33.5496	1
-39.9856	-2.66781	64.0822	1
115.199	-126.073	139.353	1
-30.6235	-160.628	57.8659	1
-56.0067	68.8348	-65.8042	1
68.0116	45.9569	132.327	1
213.957	-73.4058	-530.478	1
-504.807	277.74	-2.69568	1
116.571	64.1861	151.374	1
88.446	130.472	-113.828	1
-168.662	-64.2509	112.842	1
319.242	-655.587	180.802	1
81.1661	-128.588	-19.3888	1
-57.9128	5.19011	35.6747	1
-70.7586	-118.866	89.3034	1
-6.5172	67.6128	12.3742	1
-310.469	-21.9392	67.6854	1
176.698	-13.199	446.57	1
66.9503	-32.8216	50.0948	1
68.1196	-206.117	60.4322	1
75.6955	-6.66086	235.882	1
-14.0039	-39.6515	-62.2182	1
-579.074	1402.2	-137.851	1
150.744	389.927	-95.159	1
37.1854	-132.431	-87.4555	1
-4.10578	29.4196	-103.253	1
1579.29	1295.02	530.377	1
-40.7865	25.6534	88.1328	1
-452.855	84.1828	-250.323	1
-12.6174	-569.679	-313.154	1
-94.683	-128.188	-70.6165	1
-14.7269	-18.3032	-94.8927	1
-247.646	647.788	210.548	1
-97.8053	-112.957	2.43426	1
32.2376	-85.1967	184.163	1
-76.4146	32.9119	-56.0242	1
-324.123	18.2528	51.9383	1
242.188	-42.0688	7.24435	1
-4.34065	83.0815	-62.6592	1
-141.242	-41.4906	-125.91	1
-1.87972	-98.9446	-119.841	1
-645.096	1224.85	548.147	1
18.5256	36.9752	-41.5756	1
25.6859	498.133	261.979	1
-10.2043	-50.3345	10.234	1
73.3729	46.5994	49.4053	1
98.8203	-119.743	-85.668	1
461.479	-44.2146	55.0315	1
131.81	12.7382	77.4016	1
-112.339	29.0456	18.421	1
-11.7373	-15.9054	-3.45242	1
-1.98832	-118.631	70.9989	1
44.7387	32.9242	26.4137	1
188.873	-75.3674	-247.471	1
79.4094	-50.6246	-96.6547	1
52.7301	-81.3727	-13.4569	1
-118.877	123.957	-169.033	1
-169.567	653.857	522.824	1
-203.555	51.1235	56.3721	1
229.917	118.254	-110.044	1
-126.172	108.861	-83.6927	1
-117.792	161.834	-42.0162	1
96.7004	-205.741	-4.46982	1
155.136	135.699	156.777	1
1985.46	360.919	-276.572	1
-94.8511	-146.117	63.4092	1
44.2422	-35.1334	29.6483	1
11.9898	-13.787	1.27583	1
-70.166	16.7527	146.04	1
-114.45	-83.1457	100.971	1
-36.6142	-4.82082	36.6588	1
-48.6331	-36.8349	-75.0585	1
-1.12995	-60.2784	-58.0816	1
-2.4407	0.984787	6.81342	1
64.2058	-94.5581	-8.17633	1
656.945	155.902	751.537	1
-72.452	-118.834	111.492	1
-57.1904	34.8982	30.0074	1
-76.1109	45.0561	9.88523	1
-118.414	54.7468	102.686	1
-274.652	-75.7052	-491.976	1
69.6073	-95.8838	135.832	1
-130.565	193.77	86.5824	1
-74.7995	-74.1654	-65.5367	1
130.028	-3.61298	-143.129	1
-61.4124	-66.2903	226.448	1
14.9625	25.5285	-152.836	1
258.391	-186.227	-226.175	1
197.041	43.8574	-173.943	1
-40.2014	27.7964	129.309	1
24.7459	-19.8596	20.3507	1
51.2681	158.007	81.6124	1
14.9165	15.1207	79.3361	1
56.1591	61.0776	92.8171	1
3.68236	9.40022	5.93259	1
-47.5417	42.5862	-96.2686	1
116.607	-128.293	-261.811	1
410.053	-347.865	-467.257	1
15.4647	147.357	-193.885	1
-365.273	251.678	273.768	1
22.7893	-127.961	105.695	1
-52.5121	58.2379	-79.8236	1
217.137	-96.9315	-203.82	1
57.3929	-115.024	18.0957	1
2.52423	-3.83268	-1.61792	1
232.883	-102.324	135.926	1
-38.2132	-338.141	64.4184	1
702.491	621.675	-851.58	1
4.34617	162.909	-106.247	1
93.2377	-306.929	258.913	1
215.46	114.7	-319.866	1
73.9362	33.756	12.0633	1
-176.52	110.9	85.5862	1
-49.1795	-84.2616	-29.8202	1
-81.1874	-316.069	41.7196	1
85.5426	73.7182	-233.677	1
-6.01582	20.183	-19.1374	1
216.806	361.478	-139.489	1
-865.703	305.916	48.784	1
-29.3667	55.0552	711.508	1
46.8987	39.1038	-51.3339	1
31.6116	-53.7437	-3.9409	1
129.569	-207.622	348.509	1
-144.039	-213.95	72.0103	1
74.3406	89.2356	-146.715	1
53.505	32.662	-6.54938	1
79.4199	77.6057	1239.32	1
177.303	-188.59	-544.878	1
-129.736	268.708	177.15	1
102.715	-91.8405	-96.4689	1
44.074	104.389	10.3046	1
-0.357246	-26.6854	25.3901	1
38.2068	44.7199	91.2563	1
98.0061	-108.117	-0.984536	1
255.724	-515.865	278.846	1
-1126.34	-174.982	818.057	1
310.799	-356.625	-317.774	1
475.92	1406.8	-586.341	1
-66.4262	12.6982	110.128	1
-6.04131	127.408	-151.037	1
44.7127	-16.5781	-43.6685	1
-113.593	-42.7749	-38.0896	1
188.078	-148.004	-136.533	1
44.165	-10.531	55.6756	1
-227.291	519.318	26.9796	1
3.50445	-12.0077	-8.73574	1
-77.819	104.713	177.971	1
-501.937	-239.453	-215.336	1
450.028	256.806	533.135	1
14.2172	-321.626	26.1634	1
-86.6792	-36.0219	-163.5	1
-3.24868	348.168	235.513	1
-43.357	-189.868	-135.473	1
-64.3995	-35.1746	-46.4161	1
-37.8962	-85.9531	-122.552	1
218.141	203.03	-35.3755	1
-4.38338	-21.1899	-43.9613	1
113.078	-47.8816	53.8463	1
252.61	199.51	-241.095	1
137.123	103.917	-5.41146	1
53.9131	46.174	23.6188	1
-21.446	59.5944	-22.5575	1
-108.805	-26.158	-204.587	1
343.582	-630.999	-176.805	1
-78.4218	47.771	-37.2217	1
312.123	181.651	-122.584	1
-124.27	232.173	-116.628	1
-80.3686	-1437.31	-1288.85	1
112.764	-58.963	-38.5189	1
-19.7766	2.79445	-52.914	1
236.762	50.8229	-214.637	1
72.5688	153.977	290.434	1
-47.0406	20.2332	-109.796	1
143.271	-456.851	-69.0719	1
-1.72995	3.00174	4.71344	1
276.317	-115.641	561.213	1
975.63	-1281.96	-220.711	1
107.497	-28.1128	146.911	1
-1403.71	779.747	-1477.73	1
9.26013	85.4626	75.0042	1
148.227	-390.186	-1.78752	1
-78.2613	-83.8679	61.2513	1
4.22287	-304.465	158.294	1
-75.5593	-57.0239	59.2993	1
71.3585	-404.842	61.6257	1
13.9177	-47.2804	-38.7276	1
-54.9746	-93.9773	-53.9683	1
11.1267	38.4168	-8.01849	1
482.111	654.717	54.7892	1
108.115	148.49	-259.509	1
24.2524	22.0619	34.1832	1
-87.8741	-77.0429	-105.57	1
-49.5815	-59.8957	164.999	1
56.0983	42.6312	-58.5512	1
63.9096	-156.791	-84.898	1
3.23563	-171.744	-55.3212	1
-117.43	-116.77	57.013	1
-235.315	18.656	242.166	1
109.515	191.26	-146.057	1
109.177	156.424	-43.0002	1
126.183	38.6811	-83.2767	1
270.035	-959.019	60.4526	1
41.0904	31.273	-123.418	1
47.8341	38.3279	26.4414	1
145.794	98.8962	30.7226	1
82.4811	14.7503	110.691	1
-135.014	-223.802	-206.644	1
-80.4055	24.6046	45.6684	1
-50.8666	289.231	-41.7649	1
-1.47899	0.930614	5.83822	1
644.743	146.336	-556.746	1
-235.968	23.7126	4.1944	1
-99.7111	-206.412	-327.918	1
99.7055	-131.847	-130.47	1
88.6035	-61.4585	51.4917	1
-9.60268	22.9947	249.448	1
-102.785	-42.0868	55.3419	1
-56.8366	93.0867	115.867	1
23.8751	-120.958	132.381	1
86.5411	-375.919	290.437	1
46.7521	-106.24	70.7878	1
28.7545	-46.7127	-1.48528	1
-56.1107	-117.767	248.253	1
-280.262	297.428	177.383	1
319.375	-194.574	-395.66	1
-359.939	76.6962	84.704	1
-158.108	316.261	-41.3154	1
-161.302	-480.334	-490.972	1
279.978	-180.451	-5.5434	1
-26.7839	2.23936	-132.447	1
8.86473	-6.10232	24.2136	1
-291.811	395.593	1253.08	1
88.5475	-44.7067	83.3089	1
18.8388	-71.2148	-78.1509	1
94.8033	61.09	-77.1376	1
96.8868	92.5723	110.045	1
-109.339	-62.3158	114.456	1
374.823	-153.708	5.4489	1
-114.39	-283.279	23.4221	1
-113.614	31.5081	-194.746	1
105.097	149.371	144.797	1
-4.81819	-54.0635	-273.32	1
-65.8029	-57.9156	131.191	1
-218.672	66.5531	-70.8311	1
-179.293	369.443	429.669	1
81.0341	-306.948	-259.924	1
260.399	87.4516	1446.66	1
-90.4638	-69.0563	102.774	1
17.4055	29.0152	-99.0782	1
126.196	-204.19	-64.7349	1
-59.0475	89.6304	-77.2657	1
495.304	-40.7914	27.4968	1
131.987	-146.624	14.4628	1
-46.2611	-118.482	101.846	1
-72.3479	-50.2483	137.616	1
-182.893	-46.0473	477.912	1
322.711	-102.489	-256.93	1
-171.273	-72.9116	152.178	1
-198.389	-207.434	-339.414	1
-127.097	-4.05239	-26.2137	1
684.363	-249.16	972.666	1
16.275	56.2232	756.351	1
-46.3165	-530.82	400.333	1
-68.0592	-85.3703	-167.771	1
-16.885	52.6244	352.127	1
61.6448	82.4214	92.3277	1
39.1148	-426.622	11.4435	1
-773.264	-40.0617	483.569	1
-104.721	7.19832	41.3244	1
99.8547	-29.3293	102.946	1
-271.111	326.014	94.656	1
-14.8996	10.3543	54.2546	1
9.39699	16.1756	1.18905	1
-100.111	-134.796	110.637	1
24.7176	-76.5521	-45.6116	1
-7.41305	-101.867	19.0883	1
-191.66	19.7461	98.7112	1
-216.689	-118.318	-322.176	1
1125.92	-298.512	-420.647	1
-35.3418	-87.8654	106.305	1
-1195.58	-151.467	1576.76	1
177.602	-792.857	-309.279	1
161.68	31.7782	-489.4	1
341.762	172.305	-23.9258	1
11.9914	420.017	-157.456	1
200.141	180.861	-71.0927	1
244.814	14.7535	101.543	1
-63.0997	176.522	-26.5169	1
-15.7439	61.6064	100.668	1
-201.403	655.019	-332.284	1
-34.3226	-102.606	0.626271	1
-52.7889	-276.661	26.9166	1
177.719	-290.719	-246.983	1
186.019	-183.574	-182.407	1
-83.3065	39.9621	-105.941	1
737.294	-632.521	250.351	1
-473.42	-30.229	426.494	1
129.835	-55.8996	-5.73088	1
-526.004	-331.026	692.711	1
-192.834	110.667	31.2505	1
-206.935	-139.006	-137.443	1
-69.3738	-206.456	-230.297	1
-1662.87	-406.224	-1271.9	1
246.527	-148.153	-102.09	1
-70.2729	50.9858	47.4916	1
1015.99	-8.48029	-1540.59	1
71.5724	-44.2114	-89.8162	1
-0.0862725	320.587	3.73536	1
71.341	-10.1118	-132.917	1
-85.4471	107.369	183.917	1
-287.376	-434.899	-210.637	1
-59.5144	72.9487	-79.5442	1
-536.924	56.8481	15.9837	1
-397.579	-551.651	-305.165	1
58.9488	29.8708	-121.896	1
-157.839	-312.307	307.92	1
-36.6936	36.9167	-47.2657	1
-58.3437	-91.1403	-191.245	1
118.36	-60.3965	119.64	1
-219.856	85.5243	-157.951	1
-77.4798	58.8201	-84.879	1
34.9787	0.7422	-148.867	1
-109.292	248.568	354.181	1
126.665	7.94139	-7.48465	1
-72.2957	148.606	-184.902	1
24.2341	-26.2539	0.154726	1
-199.443	-66.1981	-30.7083	1
-173.666	-61.8563	0.00942559	1
-8.77672	-40.896	77.5199	1
-14.3572	705.64	24.2255	1
-583.048	136.896	165.324	1
-5.41656	-136.375	-6.75228	1
-287.761	304.982	-261.041	1
-273.023	-182.375	36.1162	1
-158.091	-127.637	38.2323	1
-77.521	271.594	-187.689	1
-119.427	-187.255	-301.613	1
10.274	-57.3943	60.5753	1
-71.1267	27.6856	-147.001	1
-29.0568	4.77571	29.7475	1
6.55584	55.2794	-37.762	1
-53.2646	-266.199	-27.3361	1
137.872	-12.9398	-126.577	1
-89.0297	-364.549	986.127	1
24.7183	7.34637	-25.715	1
-351.672	-56.3557	-216.933	1
-92.4321	-249.133	-69.0924	1
111.406	-111.11	103.724	1
449.308	469.351	329.881	1
91.8895	46.4494	-179.423	1
-91.0507	-80.2715	-70.28	1
131.894	111.817	92.0684	1
-61.3582	27.316	-72.5242	1
33.4476	-49.3349	45.9432	1
-80.0667	12.8058	-119.44	1
-62.5352	520.477	107.119	1
-189.439	-124.64	103.772	1
56.8195	-40.5506	-66.8582	1
330.112	29.798	291.574	1
754.648	159.738	196.446	1
420.827	1781.89	-730.619	1
-81.8062	74.4961	63.0932	1
-23.6945	-9.69942	16.2305	1
80.1703	-137.863	270.297	1
-30.8028	-12.8124	-66.3772	1
1094.22	105.901	-1656.08	1
34.1526	-35.5903	-44.7482	1
75.3681	-351.488	47.7791	1
-212.103	-238.823	-89.8526	1
325.424	-116.776	139.53	1
-31.7472	10.2924	19.1249	1
-175.391	-179.373	255.746	1
298.385	168.335	-93.3486	1
-112.297	-15.1003	-15.0066	1
-10.1147	-376.795	97.5837	1
-72.9172	-2.92092	127.131	1
104.207	84.2751	-108.095	1
-69.5469	223.766	-226.479	1
91.7997	-11.7204	-120.596	1
57.5358	-242.285	-117.941	1
-1345.12	-689.412	1310.26	1
-35.285	31.5258	-26.8425	1
175.972	427.329	-1097.44	1
68.1293	224.818	418.956	1
34.0278	-109.971	39.2341	1
-24.974	-435.99	-131.332	1
62.6774	61.5182	-118.824	1
-90.6714	33.3887	125.726	1
18.5965	-2.1457	69.2343	1
376.884	-609.547	-555.167	1
-29.9645	26.8533	110.555	1
-175.988	-118.98	265.835	1
18.2951	-36.4448	32.5592	1
-36.0464	-151.696	28.8101	1
-478.564	-298.681	-461.624	1
-633.053	-83.3917	1381.29	1
59.0298	124.917	-433.452	1
402.067	1175.89	-15.7279	1
-439.319	-73.0219	-476.64	1
-124.028	192.868	326.629	1
-3.85501	7.32382	23.8546	1
303.365	65.5971	-280.888	1
-655.702	320.471	516.295	1
521.403	467.631	-567.31	1
39.5022	-55.5583	-48.7771	1
181.905	6.99967	-164.233	1
-39.3899	-448.455	-243.421	1
-174.874	-386.387	-569.126	1
-198.327	-1052.51	1595.77	1
530.258	55.8274	402.703	1
284.306	102.574	22.7218	1
-165.814	-16.7864	101.9	1
45.1779	0.692624	149.607	1
-125.021	-334.465	351.093	1
18.46	61.7033	2.51211	1
99.6554	-137.772	-59.5302	1
30.7393	58.3051	-72.4356	1
-56.2369	42.4731	64.3324	1
471.172	500.038	476.077	1
146.052	51.1381	-246.142	1
-25.7383	29.0028	-122.131	1
-135.939	350.704	-223.671	1
-301.696	259.181	57.2132	1
372.219	-326.602	-2.45583	1
-60.9396	-96.7935	23.8952	1
23.8705	-66.9157	76.2102	1
-19.858	5.22568	31.7468	1
211.555	-59.0936	-235.843	1
144.282	87.3606	-613.573	1
-67.7168	-42.8536	-122.73	1
83.5878	-61.958	92.1587	1
-14.1844	-109.488	-4.9843	1
15.4804	-35.6505	-70.3763	1
97.7438	-267.986	-211.627	1
-17.2629	-397.038	136.483	1
427.727	436.882	32.628	1
99.7592	-96.2834	-22.5131	1
51.3261	-40.9812	1.07329	1
31.2535	126.411	182.597	1
120.026	14.9198	2.08757	1
-212.06	-273.735	169.031	1
119.887	364.153	-5.44602	1
-97.2994	-141.245	-51.0505	1
-55.7174	-50.7418	25.5582	1
18.3649	-286.12	-307.437	1
239.293	366.383	316.82	1
-352.781	-169.931	-555.575	1
-259.527	-116.614	-159.267	1
-540.458	108.048	304.353	1
-32.2301	43.9103	-8.98254	1
9.45597	-17.8343	13.7387	1
-76.1055	-56.432	-50.8336	1
-503.746	673.044	-1194.83	1
19.2948	43.4309	18.0372	1
254.86	69.1313	48.5148	1
-1.45953	203.268	-127.279	1
-115.01	-148.023	696.938	1
-123.233	-48.0212	-159.828	1
25.15	35.23	-70.1617	1
43.9344	-146.743	-135.803	1
103.569	68.0198	-105.03	1
8.23994	16.4337	-38.1926	1
-90.6555	79.1619	1.82237	1
4.06853	22.7249	-3.45729	1
-11.7509	3.94262	18.9621	1
70.1726	-104.341	139.223	1
31.8814	36.1383	-42.7131	1
44.9176	33.9636	24.4674	1
557.786	-270.085	771.125	1
3.25809	79.5563	58.8795	1
-994.196	-1019.63	496.397	1
-569.755	175.354	464.905	1
-92.0601	103.533	-116.872	1
-26.614	91.8273	-125.274	1
176.211	384.021	248.801	1
103.866	2.81433	-90.3993	1
40.3085	-77.0564	96.26	1
95.24	82.0084	71.7622	1
-23.5076	87.142	-83.2953	1
-43.7631	48.206	-96.6363	1
36.7274	-59.8078	-43.0483	1
222.629	-297.232	359.131	1
-745.776	927.916	-791.14	1
2.39065	10.2555	-9.67321	1
80.1729	24.0663	84.1842	1
-101.468	179.712	-1018.79	1
87.495	-221.842	-564.123	1
70.5399	23.6014	51.5736	1
-138.086	78.1578	189.54	1
-36.9014	23.8151	68.5619	1
-626.533	181.261	491	1
731.666	276.112	9.0788	1
5.6513	-279.998	250.155	1
-284.59	-296.178	-1848.82	1
-228.508	1429.44	14.6437	1
27.0345	-78.6956	49.4448	1
14.7112	90.4621	-49.7114	1
425.766	525.789	-333.334	1
106.284	65.8592	-369.999	1
98.4455	37.4623	90.2349	1
24.1259	61.5376	43.1393	1
387.152	409.574	81.284	1
-61.0032	39.1537	105.564	1
103.278	86.352	54.6282	1
125.563	92.9705	-2.07085	1
80.2465	274.192	-142.148	1
28.2221	25.2912	-40.3463	1
26.2547	-8.51811	-8.14255	1
-45.9044	-217.181	-205.801	1
-19.4459	60.7522	118.331	1
42.7065	-34.9738	70.3926	1
-22.1015	-1.02805	-18.6429	1
65.1875	239.148	-38.846	1
51.9745	38.9259	43.8997	1
23.073	-23.5174	110.075	1
-122.229	-55.9786	192.487	1
69.3583	-321.979	28.7693	1
453.36	-1195.82	1580.54	1
5.47017	39.2348	-163.961	1
640.006	-500.236	-570.787	1
-152.778	45.177	-204.11	1
24.2156	71.5395	-226.687	1
58.1167	48.1153	-242.131	1
-825	-326.646	259.001	1
-4.99104	83.8107	133.959	1
-46.0132	40.3581	34.8575	1
132.134	76.4369	-130.828	1
-14.3429	-15.4514	17.2051	1
-193.393	-153.624	380.158	1
22.3215	-43.2549	41.2534	1
38.8058	-127.09	-42.6707	1
63.6237	34.7548	-150.813	1
126.165	11.8304	-20.3615	1
-52.0152	-71.7743	54.5177	1
42.8889	5.75487	-123.322	1
-278.527	-17.7707	-137.623	1
102.972	92.9923	-120.64	1
69.0498	7.14144	-79.8283	1
-70.5098	75.4457	-69.4355	1
1232.42	759.218	-1326.62	1
38.8839	-294.277	167.913	1
-103.841	385.055	164.367	1
-23.7288	23.6544	-19.9349	1
145.117	209.082	-11.3213	1
-141.21	236.438	-79.6452	1
-67.3334	-10.3692	-33.355	1
-413.283	52.0321	89.299	1
-253.421	-35.5291	119.308	1
36.956	-165.064	86.1394	1
-87.7817	517.359	206.77	1
49.1496	-27.806	91.833	1
-680.806	-748.147	1280.58	1
1288.65	-1121.45	-64.4119	1
22.2812	-692.162	-99.4326	1
-108.449	126.224	9.85237	1
-489.793	-615.374	353.485	1
-412.388	640.903	-51.743	1
223.535	-16.7394	-183.305	1
59.4611	-69.4312	-26.1836	1
-147.024	217.215	-136.479	1
719.338	759.832	-492.957	1
-28.2045	-20.9234	102.026	1
36.6398	-9.6225	-180.956	1
-6.52878	-65.3235	-15.7456	1
-105.029	-65.2812	-166.904	1
-1.47601	0.842936	4.07496	1
-64.3944	330.965	-87.5342	1
234.346	-758.599	373.693	1
129.961	-66.3255	98.9935	1
22.194	18.7956	13.9425	1
97.6041	-119.066	-116.344	1
-61.7563	-131.406	-421.165	1
-29.9571	24.8225	66.1332	1
20.1487	-48.5627	-84.7984	1
87.8442	4.54612	522.543	1
-389.837	-121.032	176.7	1
-448.425	-118.417	385.282	1
-27.7997	68.0331	-117.694	1
-98.9139	185.079	-241.079	1
283.597	347.172	88.6337	1
-15.9878	71.7295	2.07444	1
236.613	673.501	301.196	1
358.49	256.655	162.037	1
-517.684	-981.602	469.524	1
-7.83718	19.7922	17.4958	1
-140.324	-116.437	-48.9083	1
20.8083	-127.972	129.822	1
-523.013	215.36	295.401	1
