-0.00141695	-0.000279499	0.0057125	1e+08
-3652.53	1133.99	-3039.59	1
-1453.3	-2004.57	1472.81	1
2914.09	-4743.64	3930.07	1
-19238.3	8057.11	-45937.7	1
1298.6	-128.701	-4343.2	1
-3604.41	-1175.32	-1881.88	1
1579.52	-471.444	2131.76	1
1660.81	2343.31	-1964.83	1
2546.98	734.86	2746.46	1
1173.6	-1496.81	845.249	1
-286.273	-7506.49	-2493.36	1
13660.4	-9212.3	-1626.58	1
47.119	-3470.39	1523.01	1
-4861.69	-479.168	-4835.82	1
1047.01	-4108.77	2273.92	1
944.137	-1969.17	-2681.41	1
1794.65	-1874.24	-108.439	1
2639.63	1962.68	-1040.86	1
-1782.93	690.39	1991.25	1
1753.48	154.528	1596.12	1
865.104	-1555.66	-1329.47	1
-4681.04	3112.53	-530.382	1
5237.61	-10922.8	-526.115	1
-1429.64	-269.408	3927.08	1
272.506	-1887	-1882.53	1
-3763.43	3674.08	-4062.9	1
-6735.7	7023.09	-9039.76	1
2551.9	457.595	-2903.71	1
-3444.46	1775.19	2835.82	1
-4076.21	1550.6	-1934.31	1
-3901.23	-757.578	-1344.41	1
-2077.04	349.989	-2455.13	1
1893.93	-5869.68	-3435.26	1
-3324.04	141.619	2298.48	1
-1261.1	-1176.72	986.857	1
-5512.84	-2041.01	984.437	1
-2213.82	4052.76	-5294.13	1
5003.1	1376.27	7116.96	1
5394.09	3862.83	-974.369	1
564.398	2233.22	-2749.7	1
2471.87	2329.19	28.3785	1
-755.484	-1405.98	-1261.68	1
-5112.68	3237.92	-6923.44	1
2793.33	4377.91	5694.41	1
-1005.64	3042.17	4137.5	1
-1580.42	2549.7	-1997.89	1
1608.41	-1173.5	2037.31	1
-1768.36	1758.01	-84.7172	1
2452.73	1969.05	-2255.85	1
-1450.73	-976.272	-2914.52	1
-1113.14	-2073.17	3244.8	1
2118.93	-117.287	2447.82	1
3034.78	2083.98	272.218	1
-4498.93	-1031.84	-3596.88	1
1041.73	795.585	-1162.48	1
1272.51	-1678.29	1611.9	1
-1108.01	992.583	-824.747	1
894.299	1036.85	-884.678	1
-892.822	3039.24	3203.18	1
720.866	-2748.94	-2127.75	1
28973.6	-10792.3	-16332.8	1
545.904	-2157.01	4608.54	1
-910.465	-7603.82	5783.68	1
-2028.36	-317.18	-1556.05	1
-1571.03	-817.246	2945.28	1
-1189.17	-1599.17	-2041.33	1
-1129.03	-1001.28	-1450.14	1
-794.47	-1314.39	-1575.83	1
-3197.11	52.5215	6437.73	1
-1139.09	-1342.52	1460.07	1
-4605.93	7751.75	-3983.6	1
4855.35	-3596.2	3282.74	1
1150.16	1804.09	2860.51	1
-3368.58	6995.37	-3825.74	1
-76.6472	-3380.89	1577.33	1
-522.357	-2484.15	4381.25	1
306.693	-995.258	-4778.62	1
854.244	2848.19	-6051.2	1
458.515	3478.18	1085.65	1
-1188.15	-4020.5	3210.53	1
-31879.5	3097.5	3281.8	1
2504.11	-2722.92	4075.56	1
-1094.82	4126.25	773.027	1
-7648.31	-6787.91	-5371.44	1
3127.95	6452.49	-2232.26	1
-4139.79	-7511.71	5587.5	1
-1317.71	1632.01	-2306.81	1
-4701.69	-3896.87	6177.12	1
-300.403	3818.42	2217.79	1
-1902.13	-938.129	2047.68	1
5319.74	1894.01	-1049.51	1
-4088.28	-7305.22	9264.28	1
-4810.21	3691.29	2971.55	1
703.031	-1097.58	1124.91	1
-2946.86	1516.86	2806.52	1
262.62	-1896.73	-1732.5	1
-2099.73	-1578.15	3003.34	1
-4345.69	2717.27	-6415.52	1
-1251.67	-1176.02	-1022.46	1
4047.19	-4009.04	-655.875	1
896.965	-1791.76	-1812.6	1
-6806.4	33.7853	-1386.83	1
2095.88	1405.09	-2265.77	1
178.01	850.986	-8171.85	1
73.1056	3797.52	5808.22	1
-1855.63	-2292.61	3636.55	1
-2360.3	173.465	-7740.36	1
-2040.33	2927.81	2529.66	1
10.3724	2663.33	2543.92	1
1225.18	1538.02	-3791.62	1
-2571.72	-768.68	-2120.59	1
-6992.45	86.2828	3627.33	1
10087.1	-15161.4	-10393.6	1
1113.4	1610.67	1974.05	1
4640.16	-1741.84	1613.98	1
1815.73	1445.98	3506.19	1
815.374	-4874.97	-937.646	1
4137.22	-2800.26	-4617.71	1
93.4897	2548.36	-2848.07	1
-3934.94	-554.698	9148.24	1
-1444.03	1851.39	-8277.11	1
3062.4	7413.7	5045.06	1
-1361.92	-823.306	-2878.98	1
916.222	-2251.85	2061.34	1
468.729	2598.63	-1488.39	1
-2017.19	1516.81	2832.82	1
-1536.53	-929.003	1895.11	1
342.464	-3273.36	-1398.98	1
2879.82	260.035	-3637.48	1
2075.49	2046.66	598.524	1
3148.02	-2495.07	-4908.46	1
935.821	1139.59	1134.73	1
1061.48	-7050.69	-4821.73	1
939.534	6230.19	-1466.18	1
-38843.1	-14769.3	-46949.3	1
1467.11	2079.45	-4130.13	1
558.756	7879.01	-2618.44	1
-6974.34	-32214.3	-26057.5	1
1219.55	-1510.16	1968.51	1
1335.75	-1410.88	1099.96	1
237.088	3562.88	-4241.18	1
2242.37	1530.93	-4055.23	1
2746.93	-5554.01	-2806.84	1
2245.83	1174.71	-1347.75	1
-1890.55	-5044.48	2879.31	1
3644.92	3945.27	-1469.02	1
2933	-1312.23	-2121.3	1
-3911.46	5340.61	1761.13	1
5064.88	1813.18	7391.03	1
2374.27	-682.575	7175.21	1
-439.864	3854.29	951.108	1
3354.43	5539.59	-6758.46	1
10226.2	-6388.66	-2233.29	1
-2495.07	-1105.95	-1842.11	1
-6753.35	6418.89	-4979.77	1
2272.73	-151.635	-1582.22	1
-18506.2	-22294.4	-2892.77	1
4724.23	6558.64	-10413.6	1
-2543.76	-1498.23	2924.83	1
1589.96	1485.56	-632.158	1
5341.43	-2034.06	-3424.93	1
-193.263	1421.41	1408.35	1
4806	5883.6	-3833.92	1
-2811.86	2507.4	1247.61	1
-1963.4	-4446.91	-1798.72	1
1262.92	-2603.42	2121.44	1
3231.56	-32.6131	-3100.51	1
-1138.25	-2619.05	2001.62	1
1291.45	-2523.03	-4517.01	1
-391.737	-1975.04	-3574.54	1
2084.41	-3331.67	-401.79	1
-5266.88	67.9663	-638.803	1
-1878.33	-1281.7	-1343.69	1
-647.917	-1077.84	-3396.01	1
-2026.55	815.816	-1740.39	1
-3121.73	-4823.9	-9079.93	1
-2715.75	-2907.91	2339.03	1
-2458.15	693.224	7843.32	1
-1380.35	-1705.46	-1742.53	1
-16204.5	8625.62	-11036.7	1
-17058.2	-25631.9	-6787.55	1
1727.07	-388.087	2293.73	1
-3453.49	-312.001	-5717.29	1
-261.141	6721.59	176.828	1
-62.7199	2736.29	-1905.1	1
18168.6	-21683.6	7541.67	1
4078.09	995.699	2897.67	1
606.464	3138.84	-1415.41	1
-2039.14	-8656.17	-2287.02	1
434.473	184.685	-4039.55	1
1783.74	1720.93	-569.004	1
-1469.42	4190.11	4232.63	1
-1034.82	-3364.92	-1890.49	1
820.243	1356.58	-7741.09	1
-1058.67	-1049.9	-933.368	1
-8500.73	5298.54	-1169.74	1
1897.36	151.649	-3038.75	1
153.215	-1740.51	-2116.22	1
4179.07	554.52	-3703.18	1
-1691.39	-2569.53	1538.83	1
-1518.61	-2690.57	976.104	1
47873	-29808.5	-26701.2	1
-3348.69	8469.18	604.113	1
1402.04	-1542.2	-4174.42	1
2676.52	-985.667	-3380.78	1
2994.37	970.267	2309.7	1
-9784.66	-6189.99	-11790.3	1
-1030.18	4717.14	-650.906	1
-387.554	1567.91	2930.78	1
528.359	1661.03	-1433.55	1
-908.974	-2425.85	-3470	1
-2698.82	2036.46	324.021	1
356.85	-8579.79	-4039.79	1
-2013.94	1490.57	895.694	1
-2095.47	734.516	-2189.91	1
-6558.55	640.776	6012.32	1
-1363.68	1153.11	-1116.5	1
-1038.22	-1842.79	-3577.76	1
2436.6	1679.09	2566.93	1
3145.07	-1335.5	3428.19	1
1412.87	1031.08	-1691.39	1
1393.81	972.458	1089.54	1
444.98	-1732.52	-4842.83	1
1888.04	-540.33	2031.34	1
56573.6	1900.29	33764.6	1
1422.84	1760.69	-2837.06	1
-375.005	1752.99	2637.13	1
1006.95	-4637.66	-3743.52	1
426.953	-1480.42	1380.41	1
-601.894	7643.77	-4135.38	1
-1941.67	1675.35	-3783.93	1
-1193.52	1289.56	3659.44	1
-2957.48	-3363.67	-2203.55	1
-1651.85	-3670.02	1698.5	1
-2849.02	2280.17	-3491.01	1
1869.27	-547.738	2684.63	1
2011.9	1730.1	1291.56	1
1887.53	-462.345	2292.79	1
-958.899	-1096.62	1092.87	1
-3637.15	264.735	2078.78	1
-2006.93	7638.33	-1950.97	1
159.803	-2132.38	-2879.26	1
-1821.77	-5649.59	-15756.9	1
4836.1	4150.79	-2351.21	1
-140.356	1777.04	-1586.48	1
4208.23	8123.25	-624.621	1
4482.34	8729.4	-8144.15	1
-6790.74	2651.14	10807.3	1
-3514.09	2890.11	4937.28	1
-4121.15	3845.78	-2918.63	1
1469.92	-1048.53	-1070.68	1
-5477.9	9705.26	-9131.03	1
-343.272	-4452.41	3195.87	1
2073.12	3629.36	-122.31	1
-5866.9	-1676.8	-467.062	1
-1438.9	-2055.18	-1060.13	1
1246.92	1119.2	3644.57	1
1472.8	1530.91	39.4253	1
2554.66	-2568.82	-3948.85	1
-98.9979	434.613	5634.78	1
2164.8	114.542	-2965.97	1
1537.58	1399.45	859.163	1
-2032.1	-1069.55	3914.53	1
-1486.3	-1183.3	1075.22	1
446.412	-4775.12	-5150.46	1
2952.75	-470.827	-1416.19	1
-966.372	-1675.48	1600.25	1
-986.893	-1531.7	1367.3	1
2290.45	2652.44	-3151.67	1
2844.84	-1733.29	1565.08	1
1484.56	-1989.03	-1185.39	1
1096.08	-1307.49	-938.337	1
9893.09	-12016	2714.94	1
4630.45	-10872	12424	1
-554.113	2040.27	2308.85	1
1726.64	5137.96	-2262.66	1
2364.94	-2335.15	-505.751	1
7726.68	-4498.21	-771.897	1
1132.66	-2675.21	-1618.83	1
1791.73	2189.14	-70.8115	1
3448.81	9878.37	1621.66	1
5546.13	3129.39	1081.06	1
1918.05	-580.912	1449.6	1
302.42	3304.76	-2227.33	1
-1906.87	-1231.68	-2735.81	1
-946.87	1127.71	1167.65	1
-176.871	2109.45	-2795.47	1
5430.19	1557.59	-1337.7	1
-9330.79	-13505.8	-2657.04	1
2310.43	-7977.11	-1921.83	1
-2156.13	1423.3	-1479.41	1
1515.04	1422.47	4847.57	1
-4497.4	1645.52	-3611.21	1
-1601.59	-1288.38	-1222.68	1
-13238.9	-8347.41	-996.385	1
-39261.9	-756.3	-24822.5	1
-974.409	2668.07	-1451.32	1
-730.114	2643.45	2607.26	1
1987.7	-1813.23	-2250.32	1
-3040.72	4083.08	-2154.21	1
945.444	1994.04	-1963.76	1
4139.32	210.444	2390.14	1
4743.92	3353.44	-2490.53	1
-3094.47	1925.09	-47.8717	1
-1124.64	-1762.29	1445.37	1
12039.1	-3575.83	-8470.77	1
-3189.05	2281.56	-1485.97	1
-1223.2	-3144.57	-2959.63	1
-1636.34	2823.3	-541.294	1
-1881.62	-4220.9	-4391.62	1
965.42	1894.25	-1700.73	1
3003.5	2946	1286.78	1
7278.53	15499.5	-18851.7	1
2161.59	943.467	-1999.87	1
-811.938	2986.84	-2307.43	1
-9305.31	3771.96	4963.59	1
5424.7	11684.8	-5110.95	1
2082.14	-1936.42	326.966	1
-5159.23	-2366.25	532.505	1
691.845	5063.42	6722.6	1
7053.2	-2131.02	5522.78	1
4152.41	-2770.08	220.379	1
135.223	2941.94	-3433.22	1
2545.06	1435.83	2189.7	1
1639.73	-1321.79	696.717	1
-5214.88	-2542.93	-3168.76	1
854.713	1198.84	-1210.56	1
-1305.61	1837.14	-1714.8	1
1549.32	-2615.47	-191.14	1
-3339.58	679.524	-6534.57	1
-4188.92	-2262.56	1011.48	1
1650.85	-1820.39	1859.73	1
-7150.02	7252.96	6291.75	1
-9680.67	12731.4	-41792.8	1
-19402.2	3568.91	-3676.78	1
2020.72	945.903	1260.99	1
-5362.06	1550.16	7310.61	1
-3504.8	6429.73	3449.61	1
-2778.1	14244.7	30290.2	1
1434.24	1294.33	-986.997	1
-1623.64	-2084.72	-91.0851	1
3150.96	4672.15	2055.94	1
943.107	-5468.95	-2830.4	1
-2726.21	1083.12	3426.13	1
1034.68	5587.27	-1414.47	1
-1293.01	1080.32	-1020.39	1
2883.43	-2561.2	1581.16	1
64337.8	27328.4	-19947.2	1
-712.028	-1366.02	-1333.22	1
880.275	1025.79	956.125	1
-1030.02	-1034.25	1191.56	1
1027.93	4019.85	3561.51	1
-1957.17	-863.258	2997.45	1
32042.5	75733.3	33334.1	1
-2277.79	-7505.59	-1416.57	1
3120.65	-3177.86	-1808.45	1
1716.06	-1851.68	99.4294	1
1139.01	1398.12	-4249.22	1
-1209.64	1151.34	-1163.36	1
-1419.8	1165.12	-1592.94	1
-1400.96	1341.05	-1048.81	1
-1482.59	-27.8605	1567.67	1
4987.5	3404.6	-2040.05	1
1247.97	-1303.34	2429.26	1
-2331.89	1571.54	-3910.91	1
9670.72	-2373.78	-7888.47	1
-3841.76	-1041.3	-1156.66	1
194.696	1425.31	-1438.69	1
635.575	-1984.15	1868.94	1
2882.33	-3686.23	2558.64	1
4715.12	-3449.58	1791.43	1
1732.19	-695.961	-1368.45	1
1415.53	-1119.92	937.172	1
-761.422	1924.19	-2326.84	1
-1745.13	-3675.65	2226.09	1
-439.877	3178.1	-3029	1
2559.05	3575.81	437.117	1
-7462.6	-947.022	801.527	1
-2108.81	-2420.19	669.777	1
-1736.26	1240.45	1188.84	1
1953.31	1080.33	-3224.68	1
-12556.7	13047.8	-11340.2	1
-9565.04	66661.5	-1009.46	1
-1239	3076.91	-957.956	1
-10136.5	-16434	-1706.95	1
-3123.23	2042.76	-1384.99	1
-4594.24	730.382	-5912.27	1
4986.65	2696.14	2559.83	1
-1740.24	4012.82	3236.43	1
2183.85	1662.31	378.21	1
4040.67	1611.01	-3901.59	1
1047.32	1376.79	1004.12	1
-16225.6	-2022.1	-1571.58	1
4805.94	5230.41	-792.902	1
-1966.83	-1704.58	1310.53	1
5087.73	-14709.6	1422.03	1
1884.99	169.097	-2041.06	1
-3753.08	-1381.05	2302.57	1
5930.19	4615.01	1072.23	1
3989.08	18871.3	-8271.99	1
-1724.05	-68.1039	-2163.79	1
-1049.9	-986.762	-3311.53	1
-9328.62	3445.73	-485.061	1
5070.6	-3902.75	-6859.15	1
-6969.49	-645.141	-1613	1
1625.48	-1830.56	715.537	1
-477.558	2851.25	-1793.32	1
-224.462	-5371.47	920.839	1
-2252.54	2863.06	-1627.51	1
1469.23	-533.527	2703.63	1
-9759.03	824.345	-695.111	1
-1516.04	1944.82	1734.12	1
-2098.08	-3235.81	-432.756	1
2342.27	2830.44	3441.35	1
1720.95	1424.99	-835.041	1
-2553.75	6350.88	-3925.82	1
-2389.27	-1566.57	-1203.95	1
-6265.64	5358.75	-4022.77	1
1557.63	1845.93	-1281.24	1
-4982.1	2457.57	1641.07	1
-1524.26	1486.42	-1471.66	1
390.279	-1535.97	-1708.97	1
-591.811	-2154.94	-4203.82	1
1034.41	1340.47	925.194	1
1121.32	2731.89	1358.61	1
4038.14	-1281.44	183.525	1
-6139.81	-2511.13	6706.14	1
7107.91	20253.8	-7964.19	1
4614.96	349.898	-1795.46	1
-1457.02	688.331	-1940.5	1
1590.55	1913.81	2335.44	1
1865.08	-397.424	2055.2	1
1834.13	1571.76	-1182.29	1
-2179.36	1084.07	-1198.08	1
3460.55	-625.398	-2927.57	1
30786.5	-34560.2	17987.5	1
-1533.63	736.57	1824.56	1
3842.98	-2774.46	1688.24	1
-1743.22	-2475.78	-2401.21	1
1477.72	-2681.6	4940.41	1
1082.56	-3955.89	1439.01	1
-31.1817	1882.98	-1741.35	1
-355.808	1972.24	2260	1
1738.14	4139.06	1877.47	1
1799.03	1111.81	-1774.45	1
-4813.4	-1989.28	146.168	1
3780.86	-1533.05	-7845.79	1
7347.73	-14559.2	-3189.29	1
-11551.6	2552.17	6006.43	1
-346.05	-2026.48	2571.94	1
-937.797	1286.76	2273.77	1
1438.79	-720.16	1430.52	1
-2091.47	907.66	1474.62	1
3155.4	-909.612	1489.32	1
6424.51	-11076.3	-1757.82	1
3596.83	-2106.42	4213.4	1
-1043.02	2191.66	-1166.4	1
-24776.6	71527.5	12629.7	1
1212.45	1069.05	-1248.6	1
1116.88	-5270.22	-7388.24	1
-215.283	840.071	-3928	1
-2818.55	5152.91	-18459.3	1
-641.911	737.015	3909.89	1
-9854.7	2167.95	-5845.8	1
2534.59	-1652.11	607.284	1
-253.297	1646.92	1725.1	1
-1201.48	-1278.7	2027.48	1
-5948.99	25647.9	10578.3	1
4091.52	736.438	-539.177	1
-1780.79	-1480.71	972.701	1
-9746.95	4484.53	-6731.62	1
-826.355	-1729.32	1639.08	1
169962	-29239	4864.85	1
474.479	1849.82	-3442.1	1
2877.37	1446.28	-1734.68	1
248.223	-3450.81	-2915.4	1
-1829.51	-29564.4	-21193.5	1
-291.108	2108.69	-2764.47	1
-2377.64	1525.61	801.605	1
-394.992	3731.31	3008.91	1
-2695.1	-3332.49	-1041.37	1
56549.2	-67958.2	-45686.9	1
-111.282	-1704.54	1522.56	1
3636.33	522.688	1384.73	1
-4144.43	-166.845	-992.023	1
-1413.92	-3135.27	166.331	1
-454.356	-24.8902	6574.09	1
1531.25	1847.27	879.92	1
1590.05	1693.99	72.6422	1
20561.5	-10968.3	-23183.5	1
-17383	25031.2	2444.11	1
1293.2	-1340.33	2033.17	1
-1584.03	1048.68	2727.24	1
-7399.27	3306.89	455.366	1
1389.29	664.056	-1942.24	1
-705.265	1234.39	-1355.64	1
12272.7	-3577.16	280.381	1
9065.17	-11416.5	-2264.28	1
-5220.77	-10737	-2591.98	1
1416.53	1271.23	1355.46	1
-6038.3	-6585.45	783.035	1
1385.98	-2225.54	1131.52	1
6154.41	-5933.37	-2382.31	1
1637.13	-418.093	-3923.45	1
-4140.8	-2685.34	3155.85	1
-7282.93	1326.25	4280.22	1
-1968.09	-1218.17	-2803.73	1
1390.17	3048.88	-687.328	1
-6153.16	-2671.99	2656.55	1
6201.92	-12507.5	-276.91	1
-1.21042	2114.8	16027.9	1
-2451.8	-931.763	1484.2	1
845.182	-1419.6	-1407.28	1
-4929.45	3656.59	174.709	1
-1181.32	1940.63	1390.73	1
2312.21	-1768.1	-643.665	1
6553.44	-6924.33	10505.9	1
1776.06	-3353.97	1491.16	1
-1476.8	-861.657	-1718.82	1
1961.8	3120.96	-1579.72	1
-3131.84	-1318.4	4038.62	1
2249.39	-368.787	-1584.32	1
2115.14	-2441.15	-2234.4	1
1723.38	-732.131	2349.8	1
-1866.69	1029.69	4797.02	1
-1953.32	217.337	-2587.7	1
932.083	-8037.51	-1757.75	1
-2725.85	3914.61	168.589	1
1209.6	1400.01	829.153	1
2858.01	1425.69	1099.84	1
-748.212	1498.63	-1372.46	1
-1782.98	2046.23	-50.7312	1
-4536.91	4320.84	3221.96	1
-311.044	617.23	-4457.62	1
-991.856	5099.24	1475.27	1
-939.478	-2245.91	-1814.58	1
-8108.59	7496.55	-12196.9	1
1787.93	2062.07	-1804.12	1
-1919.22	2868.9	-3420.76	1
-1717.05	1013.74	1790.56	1
878.838	1530.78	1172.87	1
1389.38	-1583.85	1334.42	1
-13525.2	-12660.4	6207.68	1
-1514	1000.27	-1134.77	1
-1370.41	-786.925	-1376.96	1
2270.65	848.017	-5200.78	1
1560.04	2133.07	1127.01	1
-4182.68	2811.39	952.976	1
-1438.72	-3729.86	-1265.34	1
70.1645	-2223.3	-2808.03	1
-330.606	1883.72	-1734.26	1
-1716.43	2664.9	-2780.08	1
-2885.54	-2793.59	238.201	1
2859.89	-4464.52	-2021.37	1
3641.93	-2959.07	936.644	1
1443.4	1393.08	-1269.34	1
-1650.72	692.925	-1389.21	1
1598.49	2205.34	2165.9	1
-1073.17	-2064.33	2515.62	1
1448.81	1461.06	-3434.68	1
871.751	-1301.97	-1560.53	1
2964.28	-821.956	2861.83	1
-1505.02	140.666	1534.37	1
691.987	-3175.11	-4529.68	1
2110.87	-2059.81	-684.072	1
-44.4292	-2922.83	-1461.56	1
464.287	-1548.68	1462.03	1
2410.97	2707.79	3023.32	1
297.393	-1678.12	1947.05	1
-936.873	8730.5	4808.53	1
2192.27	2393.31	14310.5	1
1348.37	-2345.99	-7177.12	1
-7018.51	-6045.91	14080.3	1
-394.635	1582.74	1572.81	1
209.604	2030.22	-2379.48	1
1834.68	-630.809	-1925.59	1
-882.859	-1283.03	-1060.56	1
-2021.34	1260.69	1863.04	1
1588.69	-726.023	1746.91	1
2640.8	1965.86	1589.19	1
1325.05	-7266.52	-9330.17	1
-2083.11	3800.85	1579	1
-463.404	-1953.33	-3862.7	1
-1601.68	775.492	-2137.85	1
-1539.47	-1177.98	1620.58	1
-1895.98	-2326.31	-1415.42	1
-3693.25	-3463.27	-3511.18	1
-1060.31	-790.812	-3406.07	1
-4646.52	-3184.68	-2782.22	1
-1484.61	-1390.65	-1697.22	1
4477.16	2440.91	-854.239	1
-1364.91	1964.16	-739.624	1
8585.67	-1471.48	2632.16	1
3919.46	1007.32	-2387.28	1
3962.74	2006.89	-279.847	1
2305.21	2799.22	583.299	1
-1561.26	-1319.28	1366.71	1
-5546.1	171.285	-10452.1	1
-8610.78	14040.9	2591.94	1
1977.39	3668.66	2175.71	1
4932.96	4026.5	-1258.51	1
-2343.95	3428.07	-679.751	1
517.322	2788.31	4782.18	1
-6758.29	1874.86	-624.777	1
-2683.45	682.18	-8589.31	1
1936.41	-760.576	-2190.11	1
-2346.74	-2619.96	-13303.1	1
-2295.28	3746.38	2912.99	1
1517.49	-9403.42	-1503.02	1
-2017.24	1862.23	-926.167	1
1683.95	993.098	-2458.27	1
-916.067	1364.85	1530.92	1
12069.3	-4406.22	13811	1
1047.92	5701.68	-15947.4	1
1169.36	1171.88	718.49	1
-1569.88	1642.8	-1627.69	1
-6847.38	-5165.26	2636.59	1
-5754.17	36193.5	-28094.8	1
-3217.62	-3877.6	1095.34	1
6475.79	-9118.55	-1000.59	1
1186.97	-1077.52	-851.291	1
-1523.05	-705.034	-1464.04	1
1730.38	1518.2	16.0024	1
1866.06	-553.411	-4643.7	1
1870.72	-290.578	-1846.16	1
1983.93	810.151	3602.69	1
1993.57	1763.96	-1412.89	1
-319.096	-3085.15	5915.21	1
1595.52	178.703	-1990.79	1
-298.963	-5825.38	-4777.91	1
2451.47	-1595.07	-919.278	1
-3544.46	-2348.12	1052.59	1
-4383.18	-3465.93	678.757	1
594.899	1381.11	-1698.43	1
3207.53	4197.06	-810.194	1
1707.08	383.061	-2434.88	1
2839.31	-485.734	4136.63	1
1278.14	1164.35	-829.441	1
2366.69	2394.69	1682.87	1
1648.08	-903.075	2191.17	1
-2107.03	-1207.33	-1867.57	1
-13515.3	-23286.1	-21758.6	1
-4305.26	523.971	1254.99	1
4111.2	-11141.2	1507.84	1
750.125	3617.71	-897.502	1
-1225.59	846.846	1194.35	1
-4811.49	807.966	-1003.13	1
4444.89	556.91	-1568.12	1
-2846.61	-899.643	-2419.47	1
3870.5	-3109.82	-85.5456	1
3598.56	-2124.54	3187.32	1
1860.79	1057.05	-1441.09	1
-2483.33	4822.07	3260.61	1
1728.18	-347.656	1585.33	1
40.8207	-1788.98	1543.21	1
1426.43	-1677.06	903.381	1
2058.82	-2367.85	-1084.71	1
-938.219	-1738.72	1410.47	1
1239.81	-4281.35	-3090.44	1
1566.09	-2777.14	-162.967	1
-2031.34	2725.92	2574.47	1
-3043.6	1710.17	325.889	1
-2188.89	-2747.46	-1011.39	1
1574.31	-1692.07	1042.51	1
4142.18	1151.34	3364.32	1
4046.36	-314.645	4922.65	1
-7.81832	-1965.82	4580.5	1
1844.86	425.367	2618.52	1
1215.86	-2063.42	-2442.85	1
1114.49	1117.24	-940.144	1
-570.051	-1980.66	3029.89	1
-3702.37	-3212.89	2521.06	1
4017.05	-988.109	4609.22	1
-2121.13	-958.842	2104.63	1
2828.44	-2609.24	-217.473	1
586.49	1687.83	1877.19	1
-3321.68	-6091.7	-14537.6	1
-1390.95	-2783.93	3508.27	1
-637.907	1440.93	-1658	1
-343.905	1722.56	2211.09	1
877.2	-3800.52	-5528.47	1
-50819.2	-16029.3	-212433	1
-1985.12	-1507.22	2295.79	1
2454.32	-643.424	-1548.24	1
3646.25	-2526.18	-1514.44	1
-1437.63	3352.27	-2094.75	1
-7068.47	-5265.29	5268.74	1
691.91	2412.96	4619.8	1
-494.826	-2521.37	1579.26	1
-10771.3	-8058.12	23961.5	1
-347.602	1598.65	1456.82	1
85322.5	-24313.7	-61121.6	1
-2928.62	948.409	1211.48	1
1903.14	696.681	-2118.14	1
-4475.06	7.64996	-1843.66	1
-843.916	3865.54	-3288.32	1
2361.28	-4937.86	717.231	1
-4100.96	4600.55	-6397.76	1
-1653.92	-2569.47	-1385.82	1
-3447.8	34.6802	1601.35	1
1692.94	3367.81	1788.88	1
3659.89	-636.746	-7593.57	1
-2687.31	-100.305	2305.8	1
8647.42	-3908.75	-378.921	1
1602.14	-244.55	2092.43	1
-1597.01	1966.37	1703.99	1
-939.191	595.953	4889.41	1
1925.93	1623.93	460.46	1
-2197.74	-3017.2	1558.88	1
19.7568	-3642.76	-3238.84	1
-1245.87	1593.16	-1797.26	1
5263.74	111.484	839.548	1
-1813.4	495.406	-2126.76	1
4163.25	-880.849	-721.184	1
-591.54	-2887.18	4639.44	1
-4224.3	-1882.82	16788.6	1
-1872.6	3072.12	-1688.35	1
-1665.79	2008.42	-1760.22	1
1902.4	-2493.17	-1151.65	1
6374.07	102725	-33556.9	1
3015.39	4613.22	-2533.9	1
2254.64	1822.77	2563.92	1
-2312.34	6223.23	-993.885	1
-729.091	2968.5	3122.68	1
1995.59	-1292.05	-2247.3	1
6603.37	7297.69	3033.29	1
-574.556	4178.77	-153.999	1
3112.03	-4475.44	-2222.94	1
1517.6	1877.35	-251.882	1
-1693.33	21.0595	-2803.57	1
1655.4	-2653.36	3032.93	1
-1426.61	-1450.57	222.498	1
6496.48	-2396.58	-1185.45	1
-2664.31	3744.71	-3060.98	1
-6308.4	2245.54	753.481	1
-4544.78	-3159.01	-4361.67	1
2763.29	2092.78	-1985.69	1
-28124.3	-2870.16	-10789.9	1
16779.2	-11105.3	-6507.26	1
-1877.49	468.409	2082.82	1
-2142.47	-1272.38	-2076.6	1
1967.25	-869.545	-1486.8	1
943.727	-7809.95	387.838	1
3447.5	-445.895	-1382.74	1
-1930.99	562.636	3266.49	1
2376.89	2759.94	-1941.92	1
-1473.18	585.987	-1537.83	1
-1352.29	-3327.1	90.4503	1
1932.02	1498.68	3273.24	1
-3933.39	3425.27	-40.1932	1
-1511.9	1606.97	1060.98	1
-1014.17	1554.02	-1718.29	1
-3562.65	-2336.62	-9559.44	1
4604.88	-1012.2	1722.5	1
-3884.55	2094.41	-3751.49	1
-1956.71	-364.379	-2507.2	1
-4854.2	-861.117	15257.9	1
-823.942	5212	4504.27	1
4453.17	210.429	-662.281	1
2980.57	1545.38	-2280.48	1
-1217.61	2616.47	-3198.99	1
-847.824	-1083.07	-1114.42	1
-11024.5	-2476.3	-1589.38	1
-1093.82	-2329.73	5609.73	1
-5564.78	891.048	254.702	1
-1201.37	1426.19	2902.7	1
-2373.56	-6524.79	-1079.22	1
-3441.7	904.325	-2400.1	1
4165.37	815.511	2910.84	1
-18011.3	-5405.18	-5062.22	1
138.606	4729.82	-4181.27	1
1094.79	3235.95	-1643.58	1
2055.57	-4029.27	2456.03	1
-1903.31	424.146	-2304.7	1
-3228.08	1063.13	816.621	1
184.527	3865.94	-1226.72	1
-6037.81	-41790.2	-859.337	1
2148.44	-216.316	-2052.7	1
-4433.09	-2311.81	2134.13	1
2167.71	574.553	-2140.34	1
-818.967	-1969.35	2073.82	1
875.308	3091.57	4064.92	1
1531.6	-259.049	2181.28	1
30465.5	37254.5	39495.8	1
4823.37	3179.41	-10189.7	1
-1549.47	-2431.06	-1715.91	1
34145.1	28615.8	23619.3	1
-1668.04	-0.265877	-1949.19	1
-5807.73	2791.91	-3003.69	1
1905.7	248.496	2355.14	1
1107.76	916.977	-1041.03	1
3090.69	-319.413	2687.49	1
4305.13	-3677.5	-4599.26	1
1315.18	2245.26	2046.4	1
-20388.5	-448.952	-8044.35	1
2974.67	16183.2	1579.01	1
2099.86	-1288.22	-3150.85	1
-18353.7	-7481.44	11234.3	1
-4825.15	4061.11	-8211.53	1
4319.91	-359.098	6629.98	1
10523.3	-3645.36	13851	1
2354.74	-2047.21	-4107.49	1
279.685	-4784.03	-423.785	1
3799.9	3430.69	-2159.2	1
753.807	-2468.89	1866.05	1
-4505.88	1094.18	728.052	1
948.457	-1554.26	4984.9	1
5877.31	6535.38	-5138.2	1
-694.849	-1438.82	1504.37	1
2189.54	14510.1	-3038.74	1
-1888.48	-1242.01	4618.84	1
-1491.71	-1266.64	-867.57	1
-4445.1	1641.29	-3147	1
1083.08	-720.296	-3912.88	1
1027.87	-1003.61	-899.305	1
1937.86	-2629.07	1331.69	1
-1217.3	1627.55	-3868.64	1
-4065.44	-2521.26	5021.56	1
2114.06	2657.37	6022.06	1
2147.59	-8403.36	2263.7	1
-1561.25	73.1891	1579.54	1
1937.96	205.553	-1942.79	1
-3753.7	2304.87	2078.2	1
-1077.56	-1967.12	-4998.17	1
-873.213	-3052.5	-5545.95	1
391.941	-3933.43	-2425.34	1
-2006.47	-233.203	3376.08	1
-3714.66	4959.13	-4109.92	1
-1743.57	-585.643	1894.86	1
1147.03	1195.69	-1002.43	1
86.3009	3932.41	1253.84	1
-95.9443	3197.3	-2449.2	1
263.044	-1961.93	1777.94	1
-5922.04	-924.486	-5884.07	1
-1681.81	5009.47	820.973	1
3119.37	-9259.36	29762.1	1
2360.4	1624.84	-3099.03	1
720.378	-1712.4	1335.37	1
-1536.74	-1252.42	-776.371	1
1181.72	-1261.77	-809.28	1
-2696.1	204.593	-2132.29	1
697.102	-1478.06	-1348.89	1
2167.54	416.664	-2012.06	1
3073.81	3105.64	648.994	1
-3144.18	-2302.49	-170.825	1
1249.97	1736.78	3391.25	1
-19808.6	-1015.89	12954.5	1
-956.672	-8944.94	3488.27	1
-2433.47	-4946.74	3572.3	1
1304.32	-4344.77	2939.66	1
2987.62	-2727.01	-2334.05	1
1460.14	1435.53	-670.542	1
-1330.58	1053.04	1031.91	1
-3583.88	2042.93	2002.9	1
1285	1889.54	2557.83	1
-7897.97	-1103.35	3023.35	1
-1662.41	1191.4	-1630.16	1
4007	-4572.63	-3427.55	1
-22119	14155.6	2352.3	1
-2555.99	-1646.53	962.38	1
850.969	-1474.64	1191.18	1
-1108.38	1161.22	871.935	1
-885.403	2725.22	1262.52	1
-2709.51	-3462.94	-574.842	1
2020.14	1614.75	-1285.24	1
1384.34	-2127.12	837.891	1
-1033.98	-6611.33	-429.441	1
795.255	5002.42	3363.78	1
2625.38	-2355.63	-1212.33	1
-4124.4	-9927.81	1433.16	1
-1500.58	-1664.82	159.997	1
1790.25	-1757.75	68.0587	1
9245.92	-3160.03	342.186	1
6108.96	19213.7	25500.8	1
4514.21	168.351	-299.379	1
-7819.75	-4407.8	-532.362	1
3319.7	2283.55	804.663	1
-11518	-15865.1	-6241.61	1
-2995.93	-2290.34	782.003	1
-1730.88	2026.78	8300.14	1
2307.53	648.344	1606.68	1
332.602	1383.2	6315.28	1
-3258.85	-784.063	-1538.12	1
260.253	2252.47	2060.68	1
-2361.29	2966.55	-728.078	1
1337.12	-3420.07	2051.31	1
-1561.38	-2135.56	63.2442	1
2906.89	-1521.42	4286.48	1
-1824.32	-111.828	-2516.17	1
2099.92	3204.97	920.898	1
931.893	3802.32	-2460.18	1
-1701.34	-2112.25	7454.69	1
-4906.19	-1480.7	-7083.43	1
398.888	2157.95	-1554.46	1
-132.047	-1825.77	-2613.83	1
1601.14	1406.68	-1512.88	1
550.481	2168.35	-1647.59	1
-5030.39	2792.97	286.354	1
982.885	759.065	-1027.77	1
-1767.93	508.309	1508.72	1
1828.65	-3606.65	4011.32	1
2898.21	1173.89	-2236.99	1
1459.92	3060.55	947.068	1
4351.64	549.753	1317.84	1
-1218.97	-1397.22	938.005	1
-1976.11	2219.93	792.067	1
-13399.3	1928.56	6930.33	1
-4916.04	9712.19	-10440.3	1
2582.16	855.646	-1835.79	1
2380.36	880.594	1790.98	1
1662.56	-967.696	-2087.87	1
2119.72	-4604.3	3174.06	1
1946.82	2271.64	1030.38	1
-101.919	4252.68	-3138.1	1
-1553.01	1850.05	-942.705	1
1364.84	-1312.63	-971	1
4029.11	-6920.54	10086.5	1
-4254.31	3824.06	-1640.79	1
196.396	1523.93	-3550.05	1
6636.29	4249.71	5923.05	1
377.054	-109.854	4165.38	1
841.649	-2913.58	-2597.27	1
-605.476	1655.73	-1453.93	1
-1767.48	-100.925	1545.93	1
-2579.8	1012.61	3844.73	1
238.513	421.581	4892.41	1
2008.58	-3591.63	-1916.61	1
-692.37	-1625.35	-4197.48	1
1949.98	2217.06	1654.85	1
7143.02	1518.25	-1959.99	1
232.518	-2332.15	2393.29	1
191.204	1556.52	-3302.51	1
586.687	-1323.99	-1448.99	1
1952.59	-3111.09	-158.409	1
1578.51	-1476.43	-3208.84	1
1860.03	7305.29	2569.4	1
2333.45	2413.07	16287.8	1
920.927	1274.66	-1171.49	1
1457.51	1013.37	1567.1	1
18576	13752.3	513.4	1
-2484.2	-1964.39	712.534	1
3235.28	1320.75	-1068.8	1
3656.57	-817.815	-787.266	1
2331.33	-1556.86	-231.363	1
-281.234	4010.67	2719.01	1
44228.5	-35226.5	73650.8	1
-940.053	1387.78	-1069.49	1
1358.22	1104.68	-1395.43	1
1808.99	872.871	1363.23	1
5484.34	-1341.26	-188.264	1
-16514.1	-5319.57	29005.3	1
-3889.15	-519.358	-1359.34	1
-6224.43	-3816.54	12284.9	1
2377.89	-639.82	3393.72	1
-1602.06	2358.5	1624.84	1
2863.67	-305.417	-1564.4	1
2528.53	4221.91	-10088.6	1
1727.12	177.934	-4078.07	1
4351.04	-18.9886	4727.3	1
3158.73	-2191.45	-7483.69	1
-2616.27	2215.91	1119.63	1
1235.91	1696.04	-1856.68	1
-3824.26	-2435.97	303.568	1
825.396	-1180.21	1135.9	1
1985.44	-2123.82	3077.02	1
111.523	-7593.17	-5734.14	1
1301.23	1674.41	2268.16	1
4468.1	-61.6592	-613.538	1
-1480.42	-748.124	1367.13	1
2171.98	2650.95	-1053.08	1
-1072.26	-1082.16	-728.385	1
966.777	1488.75	-2549.4	1
2032.86	2731.55	-1601.82	1
-4779.48	5271.13	-4942.81	1
-15450	-4187.31	3985.99	1
-1361.14	1593.13	1082.5	1
-6797.58	16688	9931.31	1
-1692.68	1606.89	-4310.89	1
6133.09	3926.75	-3017.8	1
6312.41	1.31328	-7245.28	1
-3538.95	104.927	-1887.15	1
-1153.24	-1305.04	-1952.1	1
-801.478	1563.04	1372.86	1
2403.15	-13726.4	7624.2	1
1955.68	284.595	-2517.11	1
-631.54	1128.12	3251.78	1
-2021.53	-2719.96	1217.57	1
6784.39	-1246.59	-3768.39	1
1200.34	-813.817	-1444.02	1
-1941.57	3722.46	55.6011	1
87.3163	1512.45	-1475.87	1
2384.34	-2293.71	-2364.35	1
3436.12	-234.197	-3332.48	1
1530.74	-3055.91	-236.87	1
-574.13	1512.12	-2054.14	1
-2605.4	-7949.96	6199.15	1
-3002.96	-1347.99	10885.1	1
-2663.16	-1503.62	-1808.14	1
-2071.19	-9109.95	-1430.26	1
-24869.6	-16121.9	-43635.5	1
1487.66	1638.97	-412.039	1
2842.72	1717.53	595.664	1
-2009.22	658.448	-2600.77	1
-1531.16	-1543.03	-4230.3	1
1556.82	1061.55	2225.04	1
1797.61	-2003.96	-1592.8	1
1922.78	9168.38	28049.3	1
-1473.51	1147.49	3273.61	1
156.363	-2471.63	-2182.69	1
4200.28	182.264	811.026	1
-32205.2	-8897.1	18264.2	1
9955.47	-3203.13	-5948.78	1
-1312.24	752.82	3728.38	1
-765.354	3815.04	-1586.35	1
3.363	1684.63	-3059.93	1
-1202.03	2033.75	-7943.06	1
1403.95	-3527.56	1950.36	1
-13872.9	-8825.24	-10116.4	1
-2035.04	3994.38	-322.412	1
-317.643	1572.83	1922.15	1
-3022.91	-1483.04	-318.24	1
363.158	-2021.05	1502.24	1
4171.28	-1524.02	-325.635	1
