-2.09154	1.96257	8.62783	1000
-151.885	83.8581	-64.7437	1
164.902	1560.03	1218.01	1
125.236	-419.305	579.952	1
-49.9079	16.1446	-115.988	1
69.7549	-26.2071	-74.0925	1
-1040.16	230.563	-380.871	1
155.506	-20.8868	152.867	1
207.536	-414.486	-227.257	1
-203.38	588.599	-822.071	1
56.2782	-127.266	118.766	1
13.2558	-116.12	-16.7234	1
490.068	-386.9	-165.237	1
-4.36783	-53.8975	43.7192	1
-467.229	-317.377	-239.999	1
-29.5579	-35.7708	-21.1251	1
3180.94	792.538	480.334	1
-268.948	98.05	268.81	1
32.6923	49.1349	-132.212	1
-378.189	242.508	128.858	1
163.321	-125.309	277.39	1
70.868	-482.935	-292.329	1
-51.9466	36.5452	23.356	1
114.276	1956.94	-43.3576	1
-480.167	-114.742	490.207	1
101.253	440.304	-86.9826	1
-338.694	866.153	-214.693	1
-1427.73	983.571	-3065.09	1
135.697	383.275	-635.719	1
-145.602	94.9341	220.365	1
1498.64	752.906	530.47	1
-404.104	29.6036	-188.507	1
-75.6471	-53.79	-129.349	1
23.9094	-75.8652	-45.9565	1
-130.287	-4.54469	96.4808	1
-42.3435	-81.5007	84.8862	1
-583.774	-560.24	93.0899	1
4.03825	-69.5618	224.265	1
190.413	74.743	422.633	1
0.770328	-33.1019	83.8958	1
-33.3228	135.895	-144.379	1
153.206	146.377	13.5018	1
-254.089	124.033	0.640841	1
-189.184	143.133	-233.72	1
-69.0564	-120.392	-231.622	1
-70.5768	238.018	217.948	1
18.4128	-20.1609	-78.8378	1
1151.99	-195.335	-111.054	1
-314.305	177.334	-595.501	1
223.835	129.733	-399.095	1
-110.453	-28.1378	-268.577	1
-493.414	-702.903	-26.9602	1
67.0457	-104.78	44.253	1
133.829	541.665	315.972	1
-200.6	-28.1919	-154.88	1
54.3917	105.292	-27.3713	1
126.801	-130.248	91.9594	1
-393.433	63.6568	-556.96	1
231.078	-105.716	-334.547	1
1999.89	-744.316	1755.85	1
63.7885	-138.504	-342.331	1
856.826	-653.089	-847.01	1
-401.758	-269.335	459.404	1
1.39913	117.686	-78.8742	1
-89.6091	-44.9885	-171.493	1
-228.73	-228.963	168.052	1
272.624	94.0822	-108.982	1
-129.194	-104.447	-79.1554	1
-55.2529	14.8477	59.8279	1
1595.46	1162.56	1760.98	1
-93.8484	-120.147	51.0946	1
-148.558	237.55	-242.756	1
79.6816	-67.3138	75.7417	1
74.7492	31.8934	-74.6171	1
-96.6044	156.587	-125.168	1
212.192	-546.179	620.057	1
607.955	1321.42	-187.681	1
15.1121	-64.6422	-126.564	1
14.0907	42.9444	-74.155	1
12.8169	181.671	96.9037	1
-112.059	736.714	535.79	1
-27.0884	1.44393	3.49723	1
-206.763	240.513	-154.968	1
-49.2	129.435	67.5533	1
-171.777	-203.544	-98.1431	1
174.426	232.922	-68.5631	1
862.702	-201.993	294.777	1
-416.6	1827.11	1172.15	1
1548.13	1430.07	1918.64	1
-79.0246	-15.4713	188.258	1
143.15	-103.715	-125.573	1
-786.69	-706.032	-682.937	1
68.9246	137.376	-183.965	1
-103.31	120.008	114.759	1
-7.79609	-216.781	180.938	1
687.922	-214.425	380.545	1
233.21	438.452	-566.096	1
-1226.4	-575.08	772.523	1
98.0196	-130.125	225.699	1
105.099	124.125	117.574	1
31.6396	-35.707	-0.729088	1
-213.957	352.521	247.599	1
56.0007	17.6061	13.9174	1
240.124	45.7655	-248.061	1
150.481	146.567	-677.993	1
1225.33	-35.5152	-2400.07	1
-42.5246	-107.195	163.66	1
-313.371	-143.389	-985.517	1
-6.63734	357.364	142.305	1
-455.967	275.848	487.422	1
87.0436	-18.6398	413.088	1
900.694	-1463.69	-1448.98	1
-144.687	-13.4847	123.252	1
177.405	-219.386	-162.163	1
-178.346	146.594	136.907	1
-181.127	147.703	799.826	1
733.508	951.73	359.917	1
-11.987	135.951	84.8189	1
85.2336	-86.6184	-90.8867	1
0.530568	142.148	-181.174	1
827.949	-862.095	471.584	1
-55.2198	-3.63606	-252.709	1
-131.277	96.0134	-257.394	1
-115.527	-78.4652	-100.605	1
-20.7509	84.483	-110.86	1
10.3907	14.0489	-54.0275	1
1100.77	-1364.48	-697.135	1
413.561	-296.554	-624.111	1
21.9249	-135.909	-161.144	1
-47.7719	-66.1584	155.58	1
-121.454	-409.802	-325.054	1
328.457	-476.369	-400.866	1
67.4754	166.967	179.534	1
-452.083	-897.4	1537.95	1
66.2104	287.649	-117.474	1
47.3885	9.26469	54.5124	1
571.03	-33.7392	670.609	1
-92.9123	-505.459	319.755	1
-46.7666	-205.945	-159.313	1
503.178	20.4709	-133.544	1
-135.33	295.61	-11.4801	1
-116.837	332.826	-102.318	1
-313.536	111.376	436.009	1
575.252	-424.437	-1212.94	1
-32.6562	81.7432	-161.086	1
-3.25299	27.1804	6.11229	1
2171.93	-1598.48	-1265.18	1
197.481	-95.0645	-310.561	1
-100.393	131.783	78.6801	1
38.6293	-19.942	58.2408	1
-35.3991	99.0082	-231.61	1
166.234	-870.516	991.497	1
94.6333	90.034	-123.979	1
-669.369	-42.5417	645.14	1
56.9608	56.2592	-52.8556	1
83.0729	-1012.94	-3024.9	1
-78.496	-36.5078	-27.3116	1
-307.839	-475.763	-196.416	1
166.178	193.346	-328.39	1
1233.18	-498.31	-1023.12	1
48.2149	69.6772	-106.981	1
764.032	-128.349	-2461.64	1
-115.829	143.251	122.379	1
-3.95991	-0.547658	9.29171	1
217.556	-474.109	-496.275	1
4.55593	460.203	422.347	1
-34.9137	174.46	-128.261	1
-160.777	71.9505	145.696	1
-377.144	-243.596	329.789	1
4.30339	-19.3723	-20.698	1
-945.637	476.371	121.332	1
-117.118	-20.7042	82.5157	1
-169.899	14.511	-16.1338	1
-348.039	-213.307	-176.61	1
-113.193	7.99977	294.171	1
65.5076	-4.65504	-270.401	1
-3.26006	-620.436	-584.501	1
-211.319	-401.48	564.415	1
-59.5582	-24.4866	269.447	1
-134.927	-25.2121	-397.564	1
-375.492	332.999	-403.213	1
310.221	575.751	132.696	1
51.6954	-35.7187	86.8217	1
-146.55	1201.05	734.429	1
-9.23106	172.727	15.0235	1
-72.7918	-208.88	-198.523	1
1211.37	-2290.93	-266.092	1
41.6516	68.3897	508.545	1
52.961	-33.5424	-286.984	1
-10.7873	-309.725	183.903	1
449.063	73.9404	814.471	1
22.1111	0.413616	-94.3447	1
-3303.95	758.358	425.312	1
-88.4404	-169.775	-114.55	1
-2185.05	-652.478	686.505	1
-692.37	-735.369	-470.649	1
692.862	216.224	-147.461	1
179.42	149.439	-8.58021	1
627.769	-401.259	-112.622	1
1024.94	248.907	-1210.32	1
-134.275	-143.759	65.2504	1
-158.095	-122.321	116.498	1
-428.644	158.025	209.182	1
121.628	-257.302	-104.564	1
290.082	-231.485	-369.701	1
-428.531	133.807	208.148	1
209.606	-332.939	-328.776	1
-749.814	-379.293	-1074.84	1
-768.062	806.584	744.18	1
-97.7428	228.864	88.372	1
233.99	-34.0122	-479.997	1
-4.16556	-49.6823	-147.026	1
-182.043	94.1792	11.8687	1
375.888	-734.496	152.218	1
-163.06	128.503	82.2177	1
98.5581	-311.783	64.6837	1
-215.008	-116.467	472.021	1
-26.2093	20.7288	-56.3282	1
-0.655894	-132.392	-193.823	1
-7.23256	219.644	173.51	1
110.231	9.5654	416.881	1
-33.3918	39.1951	75.3399	1
-376.541	56.9114	60.6109	1
-823.715	-2546.66	-1107.25	1
-293.294	-47.1891	-124.45	1
165.927	3.83768	96.4656	1
86.2904	68.2056	-119.083	1
-20.055	52.725	28.2557	1
-115.329	270.808	283.653	1
-99.382	468.347	-1096.25	1
-20.3674	369.607	-176.192	1
-70.3619	63.9557	-12.8013	1
-246.593	53.7852	218.034	1
-227.818	-213.04	-74.7405	1
134.886	-1695.48	277.623	1
-889.375	932.971	8.38025	1
120.596	-463.762	-377.661	1
131.661	187.609	66.9744	1
-1.73047	0.964761	7.73661	1
-295.696	-59.7267	186.143	1
-577.293	162.664	645.818	1
-2767.84	615.558	1482.05	1
42.4522	-127.513	-191.49	1
-66.0566	-85.981	-221.874	1
1714.94	-76.3385	200.234	1
-93.5034	93.2941	-216.623	1
-47.6185	-555.243	207.035	1
64.2582	99.1803	-101.986	1
-224.243	-32.3042	479.363	1
-225.818	217.254	355.584	1
492.757	-233.371	20.7681	1
-184.534	-130.081	9.46473	1
-759.223	306.788	-1061.64	1
-26.2864	-79.5768	103.034	1
19.5859	25.4706	2.54051	1
925.455	517.652	587.857	1
-81.8699	-66.3471	-142.201	1
66.6688	53.9672	84.605	1
111.675	98.1131	53.763	1
813.266	-125.198	-2002.7	1
-200.061	144.337	-889.256	1
-62.8691	1173.67	1533.55	1
-290.694	-56.9877	115.352	1
-324.232	-454.306	956.364	1
-84.4581	-152.065	190.822	1
67.2437	-196.494	-174.425	1
23.3655	1.60215	-177.231	1
-112.827	-38.4729	59.13	1
-413.58	222.404	-242.027	1
151.719	122.217	-129.89	1
144.902	-161.143	125.635	1
297.96	444.238	-592.199	1
-125.118	326.317	-572.144	1
120.413	-154.806	12.6195	1
295.147	1055.36	-1302.45	1
-567.858	786.34	-532.122	1
60.5449	175.875	-71.3133	1
-55.2172	-16.4768	147.038	1
706.41	-251.022	624.502	1
60.7886	-90.2164	-113.497	1
138.879	85.8364	-50.7822	1
325	400.041	216.706	1
-162.568	-236.655	-7.54937	1
-77.4795	-14.0822	57.7267	1
-273.178	-370.756	-437.667	1
-65.2047	-53.2561	-103.116	1
-575.317	-184.111	85.6628	1
130.068	-146.342	208.331	1
85.9868	89.5391	-6.53649	1
71.2025	117.999	40.8299	1
-303.702	127.489	237.476	1
-110.981	55.7055	31.1977	1
-565.199	1266.3	764.654	1
-101.75	50.8019	-46.0508	1
427.271	369.968	-133.419	1
-205.454	-126.357	-25.3466	1
1213.45	-364.205	654.086	1
-9.25255	20.9245	15.3435	1
-257.868	94.8497	358.708	1
-431.29	306.942	295.083	1
-827.413	296.32	-704.63	1
67.3563	-124.694	-9.51946	1
82.3531	79.5754	272.403	1
66.7915	87.1476	-5.88353	1
-305.253	946.74	783.822	1
23.0044	549.365	-234.964	1
266.789	-105.664	-184.109	1
-283.059	585.098	-331.837	1
-56.8958	-136.991	-127.48	1
-73.2827	135.187	144.266	1
182.781	999.654	-412.192	1
-54.3181	28.1925	55.2647	1
343.978	1435.18	-1645.62	1
-987.435	-1666.27	2681	1
-60.9079	-30.375	-0.18328	1
37.0633	241.765	-324.373	1
-67.1441	10.4776	51.8305	1
-68.5885	-34.3834	44.7604	1
127.114	-223.693	-193.669	1
-361.02	-194.494	-81.6664	1
-1.94493	-93.2093	-216.768	1
78.6205	-39.9517	86.4986	1
-1.60015	1.76899	9.61493	1
-793.711	570.859	986.746	1
112.662	460.885	746.873	1
-78.9064	-94.8761	95.6877	1
-554.404	-775.009	-916.624	1
133.632	10.556	-12.3201	1
10.4755	-127.108	223.845	1
-1.7756	312.948	-236.736	1
2.05149	43.2002	371.187	1
30.0933	55.5036	-70.8146	1
159.377	-254.458	228.04	1
-350.139	-626.405	1705.17	1
-2158.86	-2194.46	-1235.07	1
-150.005	28.5944	-38.1984	1
-459.396	41.8419	-42.0141	1
545.359	-604.674	-170.945	1
-854.014	1951.97	1524.75	1
-45.5793	196.083	511.64	1
-18.6383	9.57344	-140.963	1
-67.007	-100.16	68.3204	1
149.281	489.787	658.285	1
-265.847	-352.675	344.18	1
87.372	364.678	1276.53	1
414.108	714.569	-2355.27	1
-82.7182	64.8038	-122.255	1
114.995	-121.08	106.719	1
571.554	245.208	-237.699	1
-43.3698	0.289539	6.05048	1
-200.808	101.531	-570.076	1
295.649	266.642	-345.965	1
-282.624	123.794	642.234	1
-656.659	-555.064	-103.331	1
-493.199	-1350.1	1250.48	1
-108.327	250.758	-47.4643	1
-1074.04	-1934.6	-377.558	1
158.427	-171.491	-60.7567	1
68.3	52.3836	-66.0943	1
-74.4135	33.467	-116.973	1
-86.5803	241.949	-177.589	1
-93.0386	36.5995	-180.056	1
356.224	1292.27	-98.6147	1
-0.741392	4.39789	7.87182	1
213.207	-148.235	33.2657	1
-40.3314	90.6731	-108.614	1
123.25	-54.1554	-69.4713	1
-71.1614	12.0971	-61.6127	1
-147.403	318.897	-574.794	1
112.371	353.43	-454.725	1
-99.9936	-126.807	385.974	1
119.796	-105.505	103.92	1
-12.4242	6.1737	6.0996	1
-137.108	-80.2166	52.6194	1
-53.4344	116.507	-132.945	1
151.313	61.2634	-139.753	1
-6.73993	107.691	-77.7982	1
281.41	-477.31	460.238	1
-1099.62	-366.787	1856.8	1
-221.077	-196.015	114.118	1
-112.679	142.936	145.79	1
347.665	204.792	-138.626	1
-249.812	286.291	-316.182	1
-39.4211	218.789	-9.22832	1
-127.865	136.765	-188.037	1
419.223	1093.69	-664.022	1
783.83	25.9829	-612.125	1
343.829	12.7739	285.672	1
55.0858	38.3313	49.2024	1
-291.083	186.63	432.746	1
-769.192	774.217	-496.575	1
135.143	58.2181	-119.877	1
90.7237	46.4071	48.2477	1
-2700.28	-459.59	-1297.44	1
78.9347	62.9306	-25.0388	1
-39.8607	-537.426	683.619	1
-34.1807	856.748	-104.373	1
7.68209	-66.2065	95.3961	1
-10.881	84.8557	-110.155	1
193.693	-33.6686	-36.8132	1
560.728	814.036	-362.349	1
154.054	438.729	-591.882	1
-649.081	-530.328	-814.117	1
750.524	-1748.48	1780.18	1
204.201	-205.027	-158.074	1
-629.734	315.377	88.2936	1
-24.4124	25.0267	-11.2564	1
88.024	-129.899	-170.631	1
-54.2435	439.342	297.176	1
96.1226	148.797	-347.498	1
170.095	-143.722	53.4647	1
-386.779	-1869.12	1655.82	1
-23.4145	38.4249	35.9986	1
-410.931	575.495	-551.603	1
33.1831	26.4193	46.6106	1
119.397	96.1938	-129.973	1
-45.0266	-127.829	119.39	1
26.5848	16.1478	-24.2814	1
-157.409	390.823	-713.465	1
69.743	-46.4098	-115.557	1
1484.6	-58.3235	-323.964	1
5.43614	50.5009	-179.878	1
718.053	-1491.29	-180.138	1
-46.7523	-135.201	-131.143	1
9.06915	19.1125	36.5626	1
-108.601	147.106	7.71388	1
1130.7	-1007.51	-869.356	1
512.307	-63.2095	-172.687	1
-44.0473	-181.293	89.4074	1
769.621	202.702	-175.348	1
-98.5047	6.43813	-91.1142	1
539.518	68.4159	-19.5683	1
165.943	-100.121	65.6638	1
14.9407	25.0483	-235.291	1
47.7856	14.8877	-48.4909	1
92.8838	49.2725	-118.27	1
89.6513	-110.835	50.4027	1
-61.2359	-4.05084	98.1212	1
175.299	-191.84	212.027	1
-46.7627	-245.278	88.3599	1
-85.115	104.625	-100.052	1
103.662	70.0742	201.67	1
327.774	-112.442	-812.644	1
-772.855	425.231	-4.12368	1
177.596	97.7882	230.59	1
135.317	199.631	-174.152	1
-256.338	-97.647	171.492	1
483.799	-993.508	273.984	1
122.484	-194.043	-29.2543	1
-87.2349	7.81624	53.7576	1
-108.121	-181.616	136.45	1
-10.0303	104.514	19.0731	1
-476.784	-33.6733	103.94	1
270.696	-20.2091	684.115	1
102.084	-50.0494	76.3925	1
102.925	-311.44	91.3152	1
115.118	-10.1224	358.71	1
-21.3974	-60.6407	-95.0987	1
-870.065	2106.83	-207.12	1
231.517	598.845	-146.14	1
56.308	-200.538	-132.45	1
-6.23901	44.7803	-157.156	1
2382.31	1953.5	800.073	1
-62.149	39.095	134.233	1
-684.703	127.29	-378.488	1
-19.588	-886.763	-487.553	1
-145.375	-196.825	-108.442	1
-22.5446	-28.0082	-145.36	1
-372.936	975.51	317.07	1
-148.983	-172.044	3.68341	1
49.4583	-130.651	282.463	1
-115.378	49.6992	-84.5971	1
-497.753	28.0518	79.7594	1
363.477	-63.1374	10.8721	1
-6.61854	126.671	-95.5201	1
-215.565	-63.316	-192.167	1
-2.86211	-150.799	-182.688	1
-970.895	1843.45	825.003	1
28.2102	56.2335	-63.2725	1
39.3034	762.189	400.846	1
-15.5219	-76.5482	15.5712	1
111.765	71.0061	75.2353	1
148.376	-179.793	-128.632	1
708.27	-67.8421	84.4592	1
200.91	19.4244	117.963	1
-171.284	44.2907	28.0699	1
-17.3992	-23.3801	-4.95145	1
-3.01779	-180.246	107.869	1
68.3358	50.3207	40.3248	1
289.7	-115.589	-379.573	1
119.478	-76.1661	-145.421	1
79.3354	-122.422	-20.2321	1
-183.223	191.097	-260.581	1
-258.969	998.608	798.471	1
-308.475	77.4838	85.4114	1
352.002	181.06	-168.468	1
-193.748	167.187	-128.52	1
-178.188	244.822	-63.5695	1
146.029	-310.698	-6.74866	1
234.549	205.174	237.023	1
3047.25	553.942	-424.475	1
-143.653	-221.269	96.0203	1
67.6194	-53.6715	45.3446	1
17.3833	-19.979	2.07233	1
-108.192	25.844	225.21	1
-173.931	-126.356	153.435	1
-55.1745	-7.26088	55.2552	1
-74.1581	-56.1648	-114.494	1
-1.70092	-95.5644	-92.2789	1
-2.24647	3.22578	10.631	1
96.97	-142.801	-12.3513	1
991.552	235.311	1134.34	1
-110.836	-181.799	170.576	1
-87.7019	53.5534	46.0469	1
-115.49	68.3695	14.9942	1
-181.269	83.8081	157.201	1
-419.974	-115.75	-752.296	1
105.105	-144.791	205.11	1
-199.156	295.58	132.05	1
-114.761	-113.784	-100.547	1
198.331	-5.51027	-218.331	1
-93.4445	-100.872	344.564	1
22.8691	39.0637	-233.81	1
393.917	-283.892	-344.826	1
301.848	67.1978	-266.466	1
-61.1568	42.2908	196.698	1
65.5658	-52.8677	46.8301	1
77.6748	239.44	123.646	1
22.9138	23.2131	121.759	1
86.3957	93.9566	142.766	1
4.11696	12.0952	8.74552	1
-72.8893	65.3095	-147.608	1
178.749	-196.646	-401.319	1
622.515	-528.106	-709.378	1
23.554	224.38	-295.241	1
-555.519	382.763	416.333	1
34.9506	-196.236	162.096	1
-79.2186	87.8537	-120.406	1
331.623	-148.035	-311.287	1
87.4154	-175.18	27.5288	1
2.64663	-4.34378	-0.496149	1
358.109	-157.328	208.999	1
-58.6444	-518.957	98.8674	1
1063.36	941.048	-1289.06	1
6.69292	250.186	-163.161	1
143.108	-471.046	397.378	1
327.493	174.342	-486.199	1
113.004	51.5866	18.4334	1
-268.446	168.661	130.139	1
-74.884	-128.28	-45.4348	1
-127.074	-494.982	65.1846	1
131.049	112.937	-357.969	1
-9.00683	30.2688	-28.6776	1
330.724	551.414	-212.791	1
-1315.81	464.98	74.1304	1
-44.7133	83.8371	1083.36	1
71.7591	59.8539	-78.5517	1
53.7457	-91.0922	-7.48785	1
198.009	-317.282	532.585	1
-220.114	-326.943	110.039	1
113.191	135.871	-223.404	1
82.279	50.2089	-10.0838	1
121.15	118.39	1890.44	1
272.649	-289.967	-837.828	1
-198.625	411.402	271.221	1
156.951	-140.322	-147.419	1
69.5099	164.435	16.0566	1
-0.566866	-40.5861	38.7259	1
58.1444	68.0563	138.852	1
150.309	-165.784	-1.52045	1
387.084	-780.855	422.08	1
-1700.04	-264.108	1234.73	1
471.281	-540.767	-481.882	1
718.332	2123.33	-884.986	1
-102.037	19.5087	169.178	1
-9.21934	194.463	-230.529	1
68.2354	-25.2838	-66.6431	1
-175.044	-65.9002	-58.7079	1
287.94	-226.575	-209.025	1
67.5286	-16.0899	85.1587	1
-347.132	793.134	41.1991	1
4.98989	-17.226	-12.3849	1
-118.491	159.435	270.955	1
-764.272	-364.597	-327.909	1
688.983	393.174	816.235	1
21.816	-493.305	40.1286	1
-132.444	-55.0243	-249.847	1
-4.9334	528.885	357.736	1
-66.1309	-289.612	-206.658	1
-97.6595	-53.33	-70.4069	1
-58.0367	-131.643	-187.715	1
331.759	308.783	-53.8245	1
-6.90409	-34.2915	-71.3531	1
171.201	-72.4911	81.5229	1
384.648	303.796	-367.136	1
208.77	158.217	-8.26388	1
82.1049	70.3166	35.9748	1
-32.896	91.4131	-34.5826	1
-164.506	-39.5409	-309.323	1
518.585	-952.404	-266.856	1
-119.526	72.8302	-56.7453	1
473.851	275.78	-186.117	1
-189.446	353.956	-177.822	1
-122.295	-2187.21	-1961.32	1
171.129	-89.4857	-58.4746	1
-29.8706	4.24642	-79.8803	1
362.262	77.7743	-328.401	1
109.716	232.818	439.116	1
-71.7786	30.8937	-167.521	1
216.989	-691.938	-104.631	1
-3.69471	5.83461	8.69856	1
422.271	-176.711	857.642	1
1498.32	-1968.72	-338.951	1
162.136	-42.4054	221.595	1
-2118.67	1176.9	-2230.4	1
14.2533	131.535	115.421	1
227.361	-598.463	-2.73816	1
-118.496	-126.962	92.7295	1
6.35491	-457.972	238.11	1
-114.912	-86.7203	90.1742	1
107.886	-612.099	93.1701	1
21.3716	-72.5926	-59.4693	1
-84.435	-144.361	-82.9014	1
16.9353	58.6324	-12.2036	1
734.099	996.923	83.3995	1
165.322	227.07	-396.82	1
36.7729	33.4606	51.7871	1
-134.68	-118.07	-161.788	1
-75.3143	-90.9672	250.601	1
85.6446	65.1252	-89.3991	1
96.9018	-237.72	-128.743	1
4.93908	-262.585	-84.5851	1
-178.89	-177.882	86.8338	1
-357.868	28.3806	368.28	1
167.981	293.375	-224.024	1
166.237	238.165	-65.5016	1
192.688	59.0826	-127.17	1
411.173	-1460.25	92.0201	1
63.0483	47.9931	-189.383	1
72.868	58.3998	40.3	1
223.05	151.321	46.9959	1
126.169	22.5695	169.327	1
-203.203	-336.833	-311.007	1
-122.317	37.4444	69.4622	1
-76.9111	437.308	-63.1528	1
-2.04481	2.22525	8.62431	1
993.285	225.452	-857.717	1
-358.859	36.0665	6.35975	1
-152.006	-314.664	-499.927	1
152.372	-201.461	-199.368	1
134.771	-93.4799	78.3166	1
-14.6124	34.9995	379.563	1
-157.961	-64.6809	85.0764	1
-86.3234	141.381	175.964	1
36.5828	-185.401	202.902	1
132.917	-577.299	446.031	1
71.7376	-163.003	108.627	1
43.8896	-71.3226	-2.28081	1
-86.0576	-180.613	380.776	1
-425.977	452.079	269.595	1
487.767	-297.156	-604.278	1
-550.046	117.217	129.443	1
-241.32	482.731	-63.0717	1
-246.798	-734.924	-751.202	1
436.158	-281.071	-8.73201	1
-40.8607	3.43223	-202.113	1
13.008	-9.00784	35.9202	1
-444.055	601.995	1906.84	1
135.361	-68.3461	127.349	1
28.7347	-108.627	-119.234	1
145.479	93.7544	-118.373	1
148.785	142.162	168.989	1
-166.261	-94.753	174.028	1
574.561	-235.602	8.35828	1
-175.231	-433.947	35.8813	1
-173.403	48.1054	-297.238	1
161.004	228.835	221.82	1
-7.27223	-81.5984	-412.526	1
-100.243	-88.2129	199.823	1
-335.604	102.153	-108.702	1
-274.156	564.934	657.013	1
123.02	-465.993	-394.616	1
390.816	131.25	2171.2	1
-138.22	-105.509	157.03	1
26.593	44.3984	-151.507	1
192.151	-310.904	-98.5956	1
-89.9361	136.517	-117.719	1
749.747	-61.7307	41.6096	1
200.84	-223.102	21.9839	1
-70.7752	-181.247	155.818	1
-108.931	-75.6548	207.203	1
-280.35	-70.5735	732.576	1
484.613	-153.906	-385.827	1
-262.528	-111.744	233.262	1
-303.361	-317.18	-519.004	1
-193.346	-6.16089	-39.8994	1
1041.44	-379.155	1480.12	1
24.7557	85.513	1150.27	1
-70.1568	-803.958	606.327	1
-103.991	-130.438	-256.378	1
-25.7495	80.283	537.126	1
93.8459	125.466	140.526	1
59.2712	-646.528	17.3277	1
-1180.97	-61.1749	738.525	1
-158.516	10.9181	62.5359	1
152.759	-44.8547	157.485	1
-414.556	498.527	144.74	1
-22.6028	15.7096	82.2321	1
13.6554	23.7979	2.02209	1
-152.883	-205.845	168.96	1
37.6084	-116.455	-69.4103	1
-11.3336	-155.845	29.2237	1
-291.638	30.0487	150.174	1
-331.341	-180.917	-492.647	1
1716.44	-455.067	-641.29	1
-54.0624	-134.392	162.628	1
-1804.56	-228.614	2379.86	1
270.753	-1208.69	-471.511	1
247.534	48.6628	-749.263	1
522.277	263.327	-36.5646	1
18.0077	630.735	-236.448	1
304.023	274.74	-108.007	1
373.666	22.5252	154.974	1
-95.736	267.813	-40.2466	1
-23.9932	93.8859	153.389	1
-307.778	1001	-507.79	1
-51.9352	-155.193	0.935671	1
-80.4222	-421.497	40.9825	1
270.128	-441.873	-375.422	1
285.323	-281.56	-279.779	1
-127.346	61.1143	-161.963	1
1123.99	-964.253	381.638	1
-727.937	-46.4625	655.797	1
196.939	-84.7894	-8.70762	1
-799.49	-503.136	1052.86	1
-292.572	167.911	47.3981	1
-313.977	-210.898	-208.547	1
-105.887	-315.111	-351.513	1
-2504.13	-611.728	-1915.36	1
371.67	-223.359	-153.91	1
-107.573	78.0712	72.6995	1
1554.5	-12.9647	-2357.17	1
109.677	-67.7409	-137.64	1
-0.137267	486.133	5.64578	1
108.859	-15.4177	-202.855	1
-130.327	163.789	280.524	1
-438.365	-663.393	-321.322	1
-91.2441	111.88	-121.966	1
-820.518	86.8865	24.4237	1
-607.198	-842.496	-466.069	1
89.9979	45.6294	-186.129	1
-242.09	-479.015	472.294	1
-56.0465	56.3926	-72.1953	1
-88.2656	-137.864	-289.317	1
180.094	-91.8998	182.024	1
-333.967	129.918	-239.951	1
-118.429	89.9403	-129.75	1
52.7818	1.1178	-224.635	1
-165.926	377.373	537.69	1
192.804	12.0967	-11.4246	1
-110.35	226.825	-282.223	1
36.6187	-39.6382	0.301587	1
-307.222	-101.961	-47.3138	1
-262.553	-93.5084	0.0097804	1
-13.3196	-62.0514	117.603	1
-21.8857	1075.75	36.9121	1
-890.464	209.086	252.487	1
-8.21108	-206.725	-10.2514	1
-438.164	464.394	-397.509	1
-415.717	-277.687	54.9623	1
-238.594	-192.63	57.7034	1
-117.761	412.567	-285.123	1
-182.172	-285.634	-460.091	1
15.6123	-87.2197	92.0485	1
-108.739	42.3397	-224.758	1
-44.4686	7.36919	45.5683	1
9.97157	84.0379	-57.4647	1
-80.1175	-400.406	-41.1161	1
210.94	-19.7845	-193.658	1
-135.395	-554.419	1499.74	1
37.4654	11.1779	-38.965	1
-538.403	-86.266	-332.123	1
-140.651	-379.101	-105.169	1
170.443	-169.988	158.692	1
677.384	707.608	497.34	1
138.922	70.2348	-271.271	1
-139.109	-122.627	-107.384	1
198.27	168.09	138.403	1
-93.6896	41.745	-110.76	1
50.8025	-74.9509	69.7741	1
-122.93	19.6882	-183.392	1
-96.2564	801.343	164.911	1
-288.963	-190.109	158.272	1
86.1303	-61.4699	-101.378	1
504.483	45.5451	445.575	1
1137.73	240.826	296.168	1
635.17	2689.5	-1102.75	1
-124.741	113.609	96.1921	1
-35.0045	-14.3163	24.0938	1
121.346	-208.665	409.137	1
-46.9329	-19.5251	-101.17	1
1650.61	159.748	-2498.15	1
51.7996	-53.9822	-67.8834	1
114.697	-534.876	72.683	1
-322.763	-363.426	-136.762	1
497.918	-178.661	213.491	1
-47.8005	15.5133	28.8575	1
-269.347	-275.452	392.754	1
451.663	254.825	-141.313	1
-172.267	-23.1299	-23.0362	1
-15.2774	-569.037	147.371	1
-111.199	-4.4458	193.864	1
160.339	129.669	-166.3	1
-105.642	339.918	-344.043	1
139.763	-17.8329	-183.616	1
88.6612	-373.242	-181.708	1
-2055.57	-1053.54	2002.29	1
-53.501	47.8156	-40.6864	1
267.47	649.524	-1668.07	1
103.427	341.318	636.028	1
51.5102	-166.475	59.389	1
-38.359	-669.962	-201.823	1
95.8241	94.0699	-181.661	1
-138.121	50.8597	191.502	1
28.2438	-3.24719	105.118	1
572.496	-925.917	-843.338	1
-45.9407	41.1725	169.506	1
-268.452	-181.483	405.489	1
27.6121	-54.9807	49.1651	1
-55.2001	-232.345	44.1235	1
-737.236	-460.125	-711.177	1
-965.078	-127.12	2105.73	1
89.9927	190.441	-660.814	1
616.703	1803.61	-24.1227	1
-665.784	-110.65	-722.351	1
-188.623	293.326	496.734	1
-5.94065	11.4447	37.5987	1
462.484	100.012	-428.233	1
-1006.97	492.169	792.875	1
802.25	719.513	-872.876	1
60.8171	-85.5135	-75.0806	1
277.812	10.6995	-250.815	1
-60.5157	-689.126	-374.066	1
-268.877	-594.115	-875.113	1
-302.346	-1604.5	2432.71	1
808.872	85.1701	614.268	1
433.684	156.476	34.6408	1
-249.821	-25.2905	153.53	1
68.6593	1.06315	227.33	1
-189.913	-508.067	533.311	1
28.0288	93.7268	3.77144	1
151.729	-209.757	-90.6627	1
47.1108	89.3751	-111.044	1
-86.435	65.308	98.9089	1
717.009	760.944	724.441	1
223.189	78.1536	-376.147	1
-39.0273	43.9711	-185.135	1
-208.376	537.6	-342.862	1
-458.022	393.48	86.8465	1
561.806	-492.962	-3.70402	1
-93.0753	-147.855	36.4999	1
36.6932	-102.816	117.124	1
-30.2035	7.94897	48.4156	1
323.89	-90.4575	-361.069	1
219.959	133.192	-935.399	1
-103.662	-65.5908	-187.842	1
128.024	-94.8742	141.161	1
-21.5157	-166.022	-7.5732	1
23.5251	-54.1386	-106.913	1
149.191	-409.023	-323.027	1
-26.1206	-600.646	206.471	1
658.129	672.209	50.1935	1
152.797	-147.463	-34.4815	1
77.4831	-61.8888	1.61606	1
47.0372	190.25	274.809	1
182.695	22.7176	3.14563	1
-321.191	-414.58	256.001	1
182.88	555.499	-8.32278	1
-146.678	-212.918	-76.953	1
-84.8684	-77.2879	38.9311	1
27.8269	-433.593	-465.933	1
365.91	560.255	484.454	1
-535.887	-258.129	-843.966	1
-395.648	-177.768	-242.823	1
-826.413	165.228	465.394	1
-48.9306	66.6602	-13.6608	1
13.9915	-26.4016	20.4945	1
-116.6	-86.439	-77.8947	1
-766.575	1024.2	-1818.27	1
29.3914	66.0985	27.5008	1
388.765	105.457	73.9886	1
-2.22113	309.505	-193.828	1
-174.4	-224.446	1056.8	1
-186.642	-72.7132	-242.074	1
38.45	53.8424	-107.238	1
67.0619	-223.959	-207.279	1
158.743	104.27	-160.983	1
12.5333	24.979	-58.112	1
-137.647	120.206	2.75118	1
6.02768	34.1842	-4.95031	1
-17.2002	5.80105	27.9931	1
106.72	-158.661	211.696	1
48.4991	55.0159	-65.0324	1
68.3992	51.6645	37.2832	1
849.821	-411.488	1174.84	1
5.03789	122.266	90.4539	1
-1520.22	-1559.09	759.043	1
-860.453	264.824	702.102	1
-139.018	156.341	-176.484	1
-40.6516	140.228	-191.293	1
269.614	587.585	380.683	1
158.791	4.32495	-138.203	1
61.2862	-117.142	146.329	1
145.609	125.382	109.715	1
-35.739	132.473	-126.661	1
-67.0106	73.8131	-147.989	1
56.5508	-92.0319	-66.2807	1
336.411	-449.136	542.676	1
-1132.86	1409.55	-1201.78	1
3.38218	14.8818	-13.6557	1
121.29	36.4203	127.363	1
-154.687	273.979	-1553.16	1
133.468	-338.389	-860.535	1
108.884	36.456	79.5437	1
-212.175	120.123	291.259	1
-56.1367	36.2473	104.294	1
-953.432	275.839	747.147	1
1114.08	420.436	13.7975	1
8.60903	-426.336	380.875	1
-434.636	-452.33	-2823.6	1
-346.711	2168.82	22.2025	1
41.3231	-120.235	75.5497	1
22.4821	138.252	-75.9679	1
653.875	807.479	-511.908	1
162.424	100.658	-565.428	1
150.306	57.2118	137.778	1
36.4995	93.1151	65.2678	1
585.016	618.904	122.824	1
-93.9188	60.319	162.561	1
158.389	132.444	83.7747	1
189.156	140.062	-3.12315	1
123.089	420.576	-218.032	1
42.8722	38.4839	-61.3922	1
39.4001	-12.7837	-12.2298	1
-70.2835	-332.484	-315.077	1
-29.6011	92.4744	180.104	1
64.0517	-52.456	105.576	1
-33.5345	-1.59354	-28.1706	1
100.117	367.285	-59.6548	1
79.5028	59.5695	67.1692	1
35.2559	-35.9325	168.239	1
-183.954	-84.2458	289.696	1
105.741	-490.839	43.84	1
684.661	-1805.93	2386.93	1
8.3399	59.849	-250.08	1
979.245	-765.372	-873.333	1
-233.326	69.0059	-311.721	1
37.3866	110.36	-349.68	1
88.6522	73.4015	-369.352	1
-1253.94	-496.476	393.647	1
-7.57325	126.996	202.949	1
-70.0024	61.4009	53.0274	1
202.163	116.954	-200.161	1
-21.2957	-22.9284	25.7045	1
-298.475	-237.107	586.743	1
33.9283	-65.7836	62.7089	1
58.7578	-192.426	-64.6205	1
97.2121	53.1053	-230.441	1
192.048	18.0155	-31.0175	1
-79.8616	-110.22	83.7246	1
65.4327	8.77588	-188.186	1
-429.873	-27.414	-212.449	1
157.26	142.02	-184.237	1
105.263	10.8794	-121.721	1
-106.752	114.239	-105.141	1
1860.14	1145.91	-2002.31	1
59.6881	-451.637	257.708	1
-156.556	580.52	247.808	1
-35.8279	35.7267	-30.0719	1
220.168	317.233	-17.191	1
-214.251	358.735	-120.86	1
-102.421	-15.7737	-50.7695	1
-633.12	79.7245	136.808	1
-389.175	-54.5515	183.221	1
55.7735	-249.114	130.006	1
-134.226	791.12	316.175	1
75.3324	-42.6043	140.79	1
-1039.12	-1141.9	1954.55	1
1954.05	-1700.5	-97.6891	1
34.2785	-1064.28	-152.898	1
-165.112	192.174	14.9739	1
-752.641	-945.623	543.19	1
-629.057	977.652	-78.9415	1
340.366	-25.4827	-279.139	1
90.7538	-105.942	-39.9756	1
-225.091	332.564	-208.943	1
1088.86	1150.18	-746.21	1
-42.6214	-31.6095	154.146	1
56.0055	-14.6866	-276.51	1
-9.86807	-98.7059	-23.8084	1
-157.883	-98.1326	-250.899	1
-0.980734	2.59083	7.33477	1
-98.3467	505.474	-133.693	1
358.345	-1159.97	571.417	1
197.857	-100.967	150.693	1
33.4507	28.3891	21.0713	1
149.153	-181.935	-177.793	1
-92.9986	-197.882	-634.23	1
-45.6373	37.8134	100.709	1
30.7573	-74.0923	-129.436	1
133.838	6.93479	796.103	1
-588.402	-182.68	266.705	1
-678.002	-179.03	582.523	1
-42.3842	103.751	-179.497	1
-150.701	281.987	-367.331	1
432.343	529.27	135.106	1
-40.6612	187.915	-0.716808	1
360.713	1026.75	459.152	1
540.771	387.164	244.435	1
-788.716	-1495.54	715.325	1
-11.7618	29.5351	26.2321	1
-214.289	-177.811	-74.6987	1
31.9028	-196.127	198.994	1
-796.847	328.126	450.043	1
