0	0	0	200
3.86075	2.07753	3.6324	1.59688
4.14659	1.29021	1.84089	1.53646
1.6111	2.71588	2.40959	1.25774
1.95914	2.5536	4.30892	1.83239
3.04285	3.36919	1.06641	1.21394
0.565202	1.47155	1.04893	1.60835
1.12672	2.10378	1.01916	0.217618
4.4957	1.37303	2.55173	1.67822
2.95056	1.68413	3.05021	1.04857
2.47433	4.3911	1.67007	1.54272
2.60698	3.57966	2.10091	1.78306
1.63326	1.90983	3.7309	1.83805
0.779021	4.29731	2.60398	0.172112
1.26886	3.15291	4.06093	0.697786
0.756685	0.580092	2.33081	0.126192
1.45312	4.38254	4.10883	1.70184
1.56666	2.65904	2.00083	1.5205
2.55014	3.1709	2.62643	0.0785607
2.25055	4.22734	4.22324	1.4419
1.63717	3.45414	3.05992	0.708097
3.25145	1.1639	2.26042	1.76015
3.8168	1.82135	1.41587	1.78674
1.90144	3.24668	4.32587	1.17728
3.12922	3.93471	2.25824	1.84794
2.09375	3.75907	3.23687	1.82194
2.42996	1.3633	4.30101	1.84026
1.09064	4.02425	3.06432	0.863907
2.97839	1.62424	3.64401	0.614916
2.28813	1.40443	1.25013	0.552469
2.72578	2.16601	1.17843	1.81361
0.912685	1.0043	2.48178	1.52095
4.43901	4.24002	3.23778	0.766377
3.49908	1.97465	1.67664	0.464523
2.83795	1.47765	1.10956	1.4643
1.0019	3.67388	1.15641	1.49014
0.798119	4.30042	0.710117	1.04313
1.20484	1.46025	3.69119	1.46531
3.12625	4.36962	3.05783	1.51947
0.873922	1.03961	2.58084	0.156464
0.779626	1.31862	2.34568	1.63935
2.79327	3.52232	0.707755	0.315614
4.49997	1.31731	4.05982	0.250937
4.4912	0.71623	3.98216	0.144658
0.516646	4.19228	2.87557	0.360745
1.15253	2.06676	4.15211	1.63939
1.93638	2.70994	2.81772	0.905152
3.24955	0.89856	2.62323	1.51459
1.71718	4.46891	2.80788	1.75523
3.49124	3.01564	0.641684	1.49561
3.83295	4.20151	3.99309	1.66208
4.41774	3.47524	4.11347	1.96719
3.16752	2.48903	1.15587	1.66002
4.05579	0.807979	3.09883	0.496088
3.01792	1.41655	3.30248	0.633734
1.81511	1.42571	0.796644	1.26614
1.39463	3.10453	2.54274	1.94293
1.62017	2.68443	3.37707	0.226561
2.38593	2.87016	4.27727	0.901835
1.8454	3.89074	2.23805	0.00646292
1.87977	2.89393	3.83297	0.467783
3.2019	2.4318	2.42774	0.609911
3.34835	1.23022	2.98729	0.0817286
2.15593	3.28394	3.19575	1.27528
1.88846	1.23849	2.93642	1.25432
3.42292	1.8135	3.46175	0.404426
4.18366	3.23903	3.11252	0.514531
2.62976	0.850574	1.54199	1.75477
3.2445	0.874961	0.945103	0.723202
2.80676	2.87285	3.16623	0.577556
3.60307	1.65352	1.81857	0.379502
4.43745	0.514314	3.80956	0.662958
1.2528	2.24599	4.33455	1.83786
3.55949	3.2963	0.984573	1.37157
2.03533	3.59709	4.27221	1.83255
3.94767	1.31419	3.67463	1.09608
1.68915	4.11973	4.13857	1.74796
2.49258	2.8048	1.15103	0.547822
3.95832	2.4696	2.35465	1.69788
2.48391	1.66421	1.22168	1.36836
3.4102	1.05623	2.91244	0.984843
3.85253	3.39701	1.21283	0.443931
2.4941	0.985035	1.05295	0.720885
1.79923	4.22758	4.13394	1.24419
3.84731	3.77251	2.4843	0.669943
2.07731	3.13532	2.93553	0.517812
1.10492	0.79018	0.931393	1.29441
1.95439	1.65308	1.82554	0.182297
2.20931	4.23798	2.83428	0.530923
3.13499	3.54711	2.44971	0.314544
4.03215	3.00266	2.57086	0.415687
2.73024	2.2048	3.81976	0.788777
1.47731	1.80405	3.41744	1.27731
4.43938	1.85297	4.09024	0.272149
2.14315	0.521634	3.63313	1.54877
1.67471	0.958671	3.96214	1.44201
0.69665	2.29642	4.44587	1.41582
1.34353	2.39558	3.96072	0.187839
0.898237	2.03158	1.70705	1.31424
3.73638	1.02681	0.706033	0.106845
2.33086	3.62347	3.26831	0.88512
0.976445	2.85855	2.81454	1.0598
2.88018	1.94767	1.71714	1.77745
2.40634	1.17928	2.93892	1.05149
2.9757	2.88478	1.43462	1.65962
0.780361	0.89535	4.19491	0.339299
2.42693	1.40196	3.80708	0.581657
1.92877	4.01311	1.877	1.62982
3.13658	0.64531	1.52988	1.55651
3.00386	3.84441	1.73263	0.442019
1.29208	2.94977	0.938931	1.34921
3.62905	3.37785	1.30141	0.802375
1.76263	2.23603	1.42398	0.771496
2.63138	1.1189	2.72159	0.0291587
2.02086	2.02867	1.72163	1.47482
1.54178	3.09864	2.70927	1.83918
3.24395	3.73914	3.29139	0.623901
3.08356	0.524019	2.63184	1.68782
2.97379	3.07077	2.57406	0.801418
1.94862	3.37547	3.70759	1.35562
1.1115	0.631571	0.754242	1.37144
1.25047	2.97583	3.3012	1.13566
0.504502	0.522837	1.72096	0.523141
3.12147	3.93022	1.22464	0.682709
3.16936	4.01604	3.11322	0.626459
4.04006	1.24506	1.12856	1.00692
3.81583	3.20262	4.11668	0.382223
2.07809	3.32427	3.9757	1.09479
3.45584	4.22994	1.43248	1.85315
2.70577	4.23368	2.47763	1.10514
4.25652	3.69858	3.75655	1.18899
3.1288	4.4812	4.24341	0.649083
3.99724	2.85663	3.05108	1.51865
3.60169	3.67964	1.55114	1.20876
2.38226	1.16782	3.68196	1.73017
3.99209	3.15766	2.14993	1.22396
2.8876	3.08241	2.65423	0.296684
2.81609	0.631854	3.30364	1.0363
3.83044	2.5602	0.950592	0.97962
2.5414	0.693999	3.75741	0.769317
3.05063	2.30849	1.07593	0.826156
1.48813	2.12707	0.569826	1.43519
2.79488	3.75179	2.83073	0.893485
2.40945	4.48066	0.734893	0.148521
3.06307	2.88912	1.39041	0.439576
3.02097	4.19405	3.45175	0.925704
2.25425	3.90235	4.31065	1.89782
4.09634	3.56805	1.83428	1.07349
1.37654	2.4102	4.29928	0.932337
4.03727	4.36911	1.23506	0.916078
3.6209	3.56579	4.11913	0.515171
3.54645	4.35402	1.82738	0.804758
2.74314	2.71779	2.98867	0.382055
2.41184	1.94042	3.11552	1.83305
1.34277	2.92617	3.96173	0.219555
1.99422	1.29601	3.08608	1.18538
3.20622	2.88536	0.735442	1.12174
2.75447	1.4705	0.575643	0.687683
0.536294	4.19477	2.90571	1.54137
4.04879	4.23309	1.19226	0.895963
2.45088	3.68093	3.05604	1.93136
1.12135	1.67156	4.02882	0.732056
4.09772	3.49055	2.40322	0.545974
4.28656	0.989303	3.96272	1.24639
3.37467	4.19816	1.23626	0.564568
1.16866	1.31191	3.0045	0.352478
1.00668	1.41021	4.2877	0.0277325
1.1433	0.979957	2.34739	1.29709
4.16088	0.903428	2.95691	0.141114
2.07498	2.48572	2.24634	0.586355
1.47627	4.14956	2.76466	0.381418
0.638865	2.22737	3.75561	1.50677
1.92553	4.49188	0.642666	1.0471
1.30379	3.14717	3.29915	0.655232
4.05737	3.08685	1.86593	0.100336
3.5668	3.71332	3.29485	1.36384
4.11675	1.75176	3.50991	0.595866
3.73748	1.25625	2.86444	0.106879
0.905817	1.1291	1.47659	0.272341
2.85647	0.732209	4.05821	1.891
0.724089	4.20088	2.3762	0.513938
2.84804	1.17535	2.83834	0.952709
3.7622	4.20427	2.60609	1.1645
3.41759	1.40094	1.55669	1.26717
2.6527	0.566602	4.22607	0.695092
1.32286	2.59051	2.10394	0.614337
3.21961	3.08054	2.27336	0.538045
3.31275	1.83157	1.3581	1.51842
1.53245	3.2343	0.56471	1.69025
3.90964	2.90305	1.78591	1.33592
2.60732	3.892	1.50084	0.512456
0.792943	2.55753	4.05925	1.22282
2.62413	3.78532	4.33583	1.47349
1.87584	1.93977	0.675661	0.0477264
0.520305	2.44902	1.67154	1.41652
3.78058	2.52964	2.36988	0.156516
1.26393	2.43459	4.19352	0.0867894
0.837644	1.47943	3.34542	1.22248
0.871434	4.34626	3.96988	0.332188
2.40379	3.52913	3.61002	0.0139602
2.81445	3.44585	3.47491	1.84514
0.885616	3.65057	4.28574	0.202961
1.59959	1.45728	3.73897	0.190086
3.48692	1.60885	1.1932	1.87543
3.54345	0.886726	4.42443	1.69055
1.86616	3.26985	2.32606	0.868796
3.11611	1.79593	2.90197	0.259952
0.82506	2.01199	1.04782	1.31976
0.957836	4.02273	2.8298	0.421726
3.1733	2.61554	1.74937	1.88644
3.57282	0.988345	0.653059	1.02987
2.0972	1.34626	2.3106	0.320324
1.73299	2.23503	0.52174	1.29957
1.00489	2.3478	0.836739	1.5605
3.64373	3.23871	4.14091	1.73439
0.750696	0.68873	2.6083	0.354266
4.21146	0.938098	2.05198	1.19238
3.05364	3.30136	2.65765	0.81323
3.7897	2.81071	4.1862	0.443452
3.65697	1.9968	2.02755	0.194981
3.73184	2.04929	3.48911	1.86836
3.89709	3.82585	3.35773	1.27041
2.56455	2.99863	2.50961	1.15763
3.18736	0.617905	3.52378	1.19941
1.056	1.07577	1.28359	1.55482
3.87713	3.44125	1.2361	1.33341
1.75196	0.922305	4.05373	0.204467
2.41911	1.58128	1.2989	0.575473
3.13057	4.288	1.38767	1.01383
3.61385	4.2454	1.06847	0.589203
2.74403	3.07808	3.99366	0.465696
3.19598	3.01744	3.83022	1.62599
3.5932	0.61381	2.86163	1.23516
3.55506	3.59773	1.63716	0.153507
4.02003	1.19089	1.21595	0.719572
2.27217	2.01484	3.09009	0.201371
1.80285	3.97776	2.9304	0.208348
3.72316	3.49888	2.0951	0.733593
2.07695	1.58876	2.89858	0.13647
4.10619	2.2288	4.02493	1.3497
2.34261	2.38656	1.66973	0.448831
1.48428	2.80688	1.70468	0.25216
3.49777	2.42062	2.44346	0.384972
3.93546	1.03355	1.67269	0.369155
0.511311	4.10309	1.65501	1.61723
3.10196	3.25011	1.20165	0.0894589
4.33887	3.60023	0.951857	1.72253
1.32903	4.47678	2.64446	1.33582
2.36334	3.81419	4.06929	1.42381
2.12107	1.27397	3.85194	0.309421
3.19459	1.79541	1.88879	1.06503
2.32896	3.06147	3.36837	0.920135
2.66456	0.523373	1.57474	0.383261
3.27348	2.27639	1.44544	1.30617
1.37662	1.8973	2.55741	0.852823
1.87408	0.701865	0.87728	1.61871
4.01605	4.44657	2.58504	0.56856
1.22055	1.93699	2.25596	1.70757
3.23239	3.64475	2.04519	0.280676
2.20622	0.913561	2.90162	1.93539
0.936934	3.97636	1.1373	1.60521
1.75275	2.08274	2.32276	1.06468
3.48003	4.38017	4.33501	0.177057
0.582033	0.712293	4.09153	1.79904
0.658868	2.17658	1.2352	0.439707
3.61356	2.99117	0.794551	0.922978
2.13591	2.33975	2.90731	1.67107
2.75331	1.30893	3.71291	1.34512
0.785288	4.3502	2.40066	0.769018
1.93294	4.22342	4.1674	0.206487
4.10359	4.00242	1.26709	1.84281
4.21471	0.85862	3.7837	1.93679
2.5352	0.518906	1.25299	0.574379
3.01007	1.54754	3.49471	0.0729918
3.38729	1.90202	3.98811	0.570298
2.71095	3.20102	4.33084	1.24812
3.05122	2.23149	0.534274	1.99208
1.95491	4.20168	0.897141	0.529248
3.7041	1.66423	1.24411	1.4594
2.02285	0.527817	3.29239	1.77902
0.546723	4.04538	1.2068	1.2784
1.09292	4.20151	3.20278	1.74011
1.60354	2.69089	1.12081	1.65724
1.39191	0.951645	2.31072	1.72157
2.68314	2.345	3.9273	1.81902
2.04668	4.32444	1.19654	0.375386
1.48867	1.94066	4.16958	1.25576
1.96847	2.96196	2.56956	0.757598
2.50734	3.27636	0.571991	1.30013
2.97788	3.27477	2.58047	1.79071
1.46566	3.20128	3.3959	0.928786
3.65293	1.20663	1.80071	0.668032
3.05162	1.22801	1.47411	0.049151
1.05245	2.17065	1.34907	0.770563
3.61131	1.01865	0.552646	0.289892
3.48062	2.62221	2.59498	0.493979
1.39857	2.66697	4.08822	1.68823
1.44174	2.16869	3.45787	0.9537
0.869975	2.35377	4.26497	1.76145
3.06039	1.56568	1.35896	0.556009
2.29369	2.33307	1.71032	1.17307
4.00373	2.5594	4.38727	1.30752
3.07805	4.43992	3.69482	0.779333
2.56213	1.7898	3.04663	1.48035
3.95678	2.63485	2.83715	0.199259
4.30354	1.79502	2.80592	0.086758
3.64879	2.57089	4.19642	0.854591
3.63657	1.05538	3.3212	0.46513
2.88845	0.53152	3.77641	0.946091
2.59092	3.66368	1.00722	0.334482
3.6036	4.20204	2.72763	0.582863
1.49185	1.27426	0.626425	0.224313
3.4091	2.96358	1.34714	1.35632
4.2586	3.65306	3.38616	1.45369
1.72395	3.08258	1.11657	0.180259
3.63796	3.93777	1.79078	0.763205
3.96929	1.06719	3.91859	0.780101
4.23086	4.42581	2.72917	1.41723
4.12786	0.956797	0.500188	0.309853
1.73105	0.626613	1.56833	0.0700779
3.09019	2.41548	3.3528	1.17439
1.56854	2.23896	1.75617	1.14624
0.821536	2.37274	3.15301	1.72975
1.8105	4.44379	1.4859	0.389895
1.01097	0.904495	2.83999	0.120918
0.830308	1.06916	3.5763	1.97908
1.52595	3.57649	1.07787	1.1285
3.7031	2.1462	2.89716	0.896645
4.06168	1.74996	0.642077	0.315109
3.48892	1.89825	3.42271	1.65523
3.77099	2.07571	3.26995	0.290746
2.0195	4.25585	1.86128	1.01523
0.660348	4.20127	2.7723	0.245328
0.770431	1.8486	0.948821	0.648193
0.925087	1.52669	4.05339	1.81409
3.1729	2.45056	1.92147	1.11729
3.70052	2.06355	3.3648	1.09472
3.4618	2.2875	1.9999	1.1164
3.86322	0.769849	3.31428	0.441357
0.525702	0.675565	3.41318	0.0930253
4.37684	1.68549	1.17671	0.0736352
3.03409	1.62553	1.94366	1.47959
2.65222	1.49705	3.08736	0.41256
3.4476	0.508837	3.5597	1.07406
2.07239	2.4245	0.837561	0.267096
4.212	2.33746	3.26698	1.53761
2.60731	2.08126	4.45793	1.06651
2.25683	3.37111	2.81906	0.816834
0.556601	3.49577	2.28094	1.29534
0.621296	3.72459	2.04987	1.13676
0.721643	0.637227	3.59864	1.58462
0.646064	2.65834	1.81737	0.859227
0.582832	2.15493	2.75264	1.89742
3.99239	1.51963	3.37005	0.799847
3.10089	3.32798	4.2327	0.178859
2.19909	2.55177	2.49139	0.877848
1.54753	4.27233	0.846385	0.584415
3.49692	2.39625	3.94235	1.60928
2.53348	3.04098	2.88781	1.08977
1.19932	4.20518	4.39799	0.391076
1.8601	2.65064	1.07699	0.426244
3.67026	3.94703	2.95218	0.885577
2.77502	2.68489	2.62887	1.98706
0.736653	0.62026	2.22981	0.642093
4.39259	2.57619	2.95302	1.44475
4.47244	2.39536	2.60807	1.00296
0.936348	0.995878	0.685461	0.567834
0.701053	0.583456	2.41782	0.780578
2.73409	2.99481	2.91364	0.70218
2.44184	1.36583	3.67551	0.108428
3.55071	1.80439	0.690967	1.64368
1.92465	2.42077	1.07156	0.658617
4.49696	3.52457	0.706741	1.9847
1.41994	2.81481	2.47533	0.678142
3.31069	2.66079	2.99195	1.50587
2.74424	0.909772	1.0729	0.239168
3.40458	3.48654	2.3827	0.423209
4.35237	1.55821	1.56327	1.45154
2.8626	1.75424	2.69045	1.89362
3.67501	3.26201	1.60448	1.58599
2.28658	1.81122	3.64138	1.35326
4.12603	1.61671	0.562797	1.21836
3.7775	3.05475	1.94846	0.760869
3.46452	2.52136	2.50007	0.934548
1.5079	4.38277	3.21551	0.430132
1.44098	4.27879	4.26335	1.65179
1.53303	2.4538	3.59082	0.104021
1.21581	0.695303	3.88002	1.25119
2.00652	3.0214	1.7089	0.566277
4.13811	1.7717	4.06927	1.45781
4.32644	1.51773	0.937349	1.39548
3.53909	2.93742	1.16006	0.0234906
2.82019	3.87557	1.40725	1.63059
3.65436	1.17059	3.06475	0.0936946
3.12439	2.15558	0.89543	1.6701
2.35088	4.27545	2.34259	1.6787
2.79685	3.55149	0.989956	0.967485
0.823181	0.559228	1.35058	0.0748127
1.57696	1.78793	3.44059	0.0580213
4.22535	4.10065	0.663024	1.02277
3.47622	1.57027	1.80672	1.06529
2.24086	4.37147	2.81798	0.182628
2.02705	3.21341	4.20546	1.68896
2.98886	2.04804	3.23533	0.392855
1.09953	3.72529	3.22068	0.461355
3.78452	4.07126	1.57233	0.180736
1.35919	0.512924	0.977515	0.292271
4.11357	1.14054	3.13009	1.2949
2.21081	4.43681	1.22039	1.72584
4.30828	3.53836	4.31693	0.667664
2.25177	4.02239	1.21326	0.120311
1.57043	3.94859	1.52633	0.834979
3.17387	4.24701	3.09267	0.979195
3.81827	4.165	2.81986	0.0887322
4.17793	3.29738	1.26201	1.64575
3.93792	3.89209	2.3813	0.574362
3.8289	3.10168	1.1004	1.56859
2.14005	0.917324	0.972506	1.69591
4.43971	1.68576	4.13243	0.505069
1.13435	1.15877	3.1801	1.65411
0.905782	1.77276	1.76661	1.86203
1.43777	4.08647	4.40152	0.307846
2.88385	1.16353	4.40719	0.910883
0.55562	2.28849	3.47049	1.69226
0.890175	4.07089	3.0217	1.01511
4.48821	3.4942	1.92203	1.96396
0.679964	1.55447	1.43806	0.407156
2.21323	4.11815	0.622535	1.05951
1.39092	1.88915	2.34307	0.914341
1.47562	2.24459	2.94437	1.67974
2.90812	2.85156	1.68124	1.23187
0.640055	0.651728	2.34826	0.265115
4.22261	0.869957	3.06045	1.85541
3.86416	4.48248	4.13874	1.77206
1.53695	1.0768	0.858436	1.37509
0.694954	0.980971	1.3692	0.542936
2.37012	3.21227	3.41455	1.42287
0.956866	1.85893	2.70521	1.43249
4.21049	3.88645	1.82873	1.92527
4.03817	3.67699	0.880778	1.63039
4.04695	3.44123	3.47161	1.45555
3.42371	3.11035	2.95523	1.98033
3.68715	3.31366	3.21084	1.69105
3.79464	4.08004	0.967978	0.582376
2.79231	3.88253	0.51049	1.37459
1.24146	2.7157	2.11416	0.225976
2.10214	3.44289	0.802499	0.570159
2.61988	1.18328	0.901106	0.833412
4.12451	3.87272	1.07793	1.27411
2.48307	3.53316	3.00887	0.585111
2.34682	1.71971	1.05233	0.570729
1.29975	1.52031	2.80621	1.54603
0.902838	2.8167	2.34124	0.572149
1.0324	3.9554	2.09625	1.06727
2.89829	2.39875	3.77486	0.259085
3.08203	4.17597	2.68499	1.10327
3.54869	3.26292	1.25475	0.515877
2.29608	3.76362	2.70198	1.82145
0.983336	3.2543	1.28436	0.641544
4.27461	3.59057	0.875151	0.0887237
1.90728	2.71639	1.82174	0.969839
2.17179	3.41799	0.574223	0.0350396
1.31674	3.84909	1.08825	1.69938
3.52506	3.27324	2.1053	1.03687
2.03617	2.86005	3.6055	1.66612
2.12367	1.80747	3.47515	1.0535
0.561775	4.25951	3.89009	1.91819
3.35009	4.26524	0.513832	0.128683
2.48163	1.83558	2.69704	1.82671
0.753571	2.77127	4.2235	0.535157
2.12035	0.811748	0.969082	0.322706
3.58499	2.57438	3.21915	0.310578
0.93443	2.32465	4.4534	1.02905
3.63212	3.42855	0.665104	1.59695
3.18807	4.0552	3.53028	0.769078
3.82044	3.54411	2.29552	0.651036
0.879692	4.49257	1.45549	0.316632
2.76383	1.17899	2.20358	1.94209
1.49074	2.67266	1.0296	0.0378658
0.747042	3.74875	1.19689	0.340736
1.5734	1.15029	3.23957	0.102763
4.07884	3.40468	3.89942	1.13346
2.95987	2.92971	4.30507	0.890157
1.97382	2.10059	3.58239	0.926756
2.09316	0.537881	2.98678	1.9285
1.21687	0.690353	4.24118	0.853807
2.86301	0.770784	2.28335	1.30503
4.01954	2.98023	3.79153	0.296471
3.63052	2.5311	1.29847	1.35468
1.43578	0.697893	1.47628	1.69782
3.1276	1.28135	1.67596	0.0507099
2.88194	0.75835	2.45493	1.98755
0.796231	0.941708	4.33209	0.506552
1.13206	4.07327	3.22072	1.49754
4.34406	1.00406	2.10513	1.6818
3.4843	1.39665	4.45654	1.05741
3.42775	1.25501	1.32419	1.93176
1.4529	2.30047	3.75918	1.79025
3.08181	0.935141	4.18192	0.481875
1.19349	2.13685	1.43884	0.494861
2.57856	1.27093	2.50283	1.35531
0.844207	1.22354	2.20569	0.0941316
1.72761	3.81082	4.05186	0.105954
0.707476	4.0084	2.82673	1.56761
0.763402	3.65092	3.49876	0.608151
1.45138	2.75794	1.2968	1.7666
3.19308	0.978718	0.996945	1.69328
2.61557	1.93579	0.876291	0.0970635
2.70672	2.87912	3.40475	1.27547
3.60266	1.11044	3.23919	0.165135
4.42126	2.79105	1.04218	0.0643678
2.29945	3.36891	3.76397	1.03142
2.51982	2.76272	3.77915	1.4856
1.02066	0.575952	3.0044	1.60687
1.05467	3.50135	3.10031	1.33512
0.937139	3.4766	3.36436	1.32193
1.85571	2.26911	1.69479	0.229188
2.87955	4.43399	1.28865	1.15041
2.72504	1.83082	2.92955	0.0122439
0.699732	2.19351	2.58734	1.10978
4.45624	1.86649	1.69076	0.238448
1.94244	4.19517	4.19063	0.998555
3.19652	2.79094	1.16735	1.56683
1.76754	4.03171	2.27752	1.31163
1.80082	3.47231	3.58163	1.84019
3.4063	4.37027	2.48119	0.565669
1.7011	0.910733	1.65583	0.700415
2.60424	3.74316	4.12039	1.03024
1.10965	1.31115	3.03738	1.02605
1.00632	2.72801	0.549205	1.60142
1.01895	1.21655	2.83648	0.893243
0.748266	0.614002	0.909738	0.774545
3.58631	3.99136	1.72947	0.996305
3.86164	3.71065	3.62395	0.281368
4.12138	0.779775	2.46357	0.862815
4.02294	2.08395	4.28611	0.0662963
2.8951	2.82349	2.68469	1.45071
1.0515	2.73389	2.60425	0.535223
3.45045	0.940733	3.35693	1.59936
1.05473	3.76667	1.2478	1.82052
3.25803	2.47727	2.13366	1.05984
1.68792	1.25761	3.18241	0.404653
1.53738	1.14597	3.03494	0.28016
2.72993	2.82105	1.19291	0.312513
1.14453	3.3776	4.02644	0.598014
1.61149	2.13069	2.76647	0.0309688
2.57142	1.6234	3.76065	1.31308
0.890074	0.508452	2.7672	1.57405
2.48572	4.40086	1.76778	1.58682
1.15847	4.45019	4.48295	0.847923
1.09616	3.01788	2.75617	1.41304
1.33893	3.44908	3.95111	0.741729
2.32668	3.47756	3.17949	1.46909
1.10825	1.44596	3.50011	1.33984
2.56936	2.76076	1.80583	1.22972
2.76921	4.07304	2.10754	0.127465
3.9739	3.37532	3.92857	0.0661813
3.32551	3.91152	2.32821	1.71084
2.4294	0.584376	2.74776	1.38416
3.53346	2.19888	0.751787	0.430067
1.17644	3.43127	4.2983	0.642343
4.37723	3.29841	4.46436	0.973297
1.55917	1.77019	0.90603	1.66419
1.34323	2.51357	4.08331	0.158561
1.3889	3.51188	0.949485	1.85721
2.9234	2.77769	3.63609	0.176401
2.86207	1.88385	3.62113	0.697763
3.58273	3.87292	2.75566	1.87958
2.80419	2.55396	1.54385	1.09071
1.35238	1.50821	0.628016	0.955773
2.7784	1.03405	1.73993	1.56081
3.04762	1.32324	3.93875	1.71826
4.33512	4.38823	3.65093	1.12926
2.66593	2.78702	3.11132	0.264
4.17087	2.23246	2.42352	1.3768
1.60537	0.679184	3.01276	1.70478
2.73315	4.05662	2.09099	1.54276
1.06483	2.21901	1.49707	1.42161
2.75305	2.737	2.46486	0.400336
3.56023	1.9036	0.737191	1.44768
1.79184	3.88812	1.65387	1.72888
2.17514	4.2652	4.48577	0.673005
1.99765	2.40929	0.599607	1.30151
2.58847	3.11237	2.51259	0.160811
2.66899	4.10358	3.90715	1.36691
1.82259	0.904214	2.07704	1.78782
3.14121	4.0419	0.876309	0.850721
1.4455	1.1135	1.09679	1.11867
0.501622	2.25067	2.19511	0.838381
2.01586	2.18087	3.52277	1.50676
4.09016	3.62238	2.11654	0.839319
2.23475	4.12914	2.50026	1.95187
3.73272	1.90741	3.13755	0.277651
2.31162	0.714589	0.63094	0.226415
4.25648	1.00725	2.65427	0.350992
1.62075	3.25107	3.43932	0.561186
1.00173	1.13443	3.29913	1.0088
2.8153	2.32191	1.53111	0.952733
1.44429	3.14766	4.0841	1.33952
2.77679	2.08436	3.08277	0.754754
3.49177	1.72032	2.56481	0.401694
1.93491	2.69575	1.75622	0.595697
3.203	3.91049	2.39338	1.91188
2.66155	1.3327	1.44612	1.33164
1.96713	4.24526	1.18088	1.89122
2.06717	2.212	2.1879	1.25573
0.859655	1.772	1.69049	1.31822
3.35636	4.27326	0.645955	0.924067
1.49358	2.71077	3.15152	1.21424
0.906519	4.40774	4.11988	1.55476
3.81823	2.01326	3.43327	0.739891
2.84596	4.3794	0.64307	1.90655
4.12466	1.32395	4.09553	0.595911
3.03595	1.78343	4.20327	1.4478
3.05543	1.39376	2.03205	0.705897
1.16702	2.17801	3.75993	0.830301
4.38878	2.41145	0.589092	0.147648
2.31919	4.20898	3.90482	0.568708
1.72224	2.83809	3.1172	1.7841
2.71749	3.26027	3.8813	0.921071
4.08422	3.47683	3.53396	1.06009
0.760254	3.23724	1.51578	1.40784
4.131	3.04783	0.727476	0.149011
0.725843	3.9874	2.45862	0.0573096
1.89885	2.54771	0.909914	1.60902
2.25669	4.31473	0.855454	1.48946
2.65282	3.47265	3.04713	0.185152
2.23292	2.42843	2.71245	0.65857
1.40526	1.74641	3.93731	0.582755
4.48365	0.953095	4.48119	1.80732
3.50093	0.70867	4.41267	1.61339
4.19607	2.37129	3.84139	0.547462
4.41901	4.25131	0.812964	0.837849
4.06604	1.16842	1.15463	0.859427
4.14107	3.70176	2.58916	0.686994
1.63019	0.801604	3.19113	1.01772
2.04801	2.62844	3.70096	0.765831
3.08154	3.68215	1.64631	0.791234
3.89082	1.55898	1.30924	1.54345
3.43027	0.650631	0.681816	1.42464
4.40194	0.99478	1.02498	1.73399
1.6632	1.6796	1.68683	0.402134
0.881363	3.77599	2.67826	0.755776
4.07759	1.36938	4.047	0.562802
3.49783	3.24795	3.15726	0.789683
2.4301	4.30357	3.66183	0.66046
1.36255	4.47107	0.907813	1.89641
0.621705	1.08963	3.1421	0.0118207
1.58441	3.66708	3.99161	1.1238
0.846686	1.17844	3.55187	0.364024
4.45443	1.73013	2.7396	1.76601
2.59951	2.2866	1.15762	0.548671
1.03455	3.81488	3.17671	1.23233
3.61846	2.33854	4.28557	1.99051
2.30962	0.693384	4.27383	0.96566
1.28301	2.91594	2.45496	0.933711
2.08302	1.94657	0.615028	0.964852
2.62502	3.6669	3.15775	1.03972
0.89703	1.39735	2.11146	1.24827
3.18395	2.76908	4.09389	1.60925
2.08396	2.77059	2.18315	0.351209
0.609135	1.96872	1.18343	0.959375
2.1621	0.957263	4.35007	1.22256
3.3732	2.30503	0.812539	0.228109
3.75161	0.927567	2.88592	0.688311
4.09447	1.54367	3.95606	1.99575
2.44103	1.56752	2.98804	0.312488
3.8366	2.58193	4.34347	0.460278
0.852521	2.02662	2.12298	0.230828
3.49534	2.8064	2.88041	0.328724
3.26367	2.73048	3.60257	0.818434
0.535508	3.9151	2.59309	1.64356
4.34267	0.979006	1.16374	1.71857
2.02268	0.619801	3.92864	1.73185
1.68732	2.41668	0.588682	0.261959
4.49861	4.43216	1.94447	0.175564
1.95878	3.56745	1.31278	0.227061
1.87385	3.69319	1.61157	0.0687606
1.92367	0.714134	2.27439	0.729587
4.12924	4.36747	1.24629	1.73595
0.84648	1.91003	3.40905	0.93458
2.02983	2.83769	1.83287	1.35857
0.754365	1.92155	3.74107	0.126486
1.8537	1.18554	1.1041	1.40624
4.25299	1.91688	3.7666	0.563422
1.11007	0.878174	1.76437	1.01687
1.09231	3.53875	3.99291	0.110773
3.40623	0.739199	4.19346	1.62635
2.14922	3.1025	1.62187	1.58953
1.44019	2.95473	2.3962	0.597277
4.37628	1.63726	1.94753	0.614993
2.3228	2.55162	0.542468	0.787897
3.96851	3.80907	3.20264	0.0392891
4.18725	4.467	2.61231	0.139777
3.50576	2.10523	1.0011	0.955992
2.34442	0.694556	1.66469	1.74682
3.29706	2.78656	3.1727	1.86862
1.24129	1.0689	1.4318	0.308787
2.20616	2.87933	2.34756	1.76448
0.930953	2.39003	1.60476	1.94973
1.6991	4.3074	4.47804	0.443174
4.2744	2.59035	1.6659	1.39008
4.19558	2.167	1.19214	0.770002
2.36156	2.35683	1.53365	0.329308
0.643391	4.20635	0.895865	0.442341
0.775254	1.82767	2.00226	0.990709
4.207	3.84982	2.01039	0.0689747
1.73984	3.11515	0.53741	1.21947
2.92255	0.515448	3.82529	1.09848
2.6058	0.991193	1.47711	0.90069
2.65819	2.16925	3.84138	0.00987587
4.02608	0.875036	1.17837	1.83474
0.58139	1.57423	1.05416	0.178322
2.9019	2.55641	2.83806	1.05445
1.90623	4.34845	2.74685	1.32304
2.9636	2.78426	1.58502	0.443072
2.79971	0.910308	3.5831	0.202753
1.4015	0.560204	2.70689	1.52985
2.22945	2.04827	3.57945	0.62777
2.4233	4.25782	1.42501	1.00235
1.33205	1.97917	2.86134	1.61698
4.03558	1.1994	1.84285	0.470906
1.04785	4.0897	4.08788	1.50572
2.37395	1.1729	4.39759	0.0868292
1.58321	3.48069	1.07916	0.992356
3.54089	3.28605	1.54441	0.385173
0.834319	0.623854	2.52588	1.12881
4.38167	3.4509	0.762317	0.35686
0.930069	3.12366	4.44767	1.98283
3.82306	1.79052	1.40747	1.93545
1.38022	0.99535	3.38235	1.37708
1.66825	3.27994	3.42783	1.12573
2.26063	4.00699	0.736174	0.400758
2.79304	1.78058	2.07186	1.31368
1.90443	4.09775	1.38498	0.643052
3.04864	1.6473	2.49982	1.48936
4.27096	2.44749	3.44437	1.54701
3.73801	4.35183	3.46492	0.0591141
0.847182	2.34726	3.3724	0.757717
1.12721	2.30023	4.2669	1.19392
1.80722	0.503071	3.68935	1.80013
1.78365	1.26121	2.72762	1.34404
0.858957	3.61261	4.47419	1.4538
0.759908	2.47401	2.38631	0.0154321
4.42151	1.33068	3.62488	1.57976
1.18251	2.58979	3.77775	0.514847
4.43706	2.65014	3.04513	0.282131
4.45037	2.81203	3.45209	0.628793
2.8151	2.64144	1.35785	1.79937
3.40265	3.58547	2.78683	1.6308
2.69807	2.76102	2.66921	1.22899
0.735035	0.555524	2.98885	0.0782701
1.3862	2.11372	3.81606	0.784358
4.20351	3.0938	3.09841	1.82028
1.24395	1.64354	0.704831	0.347158
3.95556	3.65692	2.4519	0.88533
1.79837	3.30975	1.86941	0.100509
2.39522	4.15624	3.96263	0.0466463
2.41726	2.13184	3.05127	1.07615
2.18736	1.54012	2.80884	1.28678
3.15384	2.12489	0.642283	1.17868
0.718699	3.24069	2.49793	0.481323
4.38423	2.70276	2.15696	1.6699
1.85968	4.10887	1.61045	1.32902
2.91862	2.97986	3.35906	0.156917
2.6361	2.82169	0.907126	0.0266812
4.45353	3.4584	2.70566	0.820444
4.49852	1.0145	0.714453	1.32618
2.63939	0.856736	1.50972	1.17904
3.59743	3.50765	3.82074	1.49083
1.7104	1.4777	2.82146	1.28504
1.08656	3.93191	1.72813	1.50259
2.41177	0.587193	3.81901	0.0239364
2.90888	4.22614	0.601235	1.1812
3.18454	2.80689	0.503297	1.34153
3.32139	0.71775	1.83543	0.48039
1.07449	2.84515	3.81887	1.83596
1.8528	3.1396	3.15357	1.2816
4.1173	1.47503	1.63329	0.101933
0.906941	2.86141	3.70905	1.15936
2.94861	3.02806	2.86659	0.428746
2.7542	2.96782	3.7199	0.469372
1.27472	3.7232	4.12181	1.79805
3.94095	1.45724	1.05689	0.00771657
3.80239	4.37575	4.18735	0.327592
3.01536	2.84092	3.71838	1.06633
3.81595	0.851669	2.83653	1.86145
3.21308	2.04558	2.54161	0.580846
0.573636	0.908193	2.51918	1.16392
3.37601	1.73908	3.76658	1.82537
0.962282	3.38839	3.74684	1.95161
4.34562	4.30372	4.41866	1.57401
4.17947	4.10601	4.30319	1.09742
2.44693	3.52158	0.827494	0.631442
3.87325	3.16402	1.48578	1.04317
0.709597	3.52739	3.74802	0.141617
3.93558	1.76721	3.11107	1.1558
3.00629	2.37765	2.46232	1.48429
1.26604	1.70916	3.3718	0.305834
1.51288	3.29047	4.25968	0.346177
2.89648	4.06287	3.38719	0.171704
3.08445	3.71468	2.10629	0.978848
2.3787	3.09207	0.544028	1.04415
2.11946	3.79205	2.87153	0.527518
1.05926	1.4826	3.86663	1.53277
3.36026	1.82895	2.53412	1.81315
3.03811	1.40592	0.737969	1.7755
4.19639	4.49765	0.743345	1.04643
4.06052	3.63053	2.93627	1.07249
2.84521	0.542566	0.602668	0.111958
3.13464	0.646695	2.81222	0.127047
3.93875	1.18375	1.80913	1.999
2.16635	1.17576	3.56355	0.263307
2.50471	1.59767	0.652915	0.271411
2.50359	0.890884	0.593813	0.84999
0.888532	0.837157	4.29284	1.97453
3.96769	2.72912	2.59402	0.906451
2.77168	2.69669	2.53682	0.453161
2.84339	0.849035	1.66042	0.891066
1.53278	2.96955	2.28013	1.34957
3.6453	1.34368	3.72575	0.575008
2.44135	3.87867	2.19284	1.97247
4.26955	2.28665	2.14492	0.0790421
2.62381	1.93776	0.607137	0.795748
4.16688	2.70116	3.9044	0.969283
0.897851	1.94122	3.34489	1.37062
2.29025	0.505303	1.02337	1.41152
2.97485	2.8035	2.02218	0.810077
3.64718	1.24793	3.27017	0.544266
0.626598	0.963006	1.53347	1.94807
2.74966	3.17839	0.554234	0.186732
0.616158	0.661371	2.46496	1.89152
2.86253	1.86936	2.22161	1.38019
3.31058	1.06649	2.00162	0.300416
1.07179	2.52499	3.92387	1.52332
0.82849	1.44605	1.1668	1.73784
2.19398	3.93697	1.0642	0.910289
4.39997	2.09768	2.21673	1.07481
0.776072	2.27096	3.02309	0.196115
2.43233	0.988053	0.67527	0.147432
2.35741	2.39687	3.55525	0.333996
2.96337	1.05687	1.76882	1.51758
3.08185	1.1927	2.58181	1.45517
2.13875	3.2486	2.88602	1.66636
2.68557	3.45022	1.6533	1.04277
1.0479	3.37003	0.735172	0.411986
1.14099	3.25827	1.7162	1.28666
3.74632	1.89147	3.36819	0.551865
3.78835	2.42344	2.27172	0.875856
2.9803	3.54055	1.28687	0.531078
4.23324	3.36868	4.4725	0.685995
2.11728	2.85852	1.20472	1.90143
1.80874	2.35802	2.3884	0.928318
1.22805	2.62357	3.18061	0.684524
1.38183	4.39681	4.44237	0.0640763
1.78828	3.31056	1.73188	0.288312
1.234	3.50361	2.82834	1.60715
2.54415	3.61521	0.776455	0.888699
2.48389	0.748954	3.64939	1.80059
3.10747	4.35411	3.90403	1.9581
2.21213	1.79243	2.27284	1.22009
3.916	0.953451	4.30923	0.148916
0.850259	4.2516	0.925984	0.819269
3.06217	2.15787	2.71516	1.64808
1.16147	1.0435	3.01047	1.35281
4.15871	3.28692	0.983027	0.821301
3.53587	4.13242	1.74378	0.821672
3.98652	1.14781	2.05955	0.599325
2.44023	3.8324	4.13883	0.678115
4.28585	3.94806	2.15406	0.0680525
3.69967	2.58005	2.27464	0.880917
4.23791	4.48981	1.558	0.199694
1.03331	4.06846	3.60502	0.096008
2.85538	4.08804	2.33462	0.695629
3.72046	3.5784	3.5346	1.35349
4.2262	1.09415	4.40563	0.833219
4.42655	4.04446	3.52267	1.8562
3.49253	1.17673	4.3485	1.0961
3.25678	2.12314	4.45403	1.24734
2.11295	1.51202	3.39408	1.07313
1.08049	2.49909	2.83827	1.46794
2.08714	0.67289	0.827131	0.403797
3.75129	3.86173	4.01457	1.48874
4.45589	3.9202	1.14393	1.94122
3.46467	4.16659	4.09483	0.978597
0.843324	3.94334	0.649386	1.55005
1.56648	0.603412	2.09479	1.33971
1.61544	0.988868	1.32568	0.847963
2.98796	3.66396	1.1318	0.0375487
3.83685	1.45893	1.38269	1.29407
0.820662	0.897266	2.06562	0.138276
4.31747	2.70955	0.65899	1.39107
2.37614	4.25382	1.23933	1.10973
3.69716	1.38872	1.81957	0.13182
1.49213	3.41436	3.44307	1.05378
3.90322	4.26875	4.30349	0.945593
3.43271	0.935291	2.46628	1.13478
1.89422	3.34897	1.35769	0.857441
3.74624	2.92331	2.49143	1.53186
1.13286	2.65042	2.34585	1.2545
2.40425	3.08518	1.22846	0.550704
3.9739	2.54803	1.86505	0.233016
1.46239	0.808115	3.0736	0.182805
0.576869	2.87709	2.7568	1.50479
3.31238	0.723079	1.77914	0.103302
3.57205	2.63682	2.42148	1.15915
1.06013	4.41292	1.882	0.596495
2.56334	3.72785	4.20199	1.98379
2.31303	0.930453	1.56899	0.643468
2.97848	2.93404	2.25297	1.72043
3.24216	0.826567	4.30648	1.40951
3.20366	2.56328	2.32861	0.758022
2.78636	3.60774	2.22265	0.679204
1.74457	4.14413	4.1767	0.902349
4.05705	1.55871	3.49769	0.810195
0.786559	3.19968	2.08798	1.0498
3.63013	3.15697	3.88653	0.804307
1.59101	1.6395	1.54948	1.91659
1.96606	1.35596	3.1522	0.0848613
3.41924	0.980803	2.18577	0.602797
4.08854	3.90841	3.064	0.416555
3.55255	2.74071	3.13781	1.3048
3.79941	2.1355	0.729987	1.79299
0.835176	2.31797	2.18556	1.73265
0.974938	1.57209	1.57392	0.782976
2.71159	2.6234	1.89912	1.83882
3.47937	0.551322	4.34737	0.949303
1.03212	2.03314	3.6042	0.0603349
1.44155	2.1682	1.45378	1.99705
4.40891	4.09159	3.1037	1.60416
1.72709	3.33368	3.29429	0.781132
1.15165	0.979855	1.52757	0.563294
2.05195	2.60149	3.19254	1.88177
0.724893	0.591664	3.94118	1.60213
0.642986	3.78856	1.60286	0.337555
1.3217	0.707065	1.29578	0.881626
2.37527	2.24956	2.25735	0.892089
1.84115	0.861049	1.4925	1.28412
3.69473	4.28679	0.6305	1.92319
0.766647	1.65807	1.47297	0.909297
3.75956	4.16551	2.08213	1.74223
4.25717	1.52331	3.18871	1.95008
0.811872	4.29158	1.07527	0.566784
4.49864	1.87105	3.39682	0.936955
3.62061	1.15417	4.15809	0.230881
1.51522	1.15059	3.53	0.104977
0.937379	3.6605	0.556336	0.352013
0.818568	1.52931	3.02262	1.78906
1.19482	0.604749	3.56258	0.225995
1.62806	2.25129	0.852151	0.719967
2.04287	1.42742	3.0735	0.770755
2.79847	1.97032	3.91542	0.709542
2.6245	3.57351	2.38085	1.56986
4.22409	1.41084	3.84967	0.0807366
0.571342	3.90601	1.3655	0.194955
0.935313	3.88812	4.46804	0.565065
3.99287	3.53062	2.08212	0.310465
1.28191	2.43427	2.56086	1.16239
3.36169	1.13437	4.36629	0.580083
2.60469	3.78171	3.07925	0.114593
2.85522	0.960096	3.8689	1.03966
1.87094	3.21857	2.74079	0.721141
2.62458	3.60629	2.33219	1.27995
2.9944	2.30023	4.19002	0.993636
1.33085	1.77214	3.1082	0.806381
3.70641	1.16907	4.43754	1.03405
1.80344	4.30384	3.72827	1.70406
3.58555	2.30752	4.13731	0.720384
2.76761	3.50622	4.02008	1.81928
2.22479	2.26087	1.58083	1.92468
1.36715	3.41303	2.90926	1.68078
1.21326	2.59928	1.84883	0.772052
3.87142	4.45703	3.65687	1.28891
1.1261	3.59441	1.14593	0.964768
3.39825	4.3742	1.83766	0.991899
2.18172	1.47498	3.92457	1.97466
4.48119	3.44465	4.08788	0.852992
1.20552	1.16871	2.05535	0.786335
4.08174	4.46461	1.43423	0.147498
2.56388	2.78306	2.3391	0.71765
2.74009	1.49597	0.513128	1.4331
0.590379	1.15906	1.29573	1.49431
1.03326	2.63339	1.47242	1.10749
3.60837	0.89699	2.6643	1.54478
3.84164	2.25218	1.29555	0.0235762
2.92089	2.8509	2.11982	1.00132
2.81551	3.05405	2.79763	0.189696
1.33711	0.636731	2.31469	1.5386
1.6327	2.32782	2.4434	0.611539
2.98688	3.23913	0.711706	1.51007
1.37252	1.68413	1.7351	1.99045
2.08112	3.8994	3.57046	0.461379
1.65158	4.36601	1.46991	1.78624
2.71691	3.08973	2.07511	0.266209
1.64378	4.37274	1.41181	0.990448
0.509471	3.2265	1.5581	0.571085
1.05432	3.5015	2.86525	1.5206
2.24063	3.07695	2.56133	1.30657
4.26109	3.79643	3.09404	0.671103
3.19584	2.1645	2.76496	1.92371
2.03051	3.73487	3.91989	1.87371
2.32461	1.495	0.77984	1.48419
1.36774	1.69165	1.44929	0.438606
4.41815	2.50738	2.51938	0.236235
1.50888	0.88463	4.01367	1.37475
3.46158	2.075	1.86266	1.36133
1.37143	4.4567	0.564876	1.78363
2.1212	2.82984	3.91469	1.57586
2.06471	3.33458	3.39914	1.69466
4.32958	3.67898	2.85771	0.348659
0.870628	3.80699	2.07453	0.144389
1.81438	4.09391	1.26125	1.16163
4.47854	0.774916	1.57277	1.47006
2.34991	2.93543	2.16279	1.36067
2.89213	2.22767	2.78862	0.00666445
0.557509	2.2033	3.66504	0.811111
1.03788	2.56418	1.51154	0.183729
1.74316	3.86925	1.56478	0.806894
3.17624	3.13931	2.40257	1.99531
2.73322	3.16381	2.81388	1.10588
3.43873	3.88665	1.65188	0.394322
2.32208	3.31468	4.00999	0.107102
1.04235	2.29861	0.727533	0.299927
4.00191	3.89258	2.72208	0.0198959
5	5	5	200
1.95676	3.73362	0.90725	1.34996
3.10286	1.97203	0.813708	0.639552
0.611331	2.71627	1.76972	1.17227
1.38009	4.0836	1.0563	1.90941
3.47025	2.20818	1.10746	0.396166
1.02286	0.617451	1.50654	0.532602
2.41606	1.73407	2.16506	0.708986
1.12665	4.38713	1.95776	1.0417
3.62075	2.36501	1.28333	0.861806
3.83704	1.59703	3.50272	1.72418
3.81331	0.772442	2.29292	0.0966972
4.35605	2.84922	0.51221	1.41315
0.557402	1.11967	4.11863	0.29013
1.23712	1.12517	2.14546	1.32659
2.35924	3.81052	0.571152	1.24294
3.69765	2.02892	1.06929	1.1592
3.89393	1.85262	0.542016	1.36548
2.94965	3.54473	2.67934	0.88148
3.81718	4.47225	2.45636	1.58661
2.82147	2.46857	2.49952	1.18944
3.08824	2.11816	3.45913	1.66268
2.74333	1.1046	2.47854	0.051283
4.41512	2.54969	3.08845	1.55639
4.0786	3.65775	1.93118	1.48627
1.01037	1.97319	2.2035	1.48001
1.01792	4.38284	1.22298	1.91755
4.35509	3.17933	3.50832	1.08828
1.1479	1.50784	1.05544	1.61807
3.126	4.01458	3.06149	0.434663
0.619174	1.04003	1.47189	0.0171461
3.08972	4.06034	3.64706	1.08416
3.21809	1.07824	1.64085	1.61423
2.55143	3.34435	2.68847	1.28468
3.22719	3.41145	2.90446	1.29114
2.09079	1.91278	1.25885	1.11934
2.92062	1.81429	1.97482	0.523311
1.32887	0.53631	2.41595	0.474021
1.07634	3.38784	1.48233	1.58303
2.94818	0.629399	1.83437	0.583137
1.20764	2.97522	0.894731	1.37954
1.81958	3.08321	1.82843	0.0233852
1.99466	4.23289	3.12906	1.54272
1.64566	3.88791	1.82413	1.78314
1.2022	3.29895	1.11291	0.765534
3.33526	3.02886	2.97911	1.7058
1.9167	3.96144	3.07765	1.93244
4.09084	4.41202	1.53115	0.149241
2.88725	1.92589	3.55755	1.85341
0.509091	0.885981	4.2536	0.751875
0.618867	2.88265	1.0892	0.632266
2.27056	2.41333	1.33082	1.23638
1.21228	1.94373	0.503827	1.77377
4.47258	2.98294	3.45914	0.69464
2.44438	2.03679	1.75416	0.767611
1.94882	2.78531	2.3337	1.91803
4.2112	1.39125	4.04289	1.86014
1.77724	3.79649	1.72404	0.698052
2.17914	2.31323	3.16063	1.72485
4.22656	3.99145	2.42246	0.219421
1.43518	2.42629	4.48638	0.453881
0.909224	3.44553	2.79704	1.1768
0.982321	4.0512	4.38882	0.96557
2.33651	2.22253	2.26721	0.773856
3.11378	1.8101	1.768	1.94551
1.10659	2.99204	1.78712	1.14287
0.805274	4.44775	2.23543	0.0159179
3.93921	4.15789	0.970677	0.187193
2.08418	0.957061	1.78215	0.996702
3.90259	4.07919	0.847007	1.94245
3.63039	0.735831	2.31605	0.483452
2.45836	4.08325	3.01462	0.286069
1.39335	4.28262	0.963155	0.749971
2.77466	2.25028	4.28567	1.28997
2.19803	2.0211	3.11177	0.568618
1.679	3.58245	2.01162	1.38159
4.03951	3.29377	1.25658	1.47105
2.87296	1.60359	3.327	0.751674
1.83942	1.14305	2.97025	1.64889
0.726303	1.48487	4.36991	0.559828
1.26749	0.833068	3.1196	1.52107
2.58334	2.90527	2.12208	1.89069
4.42637	0.733844	1.41861	0.552685
3.81629	2.93023	4.36855	1.4279
1.724	1.12513	2.29789	1.79848
2.22871	1.12489	1.60031	1.53407
1.76794	4.07056	2.86591	0.747122
1.05542	2.73582	3.1139	0.661455
3.06889	1.7335	0.865054	0.326115
4.13877	2.48713	0.933601	1.78257
2.72097	1.85221	1.17051	0.768632
4.28244	1.03906	0.89306	0.503218
1.66419	2.69095	1.10339	1.44645
3.31584	2.2037	2.46103	0.0418909
1.77426	0.826938	2.07803	0.91484
3.06276	0.691926	3.65259	0.565822
1.92542	4.01764	2.28387	0.532096
2.00477	2.71747	1.12933	1.86287
4.06968	1.79984	1.76301	1.67606
2.3389	2.15607	0.858558	1.50154
4.34702	1.46195	2.39599	1.33143
3.16565	4.35702	3.24664	1.96995
0.683957	0.824668	2.26959	1.37336
1.01659	1.42218	4.37836	0.971009
0.93982	2.16223	3.50621	0.972297
4.37971	4.13554	2.17034	1.72469
1.43539	3.43335	3.30151	1.38714
1.08942	3.66007	2.27738	0.218221
0.62202	4.17336	3.5993	1.39384
4.03038	2.34595	3.22758	1.85717
2.67061	0.997161	2.96105	1.3436
1.91934	2.83941	1.12923	0.929578
0.501642	4.13544	4.30375	1.94067
3.77098	1.97409	3.83074	0.103185
0.907442	2.63225	3.48066	0.498432
1.79232	1.25804	1.93331	0.707169
0.931401	1.03261	0.702008	1.98089
2.87856	3.42958	4.17612	0.274585
3.92674	2.63718	3.73638	0.42304
0.976589	4.36561	3.20524	0.239115
4.00105	3.00899	0.859579	1.38601
4.48308	4.19032	3.4784	0.19526
2.32256	2.45906	1.88738	1.55744
3.21709	3.32069	1.02922	1.57425
3.8533	1.23123	3.61028	0.865928
4.16081	3.2864	2.78103	1.54378
1.42358	2.01741	4.43363	0.700084
1.88301	3.13887	2.3784	0.442029
1.64786	2.73798	4.15609	0.565467
2.42829	3.13448	2.02145	1.87543
1.09354	3.40884	3.36574	1.65532
2.22953	3.89496	2.95912	0.541414
0.626184	2.0694	3.31469	1.8935
0.855805	1.59571	3.37455	0.639692
3.11312	3.30818	3.17955	1.99807
1.94705	1.05795	1.38019	1.29745
3.29593	1.03627	4.22584	0.362111
3.67076	1.74729	0.97508	1.88215
0.65613	3.84082	3.57492	0.942829
3.23578	2.03405	3.46849	1.43098
3.60345	2.28317	3.14895	1.72963
3.37889	2.0235	1.23864	0.746002
0.831679	3.91819	1.98814	0.889364
4.47614	2.86833	0.873635	1.38603
3.4046	0.599474	3.99629	1.03768
1.84677	4.47137	2.33965	0.751449
3.81219	1.41458	3.88855	1.02398
2.94862	2.85704	1.40993	0.776038
0.640214	4.05888	1.51133	1.50955
1.58239	2.24997	1.0111	0.707032
1.66816	2.49924	3.69279	0.572153
0.867565	4.06643	4.41638	1.63608
4.1659	3.91267	1.84752	0.506335
3.88404	3.68717	3.01557	1.34812
0.601748	2.40412	1.2442	1.27519
0.761163	2.15413	0.60245	0.200688
1.71302	1.61378	3.92048	1.1477
3.36376	4.43158	4.20947	0.0159602
2.43082	3.40226	1.67623	1.14919
2.96869	1.5926	2.07055	1.06729
1.00527	3.41807	3.64726	1.94466
2.60524	2.16283	3.08554	1.10349
4.06695	3.82975	1.25736	1.91406
1.48388	1.35981	0.729487	1.09845
2.4736	4.14996	0.992296	0.418676
4.08154	0.701763	1.36927	0.756179
3.60402	2.5455	4.31074	0.786355
3.6381	1.88129	4.2073	1.82169
0.799355	3.35456	4.03268	1.2023
1.01739	2.61823	1.11159	0.042167
1.94797	1.86895	4.41244	1.21593
2.72876	0.641931	1.12874	0.101178
4.29189	1.62104	1.53971	1.68672
1.8228	2.40898	1.38579	0.213413
4.45448	1.19653	2.49954	1.54629
2.57782	2.20684	3.23595	1.18859
1.0614	2.76864	1.28177	0.539391
0.886867	1.89335	1.66312	0.91742
3.2623	1.57556	0.766691	0.495531
1.71749	1.39544	1.69342	0.504692
2.51648	2.73313	0.882818	1.66964
0.642107	1.76861	4.26611	0.0482931
2.46514	2.26564	3.68917	0.0214783
3.97248	2.42512	2.92013	0.0169374
0.69376	3.7019	1.61266	0.290313
1.09525	2.77577	2.91547	1.67878
3.85133	3.18216	0.848616	0.284413
4.07759	2.04203	2.07821	0.797035
4.27516	2.46103	1.43335	1.95863
3.72964	1.19946	0.513855	0.597388
2.9651	3.70302	1.73773	0.968789
1.62814	4.15786	2.47145	0.660951
3.35976	3.58411	2.40253	1.72751
1.85988	0.817996	3.31256	0.355608
3.50015	3.66118	1.78004	1.28887
1.20321	3.35825	0.671819	0.239187
1.31928	1.60517	0.895644	0.0244587
2.30463	0.909499	1.74369	0.134863
4.11252	2.98143	2.7073	0.370332
2.63929	0.678756	2.56257	0.499524
3.76287	4.4651	0.954058	0.311374
0.783093	3.76662	1.83397	1.64162
2.9278	3.11401	2.361	1.56551
1.97226	2.53281	4.10939	1.14577
3.63798	0.505031	2.84046	0.471306
0.91453	4.08415	1.71234	0.0135259
2.56558	3.91964	1.26772	0.102434
4.0984	3.33028	1.70391	1.43063
3.29538	2.15797	3.98401	1.53924
1.42459	1.31798	2.86172	1.6762
3.93199	0.722718	2.98341	0.452123
2.75553	2.59279	3.69579	0.696759
2.59782	2.03625	2.83613	1.25618
1.6204	4.04847	3.03941	1.59299
3.46811	3.80712	3.89084	1.28325
2.63741	1.09476	1.92777	0.466394
2.75273	1.41178	0.511262	1.58866
2.22976	2.87298	3.02972	0.580873
3.0957	1.51312	2.56599	0.425618
3.60591	1.76178	2.74475	0.601869
3.29803	1.08088	4.21609	1.95921
0.62935	2.7555	3.6044	1.54873
2.06262	2.99525	2.16396	1.85001
3.59	3.59173	1.13282	0.671367
0.503515	1.14408	1.02006	0.866638
3.51706	3.54978	3.39502	0.806382
0.562898	1.46101	2.964	1.58441
2.72279	1.20875	0.872551	0.51041
1.78964	0.588643	1.43924	0.709493
2.84414	0.543646	1.01645	1.95338
3.03889	2.68041	4.10679	0.814447
1.77214	0.739606	3.47163	0.637829
1.38368	3.99169	3.50893	1.95037
3.04147	2.40395	2.01351	1.30218
3.36497	4.47751	2.27318	0.543881
1.18627	2.64573	2.60858	0.987951
2.73437	3.54783	3.89489	0.289256
3.59147	4.41133	0.985275	0.815182
2.59174	0.592066	3.75926	1.68194
0.831672	2.73089	1.13954	0.607678
2.22258	4.14848	1.6161	0.132021
2.05243	3.12961	3.36841	0.208701
3.10713	1.14158	2.00516	1.6467
3.28731	4.11375	1.76929	0.510839
3.16158	1.16418	2.10019	0.876524
1.07552	2.58547	3.88341	1.33363
2.67753	3.14267	2.53114	1.2546
1.37356	3.17069	4.22456	1.29807
2.81917	1.34066	3.36018	1.9358
3.97028	2.22859	0.789002	1.0387
2.87017	2.29417	1.87079	0.578738
1.90791	3.14008	2.67915	0.0347444
3.80426	4.27935	2.32254	1.93989
2.36481	1.70595	3.04704	0.0211708
4.34862	1.07818	3.05154	0.36109
3.74887	2.7761	3.81832	0.78402
3.61677	2.6785	1.93964	1.29352
4.40708	2.22864	1.16444	1.13863
4.02281	2.53523	3.93473	0.46536
1.17532	2.11388	1.50021	1.98979
1.89323	3.32275	4.35936	1.62902
0.528695	2.9064	3.80038	1.93866
3.48458	2.35192	1.0995	1.11673
0.628029	4.41781	4.30149	1.6224
2.59631	1.74113	2.33184	1.0017
3.46977	2.99628	0.780645	1.24629
1.03151	4.21537	3.9233	0.603414
1.82926	0.923508	1.68641	1.36124
3.74625	1.54577	2.48052	1.63747
3.95217	1.7809	3.65227	1.21837
3.63283	4.25176	1.1702	1.63043
4.16957	0.971691	3.00565	0.882941
2.21282	0.837488	4.26928	0.341296
3.33377	0.549921	3.67517	1.68264
4.26529	3.09847	1.07211	0.547275
3.52198	2.25852	4.31704	1.13412
3.30428	2.29756	2.04318	1.12822
3.57846	1.19545	1.1932	1.10564
0.947206	1.8634	1.97215	0.0583893
2.33509	4.4778	2.38266	1.77395
0.815286	2.15194	0.730501	1.57453
2.20186	3.90567	3.01433	0.733576
2.50414	3.58644	3.0617	0.513059
1.34495	2.87874	3.79435	1.82462
0.676296	1.33753	2.40569	1.62738
2.03298	3.09888	1.96605	0.990091
4.46228	3.43819	2.59696	0.898682
3.41599	4.47962	1.84527	1.61564
2.13156	2.07577	2.88033	1.66671
1.48144	1.39466	1.30057	1.49279
4.4811	3.86227	0.511703	0.413026
2.24101	3.80605	0.975288	0.958652
0.643582	2.88097	1.67206	0.838279
1.47986	3.13811	4.15674	0.471067
2.0763	2.2537	3.2395	0.246148
2.23332	0.584773	4.22357	1.68244
2.16055	2.60391	3.1983	1.321
3.49857	3.99886	2.12758	1.48983
3.36113	2.13928	4.30572	0.301069
1.44533	0.781004	3.01944	0.544456
3.16198	4.1915	3.26547	1.82092
2.82961	2.92221	1.08397	1.95296
0.675911	3.82347	0.898215	0.954617
3.90824	0.62179	1.77411	0.534394
2.72569	4.47241	4.21078	0.612131
3.97127	1.83835	0.703926	1.1662
3.47763	0.509641	3.43454	1.96148
0.790645	1.95399	1.51188	1.47631
1.64549	4.27735	3.09446	1.73755
2.69956	3.67843	3.88102	1.18773
3.00189	4.27924	0.784699	0.955067
4.40103	2.05881	3.47892	1.06336
2.03122	3.1897	3.85098	0.501248
0.528055	4.05491	3.8349	1.50284
4.06455	2.76944	3.42865	1.9276
4.22343	4.44053	3.30782	0.43446
4.21787	1.90227	0.844024	0.958715
1.0807	4.22504	0.792896	1.5413
4.00428	1.0776	1.49273	1.70265
2.63641	4.47165	2.03203	1.83382
3.16135	1.38301	1.17013	1.3447
0.937916	0.505029	2.19509	0.00123263
2.77447	1.12374	4.35766	0.998952
1.06427	3.16548	3.36682	0.141074
0.567749	3.71085	2.69958	0.324224
3.43589	2.99247	4.23104	1.22009
3.57007	1.22377	2.34548	0.603239
1.19541	3.87751	1.37411	1.67838
0.760515	2.04424	2.54617	0.349216
2.04927	4.24126	1.2009	1.91187
0.865001	1.05856	2.32164	0.464637
3.72403	1.18847	1.71142	1.64589
4.39931	3.911	4.44023	1.4176
2.40347	4.17127	1.77538	0.48677
0.895033	3.62086	2.68002	0.545224
2.99837	3.55413	0.94721	1.37944
1.09837	2.99338	3.95731	1.07382
2.73463	0.65821	2.47137	1.29982
1.21677	4.29301	4.02891	1.9704
0.981482	1.24033	3.73258	0.190399
0.651328	3.67281	3.71601	1.0274
3.34407	0.991386	3.52834	1.61955
4.11225	1.70836	0.829556	1.05531
0.762487	1.27677	1.36949	0.430426
3.77014	0.826807	3.50848	0.752387
0.985017	1.47985	0.604409	0.600892
1.27287	4.13332	1.64258	0.627176
0.873648	0.875161	2.13515	0.262488
4.04797	1.35115	3.07978	1.19602
1.84254	2.10812	2.13115	0.477392
3.31648	2.46071	3.5654	1.53948
3.23747	4.43489	4.43982	1.00381
0.761697	3.4483	4.01239	0.373357
4.42815	4.1168	2.4485	0.350512
3.75012	3.59108	2.45537	1.81188
3.96624	4.09052	0.64874	1.5071
0.941677	3.22852	1.90625	0.892108
0.836633	3.5374	3.239	1.57655
1.49811	2.3044	2.73207	1.86779
2.23929	2.67189	2.2432	1.00049
1.62019	1.75559	3.2477	0.524171
1.37238	1.1962	2.24937	0.0612508
4.28728	4.20474	4.24627	1.62676
3.79526	4.39501	2.76773	1.86847
3.12352	4.17398	2.02116	1.48008
3.21138	0.760158	2.61327	1.85474
2.56456	0.845339	3.94507	1.90192
3.01723	1.68827	2.30483	1.81871
2.94385	1.05253	1.18576	1.65812
1.74873	2.93512	3.93874	0.518004
2.63986	3.685	0.789526	0.717563
3.58001	3.05725	1.67207	0.851766
2.73123	3.19322	1.16369	0.471304
3.45338	3.27695	1.1521	0.508969
3.62229	0.597167	1.32178	0.81976
1.78543	3.12661	1.77694	1.86464
3.67914	2.46269	3.54552	0.213937
0.897818	2.98426	1.96388	1.26884
2.16926	2.25341	4.47281	0.374637
0.810661	1.64488	2.95281	1.27094
4.3381	3.61649	3.9845	1.39574
2.39345	0.636595	4.30942	0.507869
0.733762	1.1312	3.15526	0.759597
3.75781	4.43219	1.74848	1.21848
2.39489	0.794001	3.36483	1.14635
3.27826	0.828713	1.33039	0.223763
2.58212	1.30319	1.6968	1.19639
2.44807	4.14961	1.43467	0.893085
3.2661	0.91917	1.07765	0.329774
1.05577	0.887067	2.17529	0.394763
1.51827	0.830545	2.80872	0.138039
0.762738	4.0572	3.21304	1.07881
4.3512	2.07787	0.950331	1.31473
2.40658	1.78072	3.57699	1.99435
2.58391	0.773788	2.88148	0.0159914
4.42339	3.81615	2.31815	1.34475
4.23532	2.8958	3.84904	0.145543
3.28287	1.52433	1.58061	1.90057
1.85488	3.88933	0.577214	0.808807
3.44654	3.29025	4.27524	1.39887
0.868114	0.72557	1.9272	1.13735
2.00629	1.00419	2.76339	1.7951
1.27797	1.14487	4.12218	0.350685
4.46102	1.94033	3.89086	1.84817
4.33614	3.23991	4.48743	1.3095
4.26424	1.56804	2.92014	0.559557
0.957379	2.99735	3.23673	1.70196
1.7876	3.01197	2.70165	0.827858
3.23754	4.12885	4.43041	0.121912
0.633037	2.6938	4.33402	0.455506
3.33867	3.95621	2.11238	1.39985
1.39654	1.50324	2.99604	0.366338
4.24315	2.98347	3.85168	1.7537
4.05152	2.27182	1.1265	0.00444717
0.769174	3.86323	3.91281	0.778388
2.3752	2.11446	3.71249	0.306366
1.74331	3.6429	1.35656	0.688172
1.8367	1.19058	2.78736	0.0876878
0.646785	4.39974	3.47507	0.521662
1.40298	1.97111	2.276	0.323067
4.45458	1.62768	0.653526	1.75305
3.3995	1.28003	4.01499	1.58434
0.643261	3.4278	1.22545	1.00923
1.04226	4.43795	3.13119	0.892784
3.58085	3.98775	3.66191	0.208775
0.678326	1.94927	1.09293	0.162555
1.84901	4.068	1.86844	1.12599
1.53911	3.64444	3.39812	0.496846
0.772118	3.55165	0.999792	1.58581
4.33168	0.514785	2.8403	1.98747
3.44259	3.56575	2.4934	1.74242
3.50369	1.12459	1.77041	1.04227
0.612333	0.932327	3.00209	0.145329
2.3816	3.59502	1.11577	1.6153
3.16302	2.48421	1.98259	1.85106
1.62864	0.880712	1.19582	0.70038
3.93236	1.69561	1.07238	1.63202
1.7104	3.41268	3.73898	0.0764914
2.47843	1.73237	4.13783	0.491059
2.35696	1.40824	3.56666	0.984646
1.84057	2.06875	2.75995	1.61108
1.16377	3.37572	2.95277	1.66339
1.35993	4.43536	3.52891	0.994284
0.816068	4.22473	3.88933	1.87421
1.42034	4.46171	3.51247	1.06537
3.37438	2.75144	2.78372	0.426405
3.98382	2.42155	2.33493	0.670388
3.3298	1.40159	3.81007	0.0851834
2.97034	2.07002	3.89253	1.56706
0.945743	2.3453	2.9609	0.652835
2.28066	1.98981	3.79424	1.04836
1.71455	3.18356	2.34515	1.06745
3.14527	1.35762	0.765634	0.759828
3.60906	3.04936	2.87247	1.29644
0.970912	0.707393	4.43366	1.65035
1.60898	3.74373	3.97107	1.78966
1.31375	3.36361	3.21343	0.629746
1.20891	1.67434	3.06516	1.24478
3.16415	2.3594	1.08629	1.93935
1.04296	2.93144	2.51359	1.59412
3.78906	2.77923	1.20789	1.19906
1.32858	3.58036	1.491	0.649748
3.78775	1.42466	1.1002	0.198366
0.668389	0.571279	4.47605	0.491069
3.43489	3.18949	2.74163	1.8219
4.36382	1.30679	2.63336	1.26399
3.16619	3.21964	2.90667	1.60458
1.65108	0.920264	2.89739	0.220072
3.19949	3.60528	3.33827	1.76404
2.68564	4.32927	1.32757	0.736694
1.25394	1.92778	2.37012	0.461162
1.99905	2.34617	2.40446	0.216971
1.03566	0.646092	0.577735	0.199743
1.45288	2.71109	3.42746	1.80954
1.43073	1.83413	3.32822	1.04091
2.2544	1.72561	3.02196	0.226943
0.83089	1.86023	4.48196	1.25826
1.6895	1.30953	4.48991	0.97172
2.73731	2.36003	3.36576	1.86818
4.20621	1.27023	0.670304	0.120934
1.41632	0.748039	1.14135	0.9346
2.95913	4.06881	1.98827	1.69493
1.40294	0.816494	1.97168	1.32867
2.0421	4.49365	3.61122	0.936497
1.85388	3.59319	0.88952	1.27169
4.40272	0.879434	0.986822	1.07001
2.73947	3.85259	2.37639	0.972836
0.622812	2.54669	2.68754	0.519565
2.79473	3.32889	3.40833	0.376931
2.8977	0.8966	0.643726	1.65032
1.21309	2.11541	2.45798	1.1276
2.10906	1.56921	0.628192	1.48147
0.662395	1.01771	2.00632	0.032556
1.39715	2.49314	2.70514	1.56831
1.84573	0.581525	1.58228	0.734269
2.62822	3.76982	3.00767	0.211474
2.59871	1.916	1.67681	0.248207
2.3126	1.82053	4.29706	1.26285
3.43594	2.25505	1.28089	0.2725
3.32425	1.40908	4.00793	1.49332
1.92679	1.51425	3.55176	1.16197
3.50739	1.7569	1.96055	0.176557
1.83842	3.04283	2.32165	1.73332
2.31265	0.82932	4.38959	1.95568
2.24532	1.5664	0.90778	1.77896
2.88693	0.704841	2.58361	0.661439
2.45989	3.3645	2.36788	0.39207
4.27358	1.87581	4.27079	0.600186
2.89006	3.32255	4.02431	0.698726
0.579448	1.48486	2.25057	0.708936
4.0277	4.07222	1.38451	0.670175
4.40154	1.2741	1.75171	0.823428
2.3405	2.15949	1.70477	0.113716
2.36434	3.78838	2.05031	1.91211
2.65288	3.91819	1.10836	0.963227
1.294	0.87915	3.62683	1.59203
3.7017	3.15114	1.08151	1.64057
4.136	2.83208	1.19902	1.58185
2.4043	2.08353	1.00404	0.902919
2.85763	2.25576	3.95269	0.0990661
3.91525	1.15747	0.925564	0.639794
4.44584	2.47587	1.60381	1.04936
1.89406	2.21217	0.525174	1.09403
2.59132	3.652	1.87212	0.646511
2.30314	2.45363	1.07417	0.719568
0.785713	1.77319	1.10283	1.09501
3.35672	1.60687	4.49585	0.607178
3.36263	3.94854	1.91249	1.13894
0.606009	2.33805	4.05747	0.0259267
4.31393	1.16128	2.65057	0.603994
2.87345	2.67575	3.89605	0.232388
1.82775	1.26817	2.2578	1.56544
3.2218	2.83197	1.07002	1.50376
4.10516	1.67285	1.69752	1.23094
2.77972	1.69337	4.17624	0.571178
1.14192	1.58872	3.92024	0.373962
3.42677	3.47772	1.29978	1.37035
4.139	3.45035	4.44869	1.00623
1.6261	3.84473	2.97723	1.22692
0.612903	0.735029	2.08473	1.41735
3.067	2.65475	2.34222	1.08608
3.82759	3.53974	1.13403	0.803659
0.733115	0.810269	3.24967	0.437515
1.89899	2.66992	2.12295	0.162883
1.64763	2.92273	3.56647	0.393318
1.87308	3.51516	3.29909	1.24959
2.85989	1.77632	1.45302	1.2364
2.01135	3.03775	1.8075	0.0391743
1.1925	3.64971	2.7505	0.0100449
2.68946	3.38454	2.12741	1.21128
3.69481	0.877083	3.7976	0.296899
3.047	1.42055	1.41956	1.84732
3.84329	4.48603	0.98127	0.358184
3.50119	3.78036	3.71555	0.680538
1.05669	0.668573	4.33387	1.03402
3.20632	1.64137	2.64639	1.69941
0.791079	0.896889	3.91891	1.24027
3.78142	1.54632	1.4031	1.23812
1.9234	0.700705	3.57003	1.9852
1.62126	4.48959	4.16503	0.232273
4.47562	0.646304	1.68091	1.4884
3.92667	0.896463	0.837886	1.99168
1.06504	0.671755	2.55139	1.63568
1.81312	0.697775	3.17018	0.8021
1.09466	2.58909	0.584735	1.93804
3.6354	1.48784	2.85232	0.279401
1.68854	1.92235	1.0292	1.1549
1.91194	0.694234	3.27435	0.693781
0.840539	4.45526	0.864371	1.8836
0.851725	1.20226	4.25056	0.45838
1.37401	2.30195	0.688119	1.09357
2.49972	3.3583	4.29133	1.29719
1.44738	4.37607	2.97047	0.0413927
1.36391	1.32279	1.14159	1.02623
2.74514	1.67079	0.862256	1.82854
1.86502	3.63661	1.54464	0.85278
3.59187	1.90902	1.97277	1.7218
2.61127	1.72332	0.860353	1.49264
3.52527	1.04847	1.67242	0.512495
3.90677	1.46375	4.11938	0.177076
1.33982	2.58985	0.936937	0.851864
3.41265	1.57852	4.25618	0.578894
2.74931	0.618437	1.31487	1.80717
3.75504	2.35951	1.8199	1.17345
3.76853	3.29266	2.2905	0.6899
0.515984	2.65085	0.865085	1.52063
3.19933	2.0375	0.566243	1.05305
3.00125	4.18562	2.96025	1.67054
2.27547	3.39718	1.5448	0.344058
4.47571	1.30098	2.3459	1.11251
1.41942	3.16077	2.33935	0.0872308
1.02029	3.65925	3.02137	1.89441
2.45191	0.811873	1.66862	0.983947
2.96273	2.0337	1.50915	0.581027
3.5712	1.57539	3.76815	0.786229
1.26101	2.2284	1.41353	1.26824
1.12558	2.45833	3.72459	0.300645
3.25931	1.5705	3.32631	1.83937
4.23127	1.16566	4.3532	0.125779
4.32491	2.87457	0.540372	0.888413
3.18644	1.70899	4.24472	0.574583
3.24269	1.25387	2.81122	0.906946
2.32926	2.07937	3.88635	1.29513
3.80776	0.79988	1.62675	1.96667
2.75821	0.851341	1.03463	0.508763
1.92184	3.86094	1.19626	0.576555
0.526609	1.04946	1.90467	1.92576
3.42402	1.94504	2.12835	0.805231
3.15403	1.87307	3.25963	0.698358
2.62694	1.57085	3.71061	1.9781
3.15022	3.09696	3.04646	0.978991
3.39684	4.17321	2.39133	0.577524
0.524551	2.92596	2.67258	0.723195
2.2869	3.36884	3.0995	0.906757
3.91829	0.504167	2.16504	1.17116
1.94921	3.79339	4.45278	0.0516172
1.16646	3.21241	1.99995	1.3967
4.28325	1.21056	3.24959	1.21674
3.80751	1.79606	0.891452	1.10218
1.46927	2.78278	3.8594	0.496909
1.20874	2.03197	2.94021	1.24782
0.900811	1.53971	0.809157	1.90955
1.54387	2.47419	2.66142	1.24654
1.76758	2.6142	3.09631	0.967019
1.3266	0.596265	1.22743	0.304927
1.30682	3.97703	3.54332	0.0571682
1.27308	3.93478	2.81869	0.871175
2.21755	2.17809	3.23617	1.21315
3.71006	1.67638	1.42194	1.80544
2.71608	1.73109	3.92997	1.62998
3.70529	2.09139	2.25304	0.236435
4.20559	0.849352	2.90691	0.266094
0.945616	3.63434	1.64204	0.626219
3.11137	0.685368	1.86678	1.69223
4.12014	4.18546	1.6268	0.66885
1.86355	4.36297	4.26399	0.286803
1.53935	1.18593	0.684476	1.62772
2.41702	4.11445	3.01539	0.561156
1.70584	0.768425	2.09518	0.455714
1.11778	0.50209	1.94362	0.531696
3.63643	3.08566	2.81583	0.8739
3.27103	4.18261	1.63225	1.19559
3.86807	2.75906	4.22887	0.365807
2.62203	3.99287	1.80522	1.58069
0.678795	1.9897	2.91681	1.04791
1.60415	1.43219	3.71813	1.15499
1.70062	1.31331	3.72142	0.909197
1.3154	1.16503	3.38179	1.97592
3.75069	1.69762	2.19963	1.01086
1.38022	3.33189	0.912896	0.124146
1.59094	0.641769	1.47991	1.60648
4.13463	2.78513	2.87434	1.90672
4.27483	1.29115	2.40925	0.439486
2.22334	1.62738	3.68896	1.46198
2.44069	2.91038	1.24236	1.37805
3.57541	4.12414	3.20793	1.16305
1.32176	0.907563	0.847826	0.850993
3.73945	1.26072	2.45028	0.165196
1.40249	3.43019	4.04336	0.268563
1.71532	2.41771	0.850557	0.49507
3.20886	2.75981	2.36911	0.216101
3.88719	1.55807	3.85616	0.663939
3.96845	0.598521	0.583972	1.27193
4.22266	3.2919	1.36996	0.272214
3.69946	1.71779	2.74641	1.21946
2.47851	0.696693	3.26931	1.4405
3.62688	2.81267	3.91813	0.171098
0.730375	4.26868	1.83234	1.46962
2.52849	3.70145	3.87143	0.707837
0.759522	3.2276	3.24355	1.86399
3.32612	3.32752	2.77183	1.27439
2.11942	3.64179	3.59321	0.409443
0.859578	1.83963	3.7578	1.16904
2.03632	2.52711	1.71909	0.331599
0.839774	1.13722	1.50539	0.285074
0.905902	2.83773	4.00938	1.2172
2.03918	3.38081	4.35007	0.89935
2.10841	3.09362	2.02667	0.217266
1.92114	4.2985	3.48332	1.52028
3.44029	2.57653	4.35945	1.64993
3.91615	3.61725	2.13796	0.476236
1.64436	3.35705	2.11567	0.742065
3.99427	3.12106	2.55428	1.95008
1.45879	2.06366	2.83456	1.24899
0.944475	2.68463	0.796674	1.02644
1.27824	2.32335	2.98742	1.09969
2.12185	1.97074	1.73995	0.281069
4.04726	1.5994	4.36201	1.48171
0.716652	1.99997	4.41589	0.680504
0.857013	2.03156	3.34514	1.92564
0.65262	1.39942	4.25145	0.555707
2.96308	2.586	4.10939	1.45378
0.770629	4.40606	1.46044	0.524436
2.22941	3.94786	3.74826	1.67563
1.41859	0.988207	4.41339	0.232929
2.08761	4.2754	3.92927	0.90213
1.77536	3.84516	3.66527	0.816187
1.37672	2.51041	1.98365	0.514668
3.40983	1.7351	2.64075	0.686451
3.8211	2.25014	0.780455	1.79586
2.1562	1.74089	1.1406	1.6928
1.18875	4.38886	3.23686	0.803674
0.877066	3.15025	2.57321	0.982337
2.92564	2.00248	4.26893	1.8505
1.34764	3.4342	1.83338	0.862177
1.44461	3.31703	3.25369	1.92722
0.552125	1.39444	1.72734	1.68661
3.14458	2.00779	3.46496	0.150388
3.24869	4.10556	4.18638	1.71872
3.99442	2.92324	1.54479	1.93574
1.57348	3.618	2.33616	1.74956
1.12047	2.10509	3.70012	0.734056
1.03929	1.0335	3.69246	0.741951
3.85053	2.44615	1.83834	1.70133
3.34059	3.06568	3.27588	0.742585
0.573468	2.24083	2.28595	1.41108
1.84639	1.97232	2.7596	0.420404
4.39556	3.80439	1.21229	0.484521
2.92238	3.04845	0.968165	1.52143
0.653537	4.16829	1.01097	0.346415
0.70179	4.20343	2.67673	1.77616
2.14959	4.01507	3.45497	0.24509
2.58074	2.23085	2.47535	1.07711
3.97168	4.2613	1.47637	0.409038
1.73362	3.73596	2.15888	0.564591
3.04035	2.87117	2.59822	0.481366
1.41962	3.06639	0.505589	0.536578
2.73468	1.01656	2.26599	1.21823
0.719991	4.44272	2.48879	0.934789
3.95779	1.44376	2.85976	0.769266
3.17461	0.835108	4.19274	1.07314
0.596403	1.16911	3.46437	0.665011
4.40508	1.12325	2.9592	1.22271
3.49442	1.05743	3.90816	1.95702
3.62382	3.91375	1.4872	0.679246
4.43031	3.25318	4.29496	0.0751479
3.1959	2.28374	2.51987	1.07684
3.2275	0.879631	4.19222	0.701054
1.21474	3.88497	4.0484	0.405571
0.554076	3.01276	2.64116	1.97958
3.63601	1.10037	2.90458	1.06522
1.65779	2.31273	2.54447	0.140805
1.72648	3.53167	2.1401	0.578394
2.28486	1.93506	1.80708	0.24038
3.71881	3.82696	3.13445	0.973154
4.20659	2.82667	3.84842	0.210663
2.21164	3.39681	1.73247	0.882856
1.90957	3.87363	2.22486	0.272792
4.474	0.629441	3.17602	0.565898
2.44218	1.22049	1.91341	1.58433
4.25217	3.55351	0.825445	0.768512
0.98857	2.13253	2.51778	1.85369
1.45948	1.15223	2.15369	0.333036
3.47891	1.5021	1.5874	0.345271
4.39891	2.81987	2.95625	0.654244
2.1935	0.681118	2.35407	0.83375
0.810559	1.03009	3.29929	1.12637
1.75058	0.7127	1.92139	0.501374
3.76621	2.24684	3.03977	1.87739
3.87937	1.05756	3.96216	0.169426
1.70979	1.61584	1.50492	0.0943483
2.61794	2.59232	1.37924	1.00843
0.912191	3.83549	3.82534	1.05285
4.01661	1.67942	4.27319	1.91359
2.20951	3.07248	2.57991	1.48004
3.28519	4.0013	4.46284	1.0257
1.74814	3.00261	2.30617	0.313752
3.56017	1.76833	1.46635	0.134978
2.88417	2.47128	0.958653	0.251056
0.563602	1.83789	3.01897	0.237897
1.17338	2.34432	3.08148	0.0949976
3.52373	2.85467	0.517166	0.36662
1.42716	2.59707	4.19333	1.85617
2.09837	4.15617	2.26374	1.42325
2.65877	4.06991	3.97401	0.60947
1.33824	0.940365	1.9889	1.6112
2.91164	2.44755	4.22452	1.23762
3.78544	2.74349	3.45104	1.97941
0.587803	2.03252	0.648821	1.55577
4.3872	0.665987	4.34477	0.407178
2.76306	4.0381	1.0267	1.93071
3.69427	2.79044	3.20793	0.676521
2.36035	2.68194	3.07198	1.34929
3.12231	0.560879	2.42099	0.516977
2.50843	2.14551	4.0092	0.646935
4.38899	2.96024	1.7527	1.9884
4.49276	1.90152	3.58833	1.93998
2.0675	3.43311	1.19432	1.91528
2.97121	1.72102	4.19199	0.832739
4.01146	2.89992	3.51852	0.685901
1.08187	2.0905	0.570385	1.60209
2.15138	2.49137	0.738129	1.8299
4.13688	4.24733	1.45368	1.76294
2.70757	2.70637	4.00267	1.10016
4.10789	3.091	2.58029	0.587697
2.02411	3.27461	1.50596	1.99766
4.49562	1.19794	2.1608	1.75354
3.59787	1.17932	1.37888	1.83987
2.76982	1.44927	3.38391	1.9606
3.44064	3.62204	4.08101	1.28876
3.36937	1.03469	2.60339	0.538466
3.24106	2.10606	3.77726	1.17448
0.697065	1.85755	4.02435	0.860587
0.632158	1.0303	2.21649	0.0638905
1.72825	3.87729	4.13486	0.163056
0.556604	1.01374	0.505843	1.16321
1.96301	3.38975	2.74762	0.201824
2.51179	2.32863	3.48117	0.440577
2.86331	1.58456	2.45809	0.552188
3.19062	1.73535	3.95333	1.44384
3.0929	3.47767	1.10886	1.36253
4.00798	2.82535	3.35284	0.368111
2.20264	2.9877	1.56233	0.879622
3.50144	1.56818	0.585666	0.232225
4.45793	2.83329	1.3681	0.984858
0.661913	4.34927	3.35087	1.26261
1.43383	1.30895	4.1296	1.81222
2.5443	3.58293	3.01213	0.318602
2.5606	3.62099	3.86226	0.78429
1.94635	2.7151	2.8048	1.57449
1.2028	3.86714	1.40823	1.85212
0.935312	1.4939	0.66869	0.196619
3.82718	1.53679	2.86295	1.74455
1.38605	1.71382	2.51432	0.90994
2.52278	2.14392	1.94433	0.0335407
1.22685	4.45646	1.20429	1.39373
3.57746	0.566547	0.856039	0.261901
2.78165	3.16084	4.17279	1.49222
2.52798	1.08102	3.18869	1.23164
2.07491	3.35738	3.35653	0.451048
4.39417	1.71948	0.89119	0.390111
2.9333	2.90551	3.1001	0.228041
0.549436	0.54443	1.02316	0.388145
0.500893	1.72745	4.06375	1.53917
1.794	4.41979	4.10215	1.78782
3.08063	3.77494	3.06009	0.304303
4.35596	1.74878	3.57189	0.715436
0.606155	2.42842	2.83297	0.000160766
3.6479	3.22416	1.28054	0.790604
1.62967	3.88065	2.53729	0.589553
3.92508	3.06045	2.4554	1.71298
4.2879	2.01915	3.00432	0.540948
1.93893	2.60647	1.15754	0.0097814
1.88141	3.71763	1.12817	0.618684
0.966406	4.20006	3.16824	0.28628
2.12849	1.50121	1.07288	0.388195
4.22537	1.85343	2.8576	0.427517
1.23407	0.894887	2.53414	0.0795727
3.45534	4.48954	4.08511	1.37162
2.00868	2.58943	4.32514	1.47381
0.695901	0.982677	3.46718	0.788655
4.20031	4.09535	3.31468	0.0833556
3.79541	1.98292	1.23927	0.461948
2.98413	1.81215	2.20029	1.10475
3.16558	0.557884	3.56453	1.69982
0.952771	1.59867	4.05879	1.70406
1.5882	3.64391	2.65135	1.29844
1.73334	2.47649	2.0445	0.71462
2.95917	1.01168	3.50655	1.07974
0.607024	2.32123	2.82618	1.70122
3.80415	3.56546	0.826332	0.894138
0.877609	2.52662	4.49777	1.52159
2.5845	3.56229	2.94284	1.26864
0.660961	2.50163	2.44538	0.624582
1.64554	0.596735	4.34605	1.18944
2.57322	1.89055	4.30812	0.266196
2.40223	3.31467	3.19186	1.00462
1.1359	1.51805	1.91168	1.97002
0.583502	2.23802	2.22832	0.230556
4.26463	2.22609	4.0043	0.924567
1.28838	2.44714	0.886407	0.474673
4.44877	2.83179	2.69851	0.547154
2.92852	2.54456	3.97319	0.250875
3.93511	3.78131	1.53414	0.668665
2.59597	4.226	3.84658	1.36594
1.24405	1.25826	3.17192	0.413776
2.99628	0.900242	1.78866	1.13046
2.62633	1.29296	0.610046	1.45736
3.2401	0.996453	4.36406	1.34443
3.32824	2.56257	4.28317	0.628384
0.60713	3.75636	2.25852	1.77112
3.03767	3.29266	1.37957	0.31682
3.01866	0.726147	3.86551	1.63136
1.48441	2.53743	0.590265	1.74034
2.93768	1.87893	2.2416	0.282004
2.67189	2.35165	3.97873	0.455996
2.8481	3.84279	4.10086	0.588172
1.90536	3.88404	2.93311	0.756245
3.1404	0.691629	1.55473	0.589031
3.48429	2.43429	2.3117	0.751474
2.66044	1.67722	1.26566	1.57243
3.71465	1.35593	3.12554	0.826162
2.73486	0.867139	2.71633	0.203374
2.71879	2.19506	1.81874	0.283443
1.53785	1.4196	2.24323	1.2216
0.803637	0.67634	4.4557	1.47202
0.867969	1.51042	0.622095	1.67613
3.44472	2.4338	1.35521	0.552578
3.61101	2.12087	0.750007	1.16283
2.97679	3.37555	4.47799	0.355824
3.74269	2.69432	1.6184	0.730735
4.38938	2.93714	2.52836	0.463612
3.85674	4.27158	3.87043	1.83019
4.44792	3.82613	3.10441	0.157947
0.836547	3.2265	4.16815	1.64063
1.1603	1.02336	0.886419	1.88566
2.64422	1.13643	2.59697	0.310507
4.01197	2.57496	1.83266	1.37733
0.76928	2.95106	0.716127	0.0793288
1.3882	2.74448	1.58588	0.122467
2.51607	0.956311	4.40531	0.981996
4.28244	3.00972	2.77989	0.0594915
1.73623	2.44804	3.90025	0.948263
2.97139	4.28666	2.16784	0.307808
0.92309	4.26482	1.73663	1.96753
2.33978	3.06929	3.18972	1.05453
1.52035	3.40584	2.76771	0.954272
1.65033	3.85359	2.65348	1.5832
4.30991	2.55879	1.63039	1.79617
1.06851	3.91027	4.21132	0.902367
1.85831	3.61157	4.20126	1.91485
3.39823	1.8691	0.945321	1.66066
1.63392	2.18195	3.75638	1.48685
0.751241	2.4461	1.58275	0.635795
1.35195	3.85046	3.68013	1.00114
3.20406	1.83361	1.66867	1.25698
3.8924	2.79905	2.6063	1.98046
2.20933	2.31763	2.26565	1.53382
1.4292	1.96691	3.39735	1.91371
3.33601	3.84267	3.64875	1.98496
1.52462	2.90514	3.44362	0.63793
0.851239	0.526365	3.04745	0.601592
3.87683	2.22758	3.70546	1.04044
3.56119	0.874123	1.09484	1.2268
3.17318	3.20115	2.91451	0.191253
1.01877	0.680152	3.95015	0.723984
2.14706	2.84749	1.7754	0.241534
2.19016	0.924151	0.952993	1.35739
3.32929	3.89661	4.49064	1.59026
3.92298	3.03809	0.883711	1.3999
0.765671	4.08917	1.38069	1.66343
4.46329	1.97553	2.28046	1.31823
0.676677	0.694966	3.51897	0.347725
0.875118	2.96912	2.64342	1.01109
1.31662	3.91881	3.00525	1.25339
4.34297	3.45824	1.72156	1.33613
2.85485	1.7122	2.35278	0.888912
4.25029	2.73649	1.07763	0.00797862
2.32566	1.95831	3.84282	0.894474
3.43384	1.62328	0.925414	1.55526
1.81825	3.94439	4.30597	0.846683
2.41351	2.44939	4.21554	1.36506
1.8682	2.72079	1.7369	0.605584
1.67903	2.95846	4.38342	1.76694
4.17066	2.2362	1.8117	1.71047
4.47269	2.38933	3.9369	0.899175
3.84764	3.27972	4.0873	1.14074
4.40301	0.512712	1.89201	0.610626
3.9571	1.69798	3.41462	0.685305
3.64737	3.13016	0.600733	0.257784
1.35095	1.83764	2.22674	1.01499
4.2961	2.11016	2.06385	1.73338
3.84636	3.37555	3.3877	1.65953
1.26487	2.8246	1.6174	0.0562572
1.60432	1.2047	2.894	0.503665
1.21741	4.28601	2.72858	0.0872571
1.48398	1.6432	2.04512	0.0656741
4.27336	2.14586	1.14692	0.312154
3.48349	2.87365	3.15428	1.38979
4.48381	0.718131	2.74634	1.66509
3.59368	1.63404	3.14922	1.92928
3.95864	4.26663	4.47107	0.281483
0.97133	2.86507	2.0703	0.594372
2.65107	4.29888	1.86326	1.56753
1.44208	3.40838	3.7664	0.35772
1.05424	4.41332	1.83975	1.76887
2.78697	4.49403	2.81732	1.13539
0.712162	1.06366	2.10095	1.65292
2.1977	0.750179	3.66439	0.578171
0.516808	3.63546	2.21931	0.244069
2.00052	3.7896	2.17688	1.8258
3.58848	3.54014	3.28665	0.0152801
2.44852	2.55305	1.246	1.25138
2.46637	2.58575	2.54049	0.12667
2.57978	0.857812	3.02412	1.14597
1.42147	0.625078	2.09778	1.30959
0.875257	1.26217	4.27552	0.196032
4.39763	1.99483	1.3802	0.699079
1.28443	3.05709	1.54975	1.93646
2.09723	4.3364	4.40347	1.77288
2.38945	1.14947	2.54851	1.92791
3.23522	0.589005	0.609164	0.407499
0.946817	3.13329	3.60694	0.684145
3.25837	1.20472	4.48746	1.56681
1.9669	4.26298	4.02569	0.682265
1.75781	0.90589	3.26269	1.02112
3.46298	4.31244	2.41514	0.280101
4.14884	2.31862	0.605952	0.769149
2.96809	2.65446	1.89412	0.601652
2.74347	2.00328	2.5183	1.34514
0.636572	1.62524	0.558575	1.44747
2.32997	0.546039	2.52856	1.64843
4.30902	2.05425	1.16139	0.533412
2.46014	3.92408	3.60906	0.461556
3.73652	1.5242	1.98331	1.44268
3.34282	2.08927	0.923663	0.655452
4.24373	2.31778	3.01421	0.9936
3.82107	1.03251	1.17749	1.72882
2.15776	1.23606	2.85258	1.74386
1.2821	0.881139	3.28458	0.29556
2.43539	3.94598	2.15795	1.94776
3.37006	1.267	1.31864	1.05329
2.29121	2.80195	1.49195	0.317014
4.39122	1.91561	2.44493	1.81748
3.73339	0.959142	2.12215	1.27723
1.49166	2.79964	2.5121	1.32471
3.5357	0.86468	2.63713	1.9089
1.24582	1.42172	0.908921	1.3406
0.867696	2.56687	3.07673	1.61888
3.33387	3.89537	1.84433	0.31254
2.19732	2.83628	1.75911	0.79427
4.25189	3.70404	1.72349	1.49264
4.16318	3.34564	2.03974	0.327419
1.64528	4.05184	3.80425	0.0904908
